1721415163049 0.0 0
1721415173095 7.3 1
1721415183148 17.8 2
1721415193232 17.8 3
1721415203290 17.3 4
1721415213337 16.8 5
1721415223377 14.5 6
1721415233435 14.5 7
1721415243505 17.8 8
1721415253578 14.7 9
1721415263660 17.1 10
1721415273768 22.0 11
1721415283930 22.0 12
1721415294045 19.0 13
1721415304158 19.3 14
1721415314292 20.9 15
1721415324412 22.9 16
1721415334511 16.7 17
1721415344606 28.0 18
1721415354686 16.9 19
1721415364831 16.8 20
1721415374890 12.8 21
1721415384959 25.6 22
1721415395017 18.7 23
1721415405073 21.2 24
1721415415134 17.2 25
1721415425210 17.8 26
1721415435291 31.2 27
1721415445364 28.9 28
1721415455415 19.5 29
1721415465477 21.1 30
1721415475551 21.1 31
1721415485618 18.7 32
1721415495672 21.1 33
1721415505740 21.3 34
1721415515793 23.3 35
1721415525851 18.9 36
1721415535910 20.1 37
