1721415163049 131946.8 0
1721415173095 131947.1 1
1721415183148 131947.2 2
1721415193232 131947.2 3
1721415203290 131947.2 4
1721415213337 131947.1 5
1721415223377 131947.2 6
1721415233435 131946.6 7
1721415243505 131946.6 8
1721415253578 131946.6 9
1721415263660 131946.6 10
1721415273768 131951.9 11
1721415283930 131952.7 12
1721415294045 131952.4 13
1721415304158 131953.5 14
1721415314292 131955.6 15
1721415324412 131956.1 16
1721415334511 131954.0 17
1721415344606 131957.6 18
1721415354686 131957.3 19
1721415364831 131957.3 20
1721415374890 131960.7 21
1721415384959 131960.7 22
1721415395017 131960.7 23
1721415405073 131960.6 24
1721415415134 131961.5 25
1721415425210 131961.7 26
1721415435291 131962.7 27
1721415445364 131962.7 28
1721415455415 131962.7 29
1721415465477 131962.9 30
1721415475551 131962.9 31
1721415485618 131962.9 32
1721415495672 131963.0 33
1721415505740 131963.0 34
1721415515793 131963.0 35
1721415525851 131963.0 36
1721415535910 131963.0 37
