1721415163049 12.9 0
1721415173095 12.9 1
1721415183148 12.9 2
1721415193232 12.9 3
1721415203290 12.9 4
1721415213337 12.9 5
1721415223377 12.9 6
1721415233435 12.9 7
1721415243505 12.9 8
1721415253578 12.9 9
1721415263660 12.9 10
1721415273768 12.9 11
1721415283930 12.9 12
1721415294045 12.9 13
1721415304158 12.9 14
1721415314292 12.9 15
1721415324412 12.9 16
1721415334511 12.9 17
1721415344606 12.9 18
1721415354686 12.9 19
1721415364831 12.9 20
1721415374890 12.9 21
1721415384959 12.9 22
1721415395017 12.9 23
1721415405073 12.9 24
1721415415134 12.9 25
1721415425210 12.9 26
1721415435291 12.9 27
1721415445364 12.9 28
1721415455415 12.9 29
1721415465477 12.9 30
1721415475551 12.9 31
1721415485618 12.9 32
1721415495672 12.9 33
1721415505740 12.9 34
1721415515793 12.9 35
1721415525851 12.9 36
1721415535910 12.9 37
