1721415163049 891446.8 0
1721415173095 891446.5 1
1721415183148 891446.4 2
1721415193232 891446.4 3
1721415203290 891446.4 4
1721415213337 891446.5 5
1721415223377 891446.4 6
1721415233435 891447.0 7
1721415243505 891447.0 8
1721415253578 891447.0 9
1721415263660 891447.0 10
1721415273768 891441.8 11
1721415283930 891440.9 12
1721415294045 891441.2 13
1721415304158 891440.1 14
1721415314292 891438.0 15
1721415324412 891437.5 16
1721415334511 891439.6 17
1721415344606 891436.0 18
1721415354686 891436.3 19
1721415364831 891436.3 20
1721415374890 891433.0 21
1721415384959 891433.0 22
1721415395017 891432.9 23
1721415405073 891433.0 24
1721415415134 891432.1 25
1721415425210 891431.9 26
1721415435291 891430.9 27
1721415445364 891430.9 28
1721415455415 891430.9 29
1721415465477 891430.7 30
1721415475551 891430.7 31
1721415485618 891430.7 32
1721415495672 891430.6 33
1721415505740 891430.6 34
1721415515793 891430.6 35
1721415525851 891430.7 36
1721415535910 891430.7 37
