1721415163049 0.0 0
1721415173095 0.01579299999999506 1
1721415183148 0.024616999999999223 2
1721415193232 0.03169899999999615 3
1721415203290 0.033394000000001256 4
1721415213337 0.07117799999999619 5
1721415223377 0.08734400000000164 6
1721415233435 0.0876039999999989 7
1721415243505 0.09461599999999493 8
1721415253578 0.09566799999999631 9
1721415263660 0.09718499999999608 10
1721415273768 0.28356499999999585 11
1721415283930 0.42240299999999564 12
1721415294045 0.4309499999999957 13
1721415304158 0.4729290000000006 14
1721415314292 0.4947599999999994 15
1721415324412 0.5732539999999986 16
1721415334511 0.6436509999999984 17
1721415344606 0.905898999999998 18
1721415354686 0.9349330000000009 19
1721415364831 0.9516599999999968 20
1721415374890 0.9528150000000011 21
1721415384959 0.9627929999999978 22
1721415395017 1.0082200000000014 23
1721415405073 1.0450859999999977 24
1721415415134 1.0569479999999984 25
1721415425210 1.085678999999999 26
1721415435291 1.2043800000000005 27
1721415445364 1.2953589999999977 28
1721415455415 1.334260999999998 29
1721415465477 1.3539659999999998 30
1721415475551 1.3899029999999968 31
1721415485618 1.4005349999999979 32
1721415495672 1.417082999999998 33
1721415505740 1.4351190000000003 34
1721415515793 1.4713649999999987 35
1721415525851 1.4823069999999987 36
1721415535910 1.5032289999999975 37
