1721415163049 0.0 0
1721415173095 0.006681000000000381 1
1721415183148 0.015012999999996168 2
1721415193232 0.017523999999994544 3
1721415203290 0.019648000000003663 4
1721415213337 0.05992700000000184 5
1721415223377 0.07039000000000328 6
1721415233435 0.07183299999999804 7
1721415243505 0.08660999999999319 8
1721415253578 0.08961299999999994 9
1721415263660 0.09157100000000185 10
1721415273768 1.337808999999993 11
1721415283930 2.1941379999999953 12
1721415294045 2.2035709999999966 13
1721415304158 2.438597999999999 14
1721415314292 2.453333999999998 15
1721415324412 2.687653999999995 16
1721415334511 2.783214000000001 17
1721415344606 6.414811999999998 18
1721415354686 6.457837999999995 19
1721415364831 6.477739 20
1721415374890 6.480108000000001 21
1721415384959 6.493923999999993 22
1721415395017 6.546359999999993 23
1721415405073 6.565426000000002 24
1721415415134 6.5915509999999955 25
1721415425210 6.609439999999992 26
1721415435291 6.618754999999993 27
1721415445364 6.641369999999995 28
1721415455415 6.689142000000004 29
1721415465477 6.710576000000003 30
1721415475551 6.721091000000001 31
1721415485618 6.7314659999999975 32
1721415495672 6.734994999999998 33
1721415505740 6.743340000000003 34
1721415515793 6.765597 35
1721415525851 6.776601999999997 36
1721415535910 6.791859000000002 37
