1721415163049 11735.2 0
1721415173095 11961.8 1
1721415183148 12365.9 2
1721415193232 12222.7 3
1721415203290 12196.1 4
1721415213337 12179.0 5
1721415223377 12253.9 6
1721415233435 12512.4 7
1721415243505 12344.4 8
1721415253578 12460.8 9
1721415263660 12420.7 10
1721415273768 12371.5 11
1721415283930 12945.6 12
1721415294045 12538.9 13
1721415304158 12587.7 14
1721415314292 12563.8 15
1721415324412 12668.8 16
1721415334511 12776.7 17
1721415344606 12921.6 18
1721415354686 12579.5 19
1721415364831 12549.0 20
1721415374890 12347.7 21
1721415384959 12304.7 22
1721415395017 12471.1 23
1721415405073 12330.7 24
1721415415134 12591.0 25
1721415425210 12284.2 26
1721415435291 12391.2 27
1721415445364 12676.3 28
1721415455415 12768.3 29
1721415465477 12463.4 30
1721415475551 12766.8 31
1721415485618 12908.7 32
1721415495672 12606.0 33
1721415505740 12601.9 34
1721415515793 12687.4 35
1721415525851 12696.2 36
1721415535910 12671.3 37
