1721415163049 34.5 0
1721415173095 35.2 1
1721415183148 36.3 2
1721415193232 35.9 3
1721415203290 35.8 4
1721415213337 35.8 5
1721415223377 36.0 6
1721415233435 36.8 7
1721415243505 36.3 8
1721415253578 36.6 9
1721415263660 36.5 10
1721415273768 36.4 11
1721415283930 38.0 12
1721415294045 36.8 13
1721415304158 37.0 14
1721415314292 36.9 15
1721415324412 37.2 16
1721415334511 37.5 17
1721415344606 38.0 18
1721415354686 37.0 19
1721415364831 36.9 20
1721415374890 36.3 21
1721415384959 36.2 22
1721415395017 36.6 23
1721415405073 36.2 24
1721415415134 37.0 25
1721415425210 36.1 26
1721415435291 36.4 27
1721415445364 37.3 28
1721415455415 37.5 29
1721415465477 36.6 30
1721415475551 37.5 31
1721415485618 37.9 32
1721415495672 37.0 33
1721415505740 37.0 34
1721415515793 37.3 35
1721415525851 37.3 36
1721415535910 37.2 37
