1723041494382 0.0001889999999988845 0
1723041504649 0.06029900000000055 1
1723041514730 0.06615700000000047 2
1723041524802 0.06856699999999805 3
1723041534877 0.08304199999999895 4
1723041544948 0.08390800000000098 5
1723041555033 0.08707000000000065 6
1723041565119 0.09321699999999922 7
1723041575197 0.09369200000000077 8
1723041585264 0.09468199999999882 9
1723041595346 0.11574500000000043 10
1723041605412 0.1313430000000011 11
1723041615468 0.14484399999999908 12
1723041625581 0.15523100000000056 13
1723041635678 0.16896999999999807 14
1723041645770 0.21972200000000086 15
