1723041494382 0.0 0
1723041504649 0.07166199999999989 1
1723041514730 0.2395549999999993 2
1723041524802 0.24127999999999972 3
1723041534877 0.2573699999999981 4
1723041544948 0.26020799999999866 5
1723041555033 0.2648529999999987 6
1723041565119 0.2717199999999984 7
1723041575197 0.2721759999999982 8
1723041585264 0.27344499999999883 9
1723041595346 0.37682399999999916 10
1723041605412 0.46903399999999706 11
1723041615468 0.5448019999999971 12
1723041625581 0.5664459999999991 13
1723041635678 0.5927509999999998 14
1723041645770 0.7993419999999993 15
