1752261799762 0.0 0
1752261809863 0.07104600000002392 1
1752261819946 0.14861499999994976 2
1752261830098 0.17984599999999773 3
1752261840192 0.306528999999955 4
1752261850288 0.35287700000003497 5
1752261860378 0.4032280000000128 6
1752261870505 0.41933700000004137 7
1752261880676 0.45023700000001554 8
1752261890763 0.4819589999999607 9
1752261900854 0.5030850000000555 10
1752261910941 0.523243999999977 11
1752261921060 0.5962110000000393 12
1752261931226 0.6075779999999895 13
1752261941350 0.6329970000000458 14
1752261951454 0.6717720000000327 15
1752261961607 0.7306720000000269 16
1752261971771 0.7975639999999657 17
