1752261799762 0.0 0
1752261809863 0.08188999999998714 1
1752261819946 0.15177499999998645 2
1752261830098 0.4069189999999594 3
1752261840192 0.5325199999999768 4
1752261850288 0.5798919999999725 5
1752261860378 0.6274839999999813 6
1752261870505 0.6499509999999873 7
1752261880676 0.6812939999999799 8
1752261890763 0.7139879999999721 9
1752261900854 0.7310919999999896 10
1752261910941 0.7592689999999607 11
1752261921060 0.8184109999999691 12
1752261931226 0.8276039999999512 13
1752261941350 0.8474529999999731 14
1752261951454 0.8753059999999664 15
1752261961607 0.9450489999999832 16
1752261971771 1.0036739999999895 17
