1752674445556 0.0 0
1752674455674 17.5 1
1752674465890 53.8 2
1752674476009 52.7 3
1752674486156 46.3 4
1752674496323 50.0 5
1752674506487 48.3 6
1752674516648 49.2 7
1752674526848 49.9 8
1752674536992 47.5 9
1752674547126 45.7 10
1752674557241 46.7 11
1752674567452 50.4 12
1752674577580 52.3 13
1752674587758 42.3 14
1752674598002 67.5 15
1752674608147 53.4 16
1752674618234 51.8 17
1752674628400 47.1 18
1752674638518 48.2 19
1752674648683 49.4 20
1752674658824 49.4 21
1752674668988 51.2 22
1752674679168 54.4 23
1752674689383 47.8 24
1752674699500 52.4 25
1752674709635 46.7 26
1752674719764 50.3 27
1752674729887 49.5 28
1752674740021 47.4 29
1752674750219 48.7 30
1752674760339 50.8 31
1752674770506 49.1 32
1752674780642 49.4 33
1752674790779 44.4 34
1752674800948 41.3 35
1752674811052 58.7 36
1752674821167 48.7 37
1752674831256 46.9 38
1752674841352 49.9 39
1752674851573 48.8 40
1752674861712 48.1 41
1752674871811 45.9 42
1752674881973 45.4 43
1752674892074 45.5 44
1752674902177 46.8 45
1752674912348 47.6 46
1752674922488 48.3 47
1752674932584 48.3 48
1752674942688 46.7 49
1752674952849 46.2 50
1752674963067 49.2 51
1752674973350 62.6 52
1752674983480 59.2 53
1752674993751 53.5 54
1752675003987 53.3 55
1752675014146 44.9 56
1752675024238 43.9 57
1752675034422 42.3 58
1752675044539 41.5 59
1752675054723 42.6 60
1752675064897 43.8 61
1752675074993 45.9 62
1752675085276 42.9 63
1752675095369 44.0 64
1752675105524 43.2 65
1752675115669 43.9 66
1752675125791 44.9 67
