1752674445556 25.6 0
1752674455674 25.6 1
1752674465890 25.6 2
1752674476009 25.6 3
1752674486156 25.6 4
1752674496323 25.6 5
1752674506487 25.6 6
1752674516648 25.6 7
1752674526848 25.6 8
1752674536992 25.6 9
1752674547126 25.6 10
1752674557241 25.6 11
1752674567452 25.6 12
1752674577580 25.6 13
1752674587758 25.6 14
1752674598002 25.6 15
1752674608147 25.6 16
1752674618234 25.6 17
1752674628400 25.6 18
1752674638518 25.6 19
1752674648683 25.6 20
1752674658824 25.6 21
1752674668988 25.6 22
1752674679168 25.6 23
1752674689383 25.6 24
1752674699500 25.6 25
1752674709635 25.6 26
1752674719764 25.6 27
1752674729887 25.6 28
1752674740021 25.6 29
1752674750219 25.6 30
1752674760339 25.6 31
1752674770506 25.6 32
1752674780642 25.6 33
1752674790779 25.6 34
1752674800948 25.6 35
1752674811052 25.6 36
1752674821167 25.6 37
1752674831256 25.6 38
1752674841352 25.6 39
1752674851573 25.6 40
1752674861712 25.6 41
1752674871811 25.6 42
1752674881973 25.6 43
1752674892074 25.6 44
1752674902177 25.6 45
1752674912348 25.6 46
1752674922488 25.6 47
1752674932584 25.6 48
1752674942688 25.6 49
1752674952849 25.6 50
1752674963067 25.6 51
1752674973350 25.6 52
1752674983480 25.6 53
1752674993751 25.6 54
1752675003987 25.6 55
1752675014146 25.6 56
1752675024238 25.6 57
1752675034422 25.6 58
1752675044539 25.6 59
1752675054723 25.6 60
1752675064897 25.6 61
1752675074993 25.6 62
1752675085276 25.6 63
1752675095369 25.6 64
1752675105524 25.6 65
1752675115669 25.6 66
1752675125791 25.6 67
