1752674445556 761744.2 0
1752674455674 761743.1 1
1752674465890 761742.9 2
1752674476009 761743.1 3
1752674486156 761742.8 4
1752674496323 761742.6 5
1752674506487 761742.5 6
1752674516648 761742.3 7
1752674526848 761742.0 8
1752674536992 761742.1 9
1752674547126 761742.0 10
1752674557241 761741.8 11
1752674567452 761741.6 12
1752674577580 761738.6 13
1752674587758 761738.5 14
1752674598002 761738.3 15
1752674608147 761738.1 16
1752674618234 761737.9 17
1752674628400 761737.7 18
1752674638518 761737.3 19
1752674648683 761737.2 20
1752674658824 761736.9 21
1752674668988 761736.7 22
1752674679168 761736.0 23
1752674689383 761735.8 24
1752674699500 761735.7 25
1752674709635 761735.4 26
1752674719764 761735.3 27
1752674729887 761735.1 28
1752674740021 761735.2 29
1752674750219 761734.8 30
1752674760339 761734.6 31
1752674770506 761734.4 32
1752674780642 761734.1 33
1752674790779 761733.9 34
1752674800948 761733.8 35
1752674811052 761733.7 36
1752674821167 761733.5 37
1752674831256 761733.2 38
1752674841352 761733.1 39
1752674851573 761733.0 40
1752674861712 761732.7 41
1752674871811 761732.5 42
1752674881973 761732.2 43
1752674892074 761732.0 44
1752674902177 761731.8 45
1752674912348 761731.7 46
1752674922488 761731.6 47
1752674932584 761731.3 48
1752674942688 761731.5 49
1752674952849 761731.3 50
1752674963067 761731.1 51
1752674973350 761730.7 52
1752674983480 761730.5 53
1752674993751 761730.5 54
1752675003987 761730.2 55
1752675014146 761731.6 56
1752675024238 761731.4 57
1752675034422 761731.3 58
1752675044539 761731.0 59
1752675054723 761731.0 60
1752675064897 761730.8 61
1752675074993 761730.6 62
1752675085276 761730.3 63
1752675095369 761729.9 64
1752675105524 761729.8 65
1752675115669 761729.7 66
1752675125791 761729.5 67
