1752674445556 261649.4 0
1752674455674 261650.5 1
1752674465890 261650.7 2
1752674476009 261650.5 3
1752674486156 261650.8 4
1752674496323 261651.0 5
1752674506487 261651.1 6
1752674516648 261651.3 7
1752674526848 261651.6 8
1752674536992 261651.5 9
1752674547126 261651.6 10
1752674557241 261651.8 11
1752674567452 261652.1 12
1752674577580 261655.0 13
1752674587758 261655.1 14
1752674598002 261655.4 15
1752674608147 261655.5 16
1752674618234 261655.7 17
1752674628400 261655.9 18
1752674638518 261656.3 19
1752674648683 261656.5 20
1752674658824 261656.7 21
1752674668988 261656.9 22
1752674679168 261657.6 23
1752674689383 261657.8 24
1752674699500 261658.0 25
1752674709635 261658.2 26
1752674719764 261658.4 27
1752674729887 261658.5 28
1752674740021 261658.5 29
1752674750219 261658.9 30
1752674760339 261659.0 31
1752674770506 261659.2 32
1752674780642 261659.5 33
1752674790779 261659.7 34
1752674800948 261659.8 35
1752674811052 261660.0 36
1752674821167 261660.1 37
1752674831256 261660.4 38
1752674841352 261660.5 39
1752674851573 261660.7 40
1752674861712 261660.9 41
1752674871811 261661.1 42
1752674881973 261661.5 43
1752674892074 261661.6 44
1752674902177 261661.8 45
1752674912348 261661.9 46
1752674922488 261662.0 47
1752674932584 261662.3 48
1752674942688 261662.1 49
1752674952849 261662.3 50
1752674963067 261662.5 51
1752674973350 261662.9 52
1752674983480 261663.1 53
1752674993751 261663.1 54
1752675003987 261663.4 55
1752675014146 261662.0 56
1752675024238 261662.3 57
1752675034422 261662.4 58
1752675044539 261662.6 59
1752675054723 261662.6 60
1752675064897 261662.8 61
1752675074993 261663.0 62
1752675085276 261663.3 63
1752675095369 261663.7 64
1752675105524 261663.8 65
1752675115669 261663.9 66
1752675125791 261664.1 67
