1752674445556 0.0 0
1752674455674 0.09516999999999953 1
1752674465890 0.14860000000000007 2
1752674476009 0.15490199999999987 3
1752674486156 0.16537699999999944 4
1752674496323 0.1787890000000001 5
1752674506487 0.2122679999999999 6
1752674516648 0.2184379999999999 7
1752674526848 0.23829399999999978 8
1752674536992 0.244313 9
1752674547126 0.2472979999999998 10
1752674557241 0.27612399999999937 11
1752674567452 0.300573 12
1752674577580 0.33916900000000005 13
1752674587758 0.3513099999999998 14
1752674598002 0.42149899999999985 15
1752674608147 0.4679399999999996 16
1752674618234 0.48522 17
1752674628400 0.5077999999999996 18
1752674638518 0.5132729999999999 19
1752674648683 0.5211699999999997 20
1752674658824 0.5256379999999998 21
1752674668988 0.5351319999999999 22
1752674679168 0.5570619999999993 23
1752674689383 0.6403849999999993 24
1752674699500 0.6593209999999994 25
1752674709635 0.6717909999999998 26
1752674719764 0.6770719999999999 27
1752674729887 0.6808559999999995 28
1752674740021 0.6937959999999999 29
1752674750219 0.7134580000000001 30
1752674760339 0.7179199999999994 31
1752674770506 0.735538 32
1752674780642 0.7475290000000001 33
1752674790779 0.8227569999999993 34
1752674800948 0.836163 35
1752674811052 0.863518 36
1752674821167 0.8863389999999995 37
1752674831256 0.9026319999999997 38
1752674841352 0.9098329999999999 39
1752674851573 0.9173299999999998 40
1752674861712 0.9379539999999995 41
1752674871811 0.9572079999999996 42
1752674881973 0.9704769999999998 43
1752674892074 0.9794219999999996 44
1752674902177 0.9873909999999997 45
1752674912348 0.9903179999999994 46
1752674922488 1.018339 47
1752674932584 1.0363929999999995 48
1752674942688 1.0396799999999997 49
1752674952849 1.0437879999999993 50
1752674963067 1.0505869999999993 51
1752674973350 1.1285419999999995 52
1752674983480 1.1944859999999995 53
1752674993751 1.2518159999999998 54
1752675003987 1.2573489999999996 55
1752675014146 1.271865 56
1752675024238 1.2857569999999994 57
1752675034422 1.2883619999999993 58
1752675044539 1.301799 59
1752675054723 1.340674 60
1752675064897 1.3621809999999996 61
1752675074993 1.3724569999999998 62
1752675085276 1.3827129999999999 63
1752675095369 1.3890069999999994 64
1752675105524 1.4010559999999996 65
1752675115669 1.4086720000000001 66
1752675125791 1.4201899999999998 67
