1752674445556 0.0 0
1752674455674 0.16779999999999973 1
1752674465890 0.19298999999999467 2
1752674476009 0.19850699999999932 3
1752674486156 0.2085699999999946 4
1752674496323 0.22786799999999374 5
1752674506487 0.23623899999999765 6
1752674516648 0.2419179999999983 7
1752674526848 0.29052899999999937 8
1752674536992 0.2953939999999946 9
1752674547126 0.2979299999999938 10
1752674557241 0.35695099999999513 11
1752674567452 0.36380599999999674 12
1752674577580 0.3981799999999964 13
1752674587758 0.41080799999999584 14
1752674598002 0.4322739999999996 15
1752674608147 0.446676999999994 16
1752674618234 0.471587999999997 17
1752674628400 0.48542499999999933 18
1752674638518 0.49060999999999666 19
1752674648683 0.4985799999999969 20
1752674658824 0.5021659999999954 21
1752674668988 0.5168759999999963 22
1752674679168 0.585290999999998 23
1752674689383 0.6787739999999971 24
1752674699500 0.6904819999999958 25
1752674709635 0.7012579999999957 26
1752674719764 0.7055279999999939 27
1752674729887 0.7086219999999983 28
1752674740021 0.7289229999999947 29
1752674750219 0.7413629999999998 30
1752674760339 0.745205999999996 31
1752674770506 0.7774569999999983 32
1752674780642 0.7912169999999961 33
1752674790779 0.8210869999999986 34
1752674800948 0.8388639999999938 35
1752674811052 0.8605869999999953 36
1752674821167 0.8844019999999944 37
1752674831256 0.9099879999999985 38
1752674841352 0.9153349999999989 39
1752674851573 0.9220949999999988 40
1752674861712 0.9478559999999945 41
1752674871811 1.0158330000000007 42
1752674881973 1.065137 43
1752674892074 1.0771699999999953 44
1752674902177 1.0856779999999944 45
1752674912348 1.0877959999999973 46
1752674922488 1.135200999999995 47
1752674932584 1.1520159999999962 48
1752674942688 1.1545429999999968 49
1752674952849 1.1575789999999984 50
1752674963067 1.1646909999999977 51
1752674973350 1.1909259999999975 52
1752674983480 1.3008489999999995 53
1752674993751 1.364134 54
1752675003987 1.368108999999997 55
1752675014146 1.3843940000000003 56
1752675024238 1.399087999999999 57
1752675034422 1.4008939999999939 58
1752675044539 1.4174879999999987 59
1752675054723 1.4480009999999979 60
1752675064897 1.4604129999999955 61
1752675074993 1.4794489999999954 62
1752675085276 1.4904699999999949 63
1752675095369 1.5017449999999997 64
1752675105524 1.5129689999999982 65
1752675115669 1.5212749999999957 66
1752675125791 1.5329519999999945 67
