1752674445556 80.4 0
1752674455674 81.7 1
1752674465890 83.4 2
1752674476009 83.4 3
1752674486156 82.2 4
1752674496323 81.5 5
1752674506487 81.9 6
1752674516648 81.5 7
1752674526848 81.5 8
1752674536992 81.8 9
1752674547126 82.6 10
1752674557241 81.5 11
1752674567452 81.9 12
1752674577580 82.4 13
1752674587758 83.3 14
1752674598002 83.6 15
1752674608147 82.8 16
1752674618234 82.7 17
1752674628400 81.7 18
1752674638518 81.7 19
1752674648683 81.5 20
1752674658824 81.5 21
1752674668988 81.5 22
1752674679168 81.2 23
1752674689383 81.1 24
1752674699500 80.9 25
1752674709635 80.9 26
1752674719764 80.8 27
1752674729887 80.8 28
1752674740021 82.0 29
1752674750219 80.8 30
1752674760339 80.9 31
1752674770506 80.9 32
1752674780642 80.9 33
1752674790779 80.9 34
1752674800948 78.4 35
1752674811052 75.0 36
1752674821167 72.3 37
1752674831256 73.2 38
1752674841352 73.1 39
1752674851573 73.2 40
1752674861712 73.0 41
1752674871811 72.9 42
1752674881973 73.2 43
1752674892074 72.7 44
1752674902177 73.2 45
1752674912348 73.2 46
1752674922488 73.2 47
1752674932584 73.3 48
1752674942688 73.9 49
1752674952849 73.3 50
1752674963067 73.2 51
1752674973350 74.3 52
1752674983480 74.4 53
1752674993751 74.0 54
1752675003987 73.3 55
1752675014146 74.0 56
1752675024238 73.6 57
1752675034422 74.6 58
1752675044539 73.5 59
1752675054723 73.6 60
1752675064897 74.6 61
1752675074993 73.9 62
1752675085276 73.5 63
1752675095369 73.9 64
1752675105524 73.7 65
1752675115669 72.8 66
1752675125791 72.8 67
