1752674445556 27348.7 0
1752674455674 27802.4 1
1752674465890 28376.4 2
1752674476009 28389.6 3
1752674486156 27977.7 4
1752674496323 27747.3 5
1752674506487 27860.6 6
1752674516648 27738.9 7
1752674526848 27732.6 8
1752674536992 27831.4 9
1752674547126 28098.4 10
1752674557241 27717.9 11
1752674567452 27863.9 12
1752674577580 28028.6 13
1752674587758 28345.6 14
1752674598002 28439.9 15
1752674608147 28187.9 16
1752674618234 28150.4 17
1752674628400 27814.2 18
1752674638518 27789.5 19
1752674648683 27742.4 20
1752674658824 27749.2 21
1752674668988 27723.0 22
1752674679168 27637.3 23
1752674689383 27606.3 24
1752674699500 27528.0 25
1752674709635 27540.6 26
1752674719764 27489.5 27
1752674729887 27497.6 28
1752674740021 27913.7 29
1752674750219 27499.6 30
1752674760339 27520.2 31
1752674770506 27524.1 32
1752674780642 27530.4 33
1752674790779 27528.6 34
1752674800948 26677.1 35
1752674811052 25507.0 36
1752674821167 24618.0 37
1752674831256 24918.3 38
1752674841352 24886.8 39
1752674851573 24913.2 40
1752674861712 24824.6 41
1752674871811 24802.2 42
1752674881973 24899.4 43
1752674892074 24724.8 44
1752674902177 24910.2 45
1752674912348 24919.5 46
1752674922488 24912.1 47
1752674932584 24934.8 48
1752674942688 25134.5 49
1752674952849 24934.1 50
1752674963067 24913.5 51
1752674973350 25278.3 52
1752674983480 25312.0 53
1752674993751 25168.9 54
1752675003987 24928.6 55
1752675014146 25171.8 56
1752675024238 25036.7 57
1752675034422 25370.3 58
1752675044539 25022.3 59
1752675054723 25032.0 60
1752675064897 25383.6 61
1752675074993 25154.2 62
1752675085276 25000.0 63
1752675095369 25142.3 64
1752675105524 25083.4 65
1752675115669 24788.5 66
1752675125791 24766.5 67
