1752005974845 0.014829918907018558 0
1752005985810 0.014114545729808954 1
1752006003492 0.028572529766702937 2
1752006012377 0.02824398113614668 3
1752006021345 0.020411428183798312 4
1752006030126 0.0221343327883367 5
1752006036853 0.022222922609889756 6
1752006045379 0.02475228240573112 7
1752006051974 0.01655631588943402 8
1752006057852 0.018150158818150748 9
1752006064390 0.020599961497549734 10
1752006074396 0.02481337637606485 11
1752006083236 0.024985437293852816 12
1752006094614 0.022859026088389908 13
1752006103262 0.022293059451665112 14
1752006112091 0.01605453723656044 15
1752006121730 0.0193769140967478 16
1752006129756 0.02534646966705012 17
1752006139454 0.0236855918381168 18
1752006148231 0.024054338066226408 19
1752006156731 0.02125884273826521 20
1752006165474 0.018081891595513388 21
1752006173500 0.02233785062863663 22
1752006181416 0.016271632917541832 23
1752006191467 0.016346384871878984 24
1752006201787 0.02099613828296577 25
1752006210997 0.017411026567390825 26
1752006220473 0.01885357935606526 27
1752006229828 0.018431819538846102 28
1752006242718 0.017501296574143965 29
1752006256143 0.02140288527881898 30
1752006265505 0.019333126431192615 31
1752006273383 0.023768581451088063 32
1752006281103 0.019992536327982407 33
1752006289863 0.01866311312641533 34
1752006296207 0.02194030877962761 35
1752006305309 0.021532629202181863 36
1752006314257 0.020068662179829822 37
1752006322510 0.017128302732671977 38
1752006331638 0.017789816793230846 39
1752006341321 0.0196967563173325 40
1752006348835 0.015464579424051137 41
1752006359780 0.022878961484700828 42
1752006368024 0.021600302453862217 43
1752006375197 0.0158578282249226 44
1752006383393 0.020104218985631077 45
1752006390312 0.020740148905340452 46
1752006396718 0.022080485992947554 47
1752006401711 0.02220905456752777 48
1752006407383 0.014196684053395433 49
1752006414170 0.02194374855108879 50
1752006422425 0.020719622156975495 51
1752006430520 0.009968807462745317 52
