1752347996673 0.0 0
1752348006797 10.2 1
1752348016868 43.8 2
1752348027031 42.9 3
1752348037113 44.0 4
1752348047235 42.4 5
1752348057387 44.6 6
1752348067490 42.3 7
1752348077644 43.3 8
1752348087733 43.0 9
1752348097872 41.9 10
1752348107985 44.5 11
1752348118115 50.5 12
1752348128208 43.7 13
1752348138309 42.6 14
1752348148491 45.2 15
1752348158628 41.8 16
1752348168774 41.9 17
1752348178877 43.4 18
1752348188978 42.8 19
1752348199128 42.9 20
1752348209237 21.5 21
1752348219371 42.5 22
1752348229445 42.1 23
1752348239625 42.4 24
1752348249732 44.7 25
1752348259887 46.0 26
1752348270002 43.9 27
1752348280150 42.5 28
1752348290256 42.5 29
1752348300362 46.4 30
1752348310451 43.5 31
1752348320606 43.6 32
1752348330692 42.6 33
1752348340813 46.7 34
1752348350921 42.7 35
1752348361024 42.4 36
1752348371146 41.1 37
1752348381229 42.8 38
1752348391346 43.2 39
1752348401491 43.1 40
1752348411663 43.0 41
