1752347996673 25.4 0
1752348006797 25.4 1
1752348016868 25.4 2
1752348027031 25.4 3
1752348037113 25.4 4
1752348047235 25.4 5
1752348057387 25.4 6
1752348067490 25.4 7
1752348077644 25.4 8
1752348087733 25.4 9
1752348097872 25.4 10
1752348107985 25.4 11
1752348118115 25.4 12
1752348128208 25.4 13
1752348138309 25.4 14
1752348148491 25.4 15
1752348158628 25.4 16
1752348168774 25.4 17
1752348178877 25.4 18
1752348188978 25.4 19
1752348199128 25.4 20
1752348209237 25.4 21
1752348219371 25.4 22
1752348229445 25.4 23
1752348239625 25.4 24
1752348249732 25.4 25
1752348259887 25.4 26
1752348270002 25.4 27
1752348280150 25.4 28
1752348290256 25.4 29
1752348300362 25.4 30
1752348310451 25.4 31
1752348320606 25.4 32
1752348330692 25.4 33
1752348340813 25.4 34
1752348350921 25.4 35
1752348361024 25.4 36
1752348371146 25.4 37
1752348381229 25.4 38
1752348391346 25.4 39
1752348401491 25.4 40
1752348411663 25.4 41
