1752347996673 259522.0 0
1752348006797 259523.1 1
1752348016868 259523.1 2
1752348027031 259523.1 3
1752348037113 259523.1 4
1752348047235 259523.1 5
1752348057387 259523.1 6
1752348067490 259523.0 7
1752348077644 259523.1 8
1752348087733 259523.1 9
1752348097872 259523.1 10
1752348107985 259523.1 11
1752348118115 259523.9 12
1752348128208 259523.9 13
1752348138309 259524.1 14
1752348148491 259524.1 15
1752348158628 259524.1 16
1752348168774 259524.1 17
1752348178877 259524.0 18
1752348188978 259524.1 19
1752348199128 259524.1 20
1752348209237 259524.1 21
1752348219371 259524.0 22
1752348229445 259524.1 23
1752348239625 259524.1 24
1752348249732 259524.0 25
1752348259887 259525.8 26
1752348270002 259525.9 27
1752348280150 259526.0 28
1752348290256 259525.9 29
1752348300362 259527.3 30
1752348310451 259527.3 31
1752348320606 259527.7 32
1752348330692 259527.7 33
1752348340813 259527.8 34
1752348350921 259527.8 35
1752348361024 259527.7 36
1752348371146 259527.7 37
1752348381229 259527.7 38
1752348391346 259527.9 39
1752348401491 259527.9 40
1752348411663 259527.9 41
