1752347996673 763871.6 0
1752348006797 763870.6 1
1752348016868 763870.6 2
1752348027031 763870.6 3
1752348037113 763870.6 4
1752348047235 763870.6 5
1752348057387 763870.6 6
1752348067490 763870.6 7
1752348077644 763870.6 8
1752348087733 763870.5 9
1752348097872 763870.5 10
1752348107985 763870.6 11
1752348118115 763869.8 12
1752348128208 763869.7 13
1752348138309 763869.5 14
1752348148491 763869.5 15
1752348158628 763869.6 16
1752348168774 763869.6 17
1752348178877 763869.6 18
1752348188978 763869.6 19
1752348199128 763869.6 20
1752348209237 763869.5 21
1752348219371 763869.6 22
1752348229445 763869.5 23
1752348239625 763869.5 24
1752348249732 763869.6 25
1752348259887 763867.8 26
1752348270002 763867.8 27
1752348280150 763867.6 28
1752348290256 763867.7 29
1752348300362 763866.3 30
1752348310451 763866.3 31
1752348320606 763865.9 32
1752348330692 763865.9 33
1752348340813 763865.8 34
1752348350921 763865.8 35
1752348361024 763865.9 36
1752348371146 763865.9 37
1752348381229 763865.9 38
1752348391346 763865.8 39
1752348401491 763865.7 40
1752348411663 763865.7 41
