1752347996673 0.0 0
1752348006797 0.0191599999999994 1
1752348016868 0.0304400000000129 2
1752348027031 0.03485500000000741 3
1752348037113 0.039194000000009055 4
1752348047235 0.053794000000010556 5
1752348057387 0.06435199999999952 6
1752348067490 0.0724220000000031 7
1752348077644 0.08281100000000663 8
1752348087733 0.0859659999999991 9
1752348097872 0.08867400000001169 10
1752348107985 0.10933599999999899 11
1752348118115 0.19495200000000068 12
1752348128208 0.25790900000001216 13
1752348138309 0.2720990000000114 14
1752348148491 0.28027500000000316 15
1752348158628 0.28328500000000645 16
1752348168774 0.30457800000000645 17
1752348178877 0.32427200000000767 18
1752348188978 0.33286300000000324 19
1752348199128 0.3487140000000011 20
1752348209237 0.34977500000000816 21
1752348219371 0.3529280000000057 22
1752348229445 0.366367000000011 23
1752348239625 0.3710710000000006 24
1752348249732 0.3978129999999993 25
1752348259887 0.544043000000002 26
1752348270002 0.5478060000000085 27
1752348280150 0.562886000000006 28
1752348290256 0.5783160000000009 29
1752348300362 0.6126120000000128 30
1752348310451 0.6234700000000117 31
1752348320606 0.6315110000000033 32
1752348330692 0.6323560000000015 33
1752348340813 0.6350930000000119 34
1752348350921 0.6436750000000018 35
1752348361024 0.6514540000000011 36
1752348371146 0.6549090000000035 37
1752348381229 0.6669450000000126 38
1752348391346 0.6823340000000115 39
1752348401491 0.6943410000000085 40
1752348411663 0.7042940000000044 41
