1752347996673 0.007222000000005835 0
1752348006797 0.0266070000000056 1
1752348016868 0.03273899999999941 2
1752348027031 0.13579000000000008 3
1752348037113 0.13898900000000225 4
1752348047235 0.1567059999999998 5
1752348057387 0.16584399999999988 6
1752348067490 0.17312700000000092 7
1752348077644 0.18002400000000307 8
1752348087733 0.18462800000000357 9
1752348097872 0.18728600000000029 10
1752348107985 0.20832300000000004 11
1752348118115 0.2813060000000007 12
1752348128208 0.28854500000000627 13
1752348138309 0.3008300000000048 14
1752348148491 0.3045900000000046 15
1752348158628 0.3073130000000006 16
1752348168774 0.33126000000000033 17
1752348178877 0.34713900000000564 18
1752348188978 0.35713100000000253 19
1752348199128 0.37010100000000534 20
1752348209237 0.37099000000000615 21
1752348219371 0.3755970000000062 22
1752348229445 0.38918100000000067 23
1752348239625 0.3942779999999999 24
1752348249732 0.41016900000000334 25
1752348259887 0.4589330000000018 26
1752348270002 0.4609100000000055 27
1752348280150 0.46842400000000595 28
1752348290256 0.4765600000000063 29
1752348300362 0.5433200000000014 30
1752348310451 0.5563120000000055 31
1752348320606 0.5633940000000024 32
1752348330692 0.5650890000000004 33
1752348340813 0.5726050000000029 34
1752348350921 0.5792370000000062 35
1752348361024 0.5797420000000031 36
1752348371146 0.5814330000000041 37
1752348381229 0.5913530000000051 38
1752348391346 0.6116510000000019 39
1752348401491 0.6294930000000036 40
1752348411663 0.6416010000000014 41
