1752347996673 14316.5 0
1752348006797 14949.2 1
1752348016868 15022.9 2
1752348027031 15304.1 3
1752348037113 14923.6 4
1752348047235 14729.8 5
1752348057387 15022.4 6
1752348067490 14896.4 7
1752348077644 15277.7 8
1752348087733 14890.0 9
1752348097872 15015.8 10
1752348107985 15023.5 11
1752348118115 15115.1 12
1752348128208 14891.3 13
1752348138309 15277.0 14
1752348148491 15008.3 15
1752348158628 14882.6 16
1752348168774 15273.8 17
1752348178877 14981.0 18
1752348188978 14899.5 19
1752348199128 14668.7 20
1752348209237 14899.9 21
1752348219371 14897.3 22
1752348229445 15294.8 23
1752348239625 14898.5 24
1752348249732 15096.6 25
1752348259887 14909.3 26
1752348270002 15300.9 27
1752348280150 15025.2 28
1752348290256 14904.7 29
1752348300362 15048.4 30
1752348310451 15317.8 31
1752348320606 15027.1 32
1752348330692 14854.6 33
1752348340813 14988.6 34
1752348350921 14927.0 35
1752348361024 15321.7 36
1752348371146 14923.0 37
1752348381229 15223.9 38
1752348391346 14979.2 39
1752348401491 15254.0 40
1752348411663 14829.4 41
