1752347996673 42.1 0
1752348006797 43.9 1
1752348016868 44.1 2
1752348027031 45.0 3
1752348037113 43.9 4
1752348047235 43.3 5
1752348057387 44.1 6
1752348067490 43.8 7
1752348077644 44.9 8
1752348087733 43.8 9
1752348097872 44.1 10
1752348107985 44.1 11
1752348118115 44.4 12
1752348128208 43.8 13
1752348138309 44.9 14
1752348148491 44.1 15
1752348158628 43.7 16
1752348168774 44.9 17
1752348178877 44.0 18
1752348188978 43.8 19
1752348199128 43.1 20
1752348209237 43.8 21
1752348219371 43.8 22
1752348229445 44.9 23
1752348239625 43.8 24
1752348249732 44.4 25
1752348259887 43.8 26
1752348270002 45.0 27
1752348280150 44.2 28
1752348290256 43.8 29
1752348300362 44.2 30
1752348310451 45.0 31
1752348320606 44.2 32
1752348330692 43.7 33
1752348340813 44.0 34
1752348350921 43.9 35
1752348361024 45.0 36
1752348371146 43.9 37
1752348381229 44.7 38
1752348391346 44.0 39
1752348401491 44.8 40
1752348411663 43.6 41
