1752256176931 0.0008109192169886561 0
1752256179454 0.00032901156892952164 1
1752256181719 0.0003138984716659896 2
1752256183781 0.0020855497357959094 3
1752256186882 0.0012131990812952282 4
1752256189580 0.0024876712416979445 5
1752256191914 0.002543174512117725 6
1752256194163 0.002629122407323905 7
1752256196447 0.006716610749485405 8
1752256199136 0.008711348263119773 9
1752256201713 0.016513851525658128 10
1752256204167 0.047704228810580944 11
1752256207135 0.054369664276656925 12
1752256209279 0.03546235885716415 13
1752256211496 0.03604809175924813 14
