1752668956811 0.0 0
1752668966900 14.6 1
1752668977025 25.1 2
1752668987125 37.7 3
1752668997352 50.0 4
1752669007589 43.0 5
1752669017851 40.2 6
1752669028051 39.3 7
1752669038172 38.4 8
1752669048561 44.6 9
1752669058739 40.6 10
1752669068856 41.3 11
1752669079020 39.6 12
1752669089126 37.8 13
1752669099237 38.5 14
1752669109577 38.5 15
1752669119703 39.5 16
1752669129856 38.6 17
1752669140042 38.7 18
1752669150203 38.2 19
1752669160333 40.2 20
1752669170559 37.5 21
1752669180842 40.7 22
1752669190993 50.2 23
1752669201176 39.0 24
1752669211465 39.6 25
1752669221616 37.9 26
1752669231850 40.2 27
1752669242067 39.6 28
1752669252213 36.8 29
1752669262330 39.1 30
1752669272416 38.2 31
1752669282513 39.8 32
1752669292643 39.1 33
1752669302751 40.0 34
1752669312907 40.1 35
1752669322995 40.9 36
1752669333089 37.9 37
1752669343244 41.3 38
1752669353478 41.9 39
1752669363636 38.9 40
1752669373814 48.2 41
1752669384004 37.1 42
1752669394120 17.2 43
1752669404250 36.9 44
1752669414466 39.1 45
1752669424603 38.3 46
1752669434692 37.6 47
1752669444816 37.9 48
1752669454982 37.7 49
1752669465117 38.1 50
1752669475267 38.2 51
1752669485399 38.0 52
1752669495546 39.0 53
1752669505630 38.4 54
1752669515819 39.0 55
1752669525939 41.9 56
1752669536113 36.9 57
1752669546295 38.9 58
1752669556509 42.0 59
1752669566995 44.9 60
