1752668956811 261679.4 0
1752668966900 261680.2 1
1752668977025 261680.0 2
1752668987125 261680.5 3
1752668997352 261680.5 4
1752669007589 261680.5 5
1752669017851 261680.5 6
1752669028051 261680.5 7
1752669038172 261680.7 8
1752669048561 261680.7 9
1752669058739 261680.7 10
1752669068856 261680.8 11
1752669079020 261680.9 12
1752669089126 261680.8 13
1752669099237 261680.8 14
1752669109577 261680.8 15
1752669119703 261680.8 16
1752669129856 261680.8 17
1752669140042 261680.8 18
1752669150203 261680.8 19
1752669160333 261680.8 20
1752669170559 261680.9 21
1752669180842 261680.9 22
1752669190993 261680.9 23
1752669201176 261680.9 24
1752669211465 261680.7 25
1752669221616 261680.9 26
1752669231850 261680.8 27
1752669242067 261680.7 28
1752669252213 261680.8 29
1752669262330 261681.0 30
1752669272416 261681.0 31
1752669282513 261680.9 32
1752669292643 261680.9 33
1752669302751 261680.9 34
1752669312907 261680.9 35
1752669322995 261680.7 36
1752669333089 261680.7 37
1752669343244 261680.7 38
1752669353478 261680.7 39
1752669363636 261680.7 40
1752669373814 261680.4 41
1752669384004 261680.6 42
1752669394120 261680.6 43
1752669404250 261680.6 44
1752669414466 261680.5 45
1752669424603 261680.6 46
1752669434692 261680.6 47
1752669444816 261680.4 48
1752669454982 261680.5 49
1752669465117 261680.5 50
1752669475267 261680.5 51
1752669485399 261680.9 52
1752669495546 261681.0 53
1752669505630 261681.0 54
1752669515819 261681.0 55
1752669525939 261681.0 56
1752669536113 261681.0 57
1752669546295 261680.9 58
1752669556509 261680.8 59
1752669566995 261680.7 60
