1752668956811 25.6 0
1752668966900 25.6 1
1752668977025 25.6 2
1752668987125 25.6 3
1752668997352 25.6 4
1752669007589 25.6 5
1752669017851 25.6 6
1752669028051 25.6 7
1752669038172 25.6 8
1752669048561 25.6 9
1752669058739 25.6 10
1752669068856 25.6 11
1752669079020 25.6 12
1752669089126 25.6 13
1752669099237 25.6 14
1752669109577 25.6 15
1752669119703 25.6 16
1752669129856 25.6 17
1752669140042 25.6 18
1752669150203 25.6 19
1752669160333 25.6 20
1752669170559 25.6 21
1752669180842 25.6 22
1752669190993 25.6 23
1752669201176 25.6 24
1752669211465 25.6 25
1752669221616 25.6 26
1752669231850 25.6 27
1752669242067 25.6 28
1752669252213 25.6 29
1752669262330 25.6 30
1752669272416 25.6 31
1752669282513 25.6 32
1752669292643 25.6 33
1752669302751 25.6 34
1752669312907 25.6 35
1752669322995 25.6 36
1752669333089 25.6 37
1752669343244 25.6 38
1752669353478 25.6 39
1752669363636 25.6 40
1752669373814 25.6 41
1752669384004 25.6 42
1752669394120 25.6 43
1752669404250 25.6 44
1752669414466 25.6 45
1752669424603 25.6 46
1752669434692 25.6 47
1752669444816 25.6 48
1752669454982 25.6 49
1752669465117 25.6 50
1752669475267 25.6 51
1752669485399 25.6 52
1752669495546 25.6 53
1752669505630 25.6 54
1752669515819 25.6 55
1752669525939 25.6 56
1752669536113 25.6 57
1752669546295 25.6 58
1752669556509 25.6 59
1752669566995 25.6 60
