1752668956811 761714.2 0
1752668966900 761713.5 1
1752668977025 761713.6 2
1752668987125 761713.1 3
1752668997352 761713.1 4
1752669007589 761713.2 5
1752669017851 761713.1 6
1752669028051 761713.1 7
1752669038172 761712.9 8
1752669048561 761712.9 9
1752669058739 761712.9 10
1752669068856 761712.9 11
1752669079020 761712.7 12
1752669089126 761712.8 13
1752669099237 761712.8 14
1752669109577 761712.8 15
1752669119703 761712.8 16
1752669129856 761712.8 17
1752669140042 761712.8 18
1752669150203 761712.8 19
1752669160333 761712.8 20
1752669170559 761712.8 21
1752669180842 761712.8 22
1752669190993 761712.8 23
1752669201176 761712.7 24
1752669211465 761712.9 25
1752669221616 761712.8 26
1752669231850 761712.8 27
1752669242067 761712.9 28
1752669252213 761712.8 29
1752669262330 761712.7 30
1752669272416 761712.7 31
1752669282513 761712.7 32
1752669292643 761712.7 33
1752669302751 761712.8 34
1752669312907 761712.8 35
1752669322995 761712.9 36
1752669333089 761712.9 37
1752669343244 761712.9 38
1752669353478 761712.9 39
1752669363636 761712.9 40
1752669373814 761713.2 41
1752669384004 761713.0 42
1752669394120 761713.0 43
1752669404250 761713.0 44
1752669414466 761713.1 45
1752669424603 761713.1 46
1752669434692 761713.1 47
1752669444816 761713.2 48
1752669454982 761713.2 49
1752669465117 761713.2 50
1752669475267 761713.2 51
1752669485399 761712.7 52
1752669495546 761712.6 53
1752669505630 761712.6 54
1752669515819 761712.7 55
1752669525939 761712.7 56
1752669536113 761712.7 57
1752669546295 761712.7 58
1752669556509 761712.8 59
1752669566995 761712.9 60
