1752668956811 0.0 0
1752668966900 0.01068499999999517 1
1752668977025 0.10454999999998904 2
1752668987125 0.13856299999997646 3
1752668997352 0.1752520000000004 4
1752669007589 0.18590399999999363 5
1752669017851 0.20370499999998515 6
1752669028051 0.20540799999997716 7
1752669038172 0.27845800000000054 8
1752669048561 0.326611999999983 9
1752669058739 0.3332839999999919 10
1752669068856 0.3543639999999755 11
1752669079020 0.40045699999998874 12
1752669089126 0.4136799999999994 13
1752669099237 0.4198889999999835 14
1752669109577 0.44213999999999487 15
1752669119703 0.4556609999999921 16
1752669129856 0.46614099999999326 17
1752669140042 0.48398599999998737 18
1752669150203 0.48843299999998635 19
1752669160333 0.5239779999999996 20
1752669170559 0.5491409999999917 21
1752669180842 0.5589659999999981 22
1752669190993 0.5954879999999889 23
1752669201176 0.6068159999999807 24
1752669211465 0.6149009999999748 25
1752669221616 0.6343619999999817 26
1752669231850 0.6531249999999886 27
1752669242067 0.7395539999999983 28
1752669252213 0.7434199999999862 29
1752669262330 0.7766759999999806 30
1752669272416 0.8504339999999786 31
1752669282513 0.8596000000000004 32
1752669292643 0.9083289999999806 33
1752669302751 0.9125029999999867 34
1752669312907 0.9146909999999764 35
1752669322995 0.9951069999999902 36
1752669333089 1.0083099999999945 37
1752669343244 1.0120199999999784 38
1752669353478 1.0239119999999957 39
1752669363636 1.0362329999999815 40
1752669373814 1.1198219999999992 41
1752669384004 1.1659089999999992 42
1752669394120 1.1805549999999982 43
1752669404250 1.1905439999999885 44
1752669414466 1.2000949999999762 45
1752669424603 1.2106849999999838 46
1752669434692 1.2252169999999865 47
1752669444816 1.228383999999977 48
1752669454982 1.2675289999999961 49
1752669465117 1.2769209999999873 50
1752669475267 1.2912739999999872 51
1752669485399 1.306685999999985 52
1752669495546 1.3104079999999954 53
1752669505630 1.3296109999999999 54
1752669515819 1.3735239999999749 55
1752669525939 1.3967869999999891 56
1752669536113 1.4022119999999916 57
1752669546295 1.4129669999999805 58
1752669556509 1.4244520000000023 59
1752669566995 1.4471259999999972 60
