1752668956811 0.0 0
1752668966900 0.015290000000000248 1
1752668977025 0.2938839999999985 2
1752668987125 0.33383500000000055 3
1752668997352 0.469223999999997 4
1752669007589 0.4829130000000035 5
1752669017851 0.49873099999999937 6
1752669028051 0.5015070000000037 7
1752669038172 0.523966999999999 8
1752669048561 0.566436000000003 9
1752669058739 0.5748740000000012 10
1752669068856 0.5850950000000026 11
1752669079020 0.6266710000000018 12
1752669089126 0.635705999999999 13
1752669099237 0.6417929999999998 14
1752669109577 0.6589250000000035 15
1752669119703 0.6796099999999967 16
1752669129856 0.6854820000000004 17
1752669140042 0.7015719999999988 18
1752669150203 0.7071609999999993 19
1752669160333 0.7349180000000004 20
1752669170559 0.7647249999999985 21
1752669180842 0.7866750000000025 22
1752669190993 0.9157280000000014 23
1752669201176 0.9331180000000003 24
1752669211465 0.9413839999999993 25
1752669221616 0.955725000000001 26
1752669231850 0.9752799999999979 27
1752669242067 0.9849420000000038 28
1752669252213 0.9889530000000022 29
1752669262330 1.0187529999999967 30
1752669272416 1.0372290000000035 31
1752669282513 1.048563999999999 32
1752669292643 1.090843999999997 33
1752669302751 1.0957440000000034 34
1752669312907 1.0985009999999988 35
1752669322995 1.1412240000000011 36
1752669333089 1.1533200000000008 37
1752669343244 1.1583609999999993 38
1752669353478 1.1755950000000013 39
1752669363636 1.186585000000001 40
1752669373814 1.2924760000000006 41
1752669384004 1.3439169999999976 42
1752669394120 1.360954999999997 43
1752669404250 1.3704680000000025 44
1752669414466 1.3820169999999976 45
1752669424603 1.3927339999999973 46
1752669434692 1.4013509999999982 47
1752669444816 1.4050080000000023 48
1752669454982 1.4365530000000035 49
1752669465117 1.4454819999999984 50
1752669475267 1.4595219999999998 51
1752669485399 1.479264999999998 52
1752669495546 1.483944000000001 53
1752669505630 1.4998110000000011 54
1752669515819 1.5398489999999967 55
1752669525939 1.5689350000000033 56
1752669536113 1.5744060000000033 57
1752669546295 1.5901750000000021 58
1752669556509 1.6122730000000018 59
1752669566995 1.6834910000000036 60
