1752668956811 76.3 0
1752668966900 77.5 1
1752668977025 79.4 2
1752668987125 78.0 3
1752668997352 78.1 4
1752669007589 78.4 5
1752669017851 78.4 6
1752669028051 78.4 7
1752669038172 78.1 8
1752669048561 77.3 9
1752669058739 77.7 10
1752669068856 77.3 11
1752669079020 78.4 12
1752669089126 77.4 13
1752669099237 78.4 14
1752669109577 77.6 15
1752669119703 77.3 16
1752669129856 77.7 17
1752669140042 77.3 18
1752669150203 78.1 19
1752669160333 77.7 20
1752669170559 76.9 21
1752669180842 77.7 22
1752669190993 77.9 23
1752669201176 78.6 24
1752669211465 78.0 25
1752669221616 77.6 26
1752669231850 78.8 27
1752669242067 78.0 28
1752669252213 77.6 29
1752669262330 78.0 30
1752669272416 77.7 31
1752669282513 78.2 32
1752669292643 77.8 33
1752669302751 77.5 34
1752669312907 78.1 35
1752669322995 77.8 36
1752669333089 77.2 37
1752669343244 77.1 38
1752669353478 76.0 39
1752669363636 75.6 40
1752669373814 76.4 41
1752669384004 75.3 42
1752669394120 76.1 43
1752669404250 77.3 44
1752669414466 76.5 45
1752669424603 76.1 46
1752669434692 77.3 47
1752669444816 76.3 48
1752669454982 76.8 49
1752669465117 76.4 50
1752669475267 76.1 51
1752669485399 75.9 52
1752669495546 76.4 53
1752669505630 76.1 54
1752669515819 76.3 55
1752669525939 76.5 56
1752669536113 76.1 57
1752669546295 75.9 58
1752669556509 76.6 59
1752669566995 77.4 60
