1752668956811 25972.8 0
1752668966900 26387.9 1
1752668977025 27009.0 2
1752668987125 26556.8 3
1752668997352 26578.9 4
1752669007589 26670.2 5
1752669017851 26676.1 6
1752669028051 26670.8 7
1752669038172 26571.8 8
1752669048561 26310.8 9
1752669058739 26443.4 10
1752669068856 26316.7 11
1752669079020 26695.6 12
1752669089126 26327.6 13
1752669099237 26695.7 14
1752669109577 26412.0 15
1752669119703 26309.7 16
1752669129856 26442.4 17
1752669140042 26307.2 18
1752669150203 26589.6 19
1752669160333 26425.3 20
1752669170559 26178.5 21
1752669180842 26440.8 22
1752669190993 26500.2 23
1752669201176 26758.4 24
1752669211465 26531.1 25
1752669221616 26416.7 26
1752669231850 26809.4 27
1752669242067 26549.4 28
1752669252213 26416.0 29
1752669262330 26535.2 30
1752669272416 26444.9 31
1752669282513 26603.5 32
1752669292643 26466.5 33
1752669302751 26374.7 34
1752669312907 26592.2 35
1752669322995 26483.7 36
1752669333089 26274.4 37
1752669343244 26250.1 38
1752669353478 25850.5 39
1752669363636 25715.0 40
1752669373814 25990.0 41
1752669384004 25619.5 42
1752669394120 25908.9 43
1752669404250 26292.0 44
1752669414466 26022.9 45
1752669424603 25891.0 46
1752669434692 26291.4 47
1752669444816 25969.3 48
1752669454982 26131.1 49
1752669465117 26002.0 50
1752669475267 25903.2 51
1752669485399 25833.6 52
1752669495546 26004.8 53
1752669505630 25886.9 54
1752669515819 25973.8 55
1752669525939 26019.7 56
1752669536113 25887.7 57
1752669546295 25834.4 58
1752669556509 26072.0 59
1752669566995 26321.6 60
