1750715618043 0.01888001461174338 0
1750715649207 0.0328976820496447 1
1750715659795 0.013032159512724687 2
1750715679619 0.040612682322867966 3
1750715685513 0.010495467434780414 4
1750715695107 0.04930716983819425 5
1750715697731 0.053112871040484885 6
1750715704971 0.00899687322762354 7
1750715711745 0.006467588167592056 8
1750715719949 0.006647888816492285 9
1750715727043 0.008303114177721444 10
1750715740342 0.026551883755021582 11
1750715750040 0.0028284098420502547 12
1750715765197 0.01172097611676415 13
1750715774409 0.006039872560321939 14
