1752200421976 0.0 0
1752200432300 0.00994900000000598 1
1752200442479 0.02092300000001046 2
1752200452603 0.028491999999999962 3
1752200462738 0.0521010000000075 4
1752200472966 0.07799300000000642 5
1752200483159 0.0964310000000097 6
1752200493411 0.10351900000000569 7
1752200503586 0.13710500000000536 8
1752200513741 0.18298100000001227 9
1752200523895 0.2469600000000014 10
1752200534061 0.26398100000000113 11
1752200544188 0.3673900000000003 12
1752200554330 0.39003100000000757 13
1752200564516 0.4082660000000118 14
1752200574611 0.4434500000000128 15
1752200584798 0.45061700000000826 16
1752200594949 0.46627700000000516 17
1752200605413 0.4879750000000058 18
