1752200421976 7.69999999903348e-05 0
1752200432300 0.01410499999998649 1
1752200442479 0.022520000000000095 2
1752200452603 0.026269999999996685 3
1752200462738 0.041981999999990194 4
1752200472966 0.07219199999998693 5
1752200483159 0.08858599999999228 6
1752200493411 0.09277999999999054 7
1752200503586 0.12478699999999776 8
1752200513741 0.33694399999998836 9
1752200523895 0.41849099999998884 10
1752200534061 0.43984499999999116 11
1752200544188 0.46525199999999245 12
1752200554330 0.4746189999999899 13
1752200564516 0.48456999999999084 14
1752200574611 0.5293519999999887 15
1752200584798 0.5329049999999995 16
1752200594949 0.5421189999999996 17
1752200605413 0.5586689999999948 18
