1752609231160 0.0 0
1752609241289 18.6 1
1752609251478 58.5 2
1752609261582 61.3 3
1752609271764 56.5 4
1752609281900 48.5 5
1752609292072 48.2 6
1752609302274 48.4 7
1752609312383 51.5 8
1752609322510 53.1 9
1752609332676 45.9 10
1752609342795 45.8 11
1752609352921 46.7 12
1752609363015 47.1 13
1752609373125 45.6 14
1752609383247 49.5 15
1752609393377 47.1 16
1752609403593 55.4 17
1752609413838 53.7 18
1752609423938 44.1 19
1752609434058 32.0 20
1752609444250 33.4 21
1752609454380 50.1 22
1752609464516 49.4 23
1752609474683 49.7 24
1752609484839 50.6 25
1752609494958 48.7 26
1752609505106 44.1 27
1752609515221 50.1 28
1752609525322 50.0 29
