1752609231160 763188.2 0
1752609241289 763187.2 1
1752609251478 763186.7 2
1752609261582 763187.2 3
1752609271764 763187.0 4
1752609281900 763187.0 5
1752609292072 763187.2 6
1752609302274 763186.9 7
1752609312383 763184.3 8
1752609322510 763183.7 9
1752609332676 763183.8 10
1752609342795 763189.7 11
1752609352921 763189.7 12
1752609363015 763189.3 13
1752609373125 763189.4 14
1752609383247 763189.2 15
1752609393377 763189.0 16
1752609403593 763188.6 17
1752609413838 763186.8 18
1752609423938 763186.0 19
1752609434058 763185.9 20
1752609444250 763185.8 21
1752609454380 763186.4 22
1752609464516 763186.4 23
1752609474683 763186.2 24
1752609484839 763186.1 25
1752609494958 763185.8 26
1752609505106 763185.9 27
1752609515221 763186.2 28
1752609525322 763186.1 29
