1752609231160 260205.4 0
1752609241289 260206.5 1
1752609251478 260206.9 2
1752609261582 260206.5 3
1752609271764 260206.6 4
1752609281900 260206.6 5
1752609292072 260206.4 6
1752609302274 260206.7 7
1752609312383 260209.3 8
1752609322510 260209.9 9
1752609332676 260209.9 10
1752609342795 260203.9 11
1752609352921 260203.9 12
1752609363015 260204.3 13
1752609373125 260204.2 14
1752609383247 260204.4 15
1752609393377 260204.6 16
1752609403593 260205.0 17
1752609413838 260206.9 18
1752609423938 260207.6 19
1752609434058 260207.7 20
1752609444250 260207.8 21
1752609454380 260207.2 22
1752609464516 260207.2 23
1752609474683 260207.4 24
1752609484839 260207.6 25
1752609494958 260207.8 26
1752609505106 260207.7 27
1752609515221 260207.4 28
1752609525322 260207.6 29
