1752609231160 25.4 0
1752609241289 25.4 1
1752609251478 25.4 2
1752609261582 25.4 3
1752609271764 25.4 4
1752609281900 25.4 5
1752609292072 25.4 6
1752609302274 25.4 7
1752609312383 25.4 8
1752609322510 25.4 9
1752609332676 25.4 10
1752609342795 25.4 11
1752609352921 25.4 12
1752609363015 25.4 13
1752609373125 25.4 14
1752609383247 25.4 15
1752609393377 25.4 16
1752609403593 25.4 17
1752609413838 25.4 18
1752609423938 25.4 19
1752609434058 25.4 20
1752609444250 25.4 21
1752609454380 25.4 22
1752609464516 25.4 23
1752609474683 25.4 24
1752609484839 25.4 25
1752609494958 25.4 26
1752609505106 25.4 27
1752609515221 25.4 28
1752609525322 25.4 29
