1752609231160 0.0001560000000040418 0
1752609241289 0.036356000000012045 1
1752609251478 0.20434300000005123 2
1752609261582 0.21484600000002274 3
1752609271764 0.39822800000001735 4
1752609281900 0.41432200000002695 5
1752609292072 0.5898180000000366 6
1752609302274 0.621594000000016 7
1752609312383 0.702493000000004 8
1752609322510 0.949841000000049 9
1752609332676 0.9613590000000158 10
1752609342795 1.044883000000027 11
1752609352921 1.0793880000000513 12
1752609363015 1.1060150000000135 13
1752609373125 1.123324000000025 14
1752609383247 1.2418180000000234 15
1752609393377 1.5553130000000124 16
1752609403593 1.7071470000000204 17
1752609413838 2.0726380000000404 18
1752609423938 2.2805400000000304 19
1752609434058 2.47532700000005 20
1752609444250 2.482744000000025 21
1752609454380 2.875143000000037 22
1752609464516 2.8869270000000142 23
1752609474683 3.219160000000045 24
1752609484839 3.293189000000041 25
1752609494958 3.4678900000000112 26
1752609505106 3.4937590000000114 27
1752609515221 3.650474000000031 28
1752609525322 3.683528000000024 29
