1752609231160 0.0011359999999740467 0
1752609241289 0.02577700000006189 1
1752609251478 0.27634599999998954 2
1752609261582 0.28243300000008276 3
1752609271764 0.4670220000000427 4
1752609281900 0.4782910000000129 5
1752609292072 0.8384590000000571 6
1752609302274 0.8603100000000268 7
1752609312383 1.671132000000057 8
1752609322510 2.503080000000068 9
1752609332676 2.5176850000000286 10
1752609342795 2.8403390000000854 11
1752609352921 2.869784999999979 12
1752609363015 2.9196759999999813 13
1752609373125 2.9395430000000715 14
1752609383247 3.130841000000032 15
1752609393377 3.583641000000057 16
1752609403593 3.7506610000000364 17
1752609413838 4.225281999999993 18
1752609423938 4.43888400000003 19
1752609434058 4.699102000000039 20
1752609444250 4.707057000000077 21
1752609454380 5.227111000000036 22
1752609464516 5.237984999999981 23
1752609474683 5.856934000000024 24
1752609484839 6.011433000000011 25
1752609494958 6.4142380000000685 26
1752609505106 6.42795000000001 27
1752609515221 6.771481999999992 28
1752609525322 6.794419000000062 29
