1752609231160 23954.2 0
1752609241289 24469.3 1
1752609251478 25299.3 2
1752609261582 25118.2 3
1752609271764 24961.4 4
1752609281900 24642.5 5
1752609292072 24484.8 6
1752609302274 24715.3 7
1752609312383 25080.5 8
1752609322510 25149.7 9
1752609332676 24848.9 10
1752609342795 24650.3 11
1752609352921 24777.8 12
1752609363015 24661.1 13
1752609373125 24428.5 14
1752609383247 24530.0 15
1752609393377 24839.5 16
1752609403593 24724.1 17
1752609413838 25018.3 18
1752609423938 25031.4 19
1752609434058 24463.1 20
1752609444250 24837.0 21
1752609454380 25013.2 22
1752609464516 25011.1 23
1752609474683 24782.6 24
1752609484839 24856.6 25
1752609494958 24782.5 26
1752609505106 25041.1 27
1752609515221 24867.7 28
1752609525322 25068.9 29
