1752609231160 70.4 0
1752609241289 71.9 1
1752609251478 74.3 2
1752609261582 73.8 3
1752609271764 73.4 4
1752609281900 72.4 5
1752609292072 72.0 6
1752609302274 72.6 7
1752609312383 73.7 8
1752609322510 73.9 9
1752609332676 73.0 10
1752609342795 72.4 11
1752609352921 72.8 12
1752609363015 72.5 13
1752609373125 71.8 14
1752609383247 72.1 15
1752609393377 73.0 16
1752609403593 72.7 17
1752609413838 73.5 18
1752609423938 73.6 19
1752609434058 71.9 20
1752609444250 73.0 21
1752609454380 73.5 22
1752609464516 73.5 23
1752609474683 72.8 24
1752609484839 73.0 25
1752609494958 72.8 26
1752609505106 73.6 27
1752609515221 73.1 28
1752609525322 73.7 29
