1749846950914 0.0 0
1749846961091 24.5 1
1749846971247 44.7 2
1749846981401 39.9 3
1749846991496 30.8 4
1749847001597 41.9 5
1749847011692 31.9 6
1749847021805 39.2 7
1749847031916 33.8 8
1749847042118 32.9 9
1749847052258 38.7 10
1749847062388 29.7 11
1749847072512 21.2 12
1749847082613 17.4 13
1749847092789 20.4 14
1749847102940 21.5 15
1749847113152 22.0 16
1749847123264 35.8 17
1749847133387 20.9 18
1749847143517 19.4 19
1749847153655 28.0 20
1749847163789 24.6 21
1749847173944 19.5 22
1749847184158 22.8 23
1749847194351 27.0 24
1749847204504 22.4 25
1749847215757 25.6 26
1749847225893 21.0 27
1749847236005 21.1 28
1749847246126 19.4 29
1749847256261 24.4 30
1749847266436 24.4 31
1749847276643 21.9 32
1749847286792 22.7 33
1749847296971 20.4 34
1749847307098 23.2 35
1749847317255 20.7 36
1749847327510 22.6 37
1749847337644 22.8 38
1749847347761 18.4 39
1749847358047 19.0 40
1749847368181 19.1 41
1749847378364 23.0 42
1749847388531 21.9 43
1749847398734 21.8 44
1749847409859 21.9 45
1749847419949 21.0 46
1749847430046 18.4 47
1749847440208 21.7 48
1749847450349 22.0 49
1749847460532 22.0 50
1749847470717 22.1 51
1749847480946 24.9 52
1749847491020 28.5 53
1749847501151 21.7 54
1749847511392 20.8 55
1749847521538 27.6 56
1749847531649 37.1 57
1749847541785 34.0 58
1749847551929 25.7 59
1749847562139 14.8 60
1749847572343 28.1 61
1749847582494 20.4 62
1749847592665 21.1 63
1749847603078 25.3 64
1749847613243 23.1 65
1749847623365 18.0 66
1749847633593 16.9 67
1749847643762 12.6 68
1749847654470 13.9 69
1749847664553 11.6 70
1749847674631 21.6 71
1749847684776 13.1 72
1749847694911 11.8 73
1749847705038 14.5 74
1749847716015 17.3 75
1749847726615 18.4 76
1749847736707 14.6 77
1749847746879 22.1 78
1749847757002 18.9 79
1749847767121 13.8 80
1749847777555 18.1 81
