1749846950914 769711.2 0
1749846961091 769709.8 1
1749846971247 769709.7 2
1749846981401 769709.2 3
1749846991496 769709.2 4
1749847001597 769707.8 5
1749847011692 769707.3 6
1749847021805 769707.2 7
1749847031916 769711.2 8
1749847042118 769707.7 9
1749847052258 769707.2 10
1749847062388 769707.3 11
1749847072512 769706.9 12
1749847082613 769706.5 13
1749847092789 769706.6 14
1749847102940 769706.8 15
1749847113152 769706.6 16
1749847123264 769702.6 17
1749847133387 769703.6 18
1749847143517 769703.6 19
1749847153655 769701.6 20
1749847163789 769700.6 21
1749847173944 769700.6 22
1749847184158 769700.5 23
1749847194351 769700.5 24
1749847204504 769696.0 25
1749847215757 769659.4 26
1749847225893 769659.4 27
1749847236005 769659.4 28
1749847246126 769659.4 29
1749847256261 769658.4 30
1749847266436 769658.5 31
1749847276643 769658.4 32
1749847286792 769658.4 33
1749847296971 769658.4 34
1749847307098 769658.4 35
1749847317255 769658.5 36
1749847327510 769658.3 37
1749847337644 769658.4 38
1749847347761 769658.3 39
1749847358047 769658.3 40
1749847368181 769658.0 41
1749847378364 769658.1 42
1749847388531 769658.0 43
1749847398734 769658.0 44
1749847409859 769659.5 45
1749847419949 769659.5 46
1749847430046 769659.5 47
1749847440208 769659.5 48
1749847450349 769659.5 49
1749847460532 769659.5 50
1749847470717 769662.4 51
1749847480946 769662.8 52
1749847491020 769662.2 53
1749847501151 769661.6 54
1749847511392 769661.4 55
1749847521538 769659.1 56
1749847531649 769658.7 57
1749847541785 769657.2 58
1749847551929 769657.0 59
1749847562139 769656.9 60
1749847572343 769650.6 61
1749847582494 769647.3 62
1749847592665 769647.3 63
1749847603078 769647.3 64
1749847613243 769647.7 65
1749847623365 769646.3 66
1749847633593 769646.7 67
1749847643762 769646.8 68
1749847654470 769645.6 69
1749847664553 769645.5 70
1749847674631 769644.9 71
1749847684776 769645.3 72
1749847694911 769644.9 73
1749847705038 769645.1 74
1749847716015 769645.0 75
1749847726615 769644.4 76
1749847736707 769644.5 77
1749847746879 769644.3 78
1749847757002 769642.8 79
1749847767121 769642.8 80
1749847777555 769643.0 81
