1749846950914 253682.4 0
1749846961091 253683.8 1
1749846971247 253683.9 2
1749846981401 253684.4 3
1749846991496 253684.5 4
1749847001597 253685.8 5
1749847011692 253686.3 6
1749847021805 253686.4 7
1749847031916 253682.5 8
1749847042118 253685.9 9
1749847052258 253686.4 10
1749847062388 253686.3 11
1749847072512 253686.7 12
1749847082613 253687.1 13
1749847092789 253687.0 14
1749847102940 253686.8 15
1749847113152 253687.0 16
1749847123264 253691.0 17
1749847133387 253690.1 18
1749847143517 253690.1 19
1749847153655 253692.1 20
1749847163789 253693.0 21
1749847173944 253693.0 22
1749847184158 253693.1 23
1749847194351 253693.1 24
1749847204504 253697.6 25
1749847215757 253734.2 26
1749847225893 253734.3 27
1749847236005 253734.3 28
1749847246126 253734.3 29
1749847256261 253735.2 30
1749847266436 253735.1 31
1749847276643 253735.2 32
1749847286792 253735.2 33
1749847296971 253735.2 34
1749847307098 253735.2 35
1749847317255 253735.1 36
1749847327510 253735.3 37
1749847337644 253735.2 38
1749847347761 253735.3 39
1749847358047 253735.4 40
1749847368181 253735.6 41
1749847378364 253735.5 42
1749847388531 253735.6 43
1749847398734 253735.6 44
1749847409859 253734.1 45
1749847419949 253734.1 46
1749847430046 253734.1 47
1749847440208 253734.1 48
1749847450349 253734.1 49
1749847460532 253734.1 50
1749847470717 253731.2 51
1749847480946 253730.8 52
1749847491020 253731.4 53
1749847501151 253732.1 54
1749847511392 253732.2 55
1749847521538 253734.5 56
1749847531649 253734.9 57
1749847541785 253736.4 58
1749847551929 253736.6 59
1749847562139 253736.7 60
1749847572343 253743.0 61
1749847582494 253746.3 62
1749847592665 253746.3 63
1749847603078 253746.4 64
1749847613243 253745.9 65
1749847623365 253747.4 66
1749847633593 253746.9 67
1749847643762 253746.8 68
1749847654470 253748.0 69
1749847664553 253748.1 70
1749847674631 253748.7 71
1749847684776 253748.4 72
1749847694911 253748.8 73
1749847705038 253748.5 74
1749847716015 253748.6 75
1749847726615 253749.3 76
1749847736707 253749.1 77
1749847746879 253749.4 78
1749847757002 253750.9 79
1749847767121 253750.8 80
1749847777555 253750.7 81
