1749846950914 24.8 0
1749846961091 24.8 1
1749846971247 24.8 2
1749846981401 24.8 3
1749846991496 24.8 4
1749847001597 24.8 5
1749847011692 24.8 6
1749847021805 24.8 7
1749847031916 24.8 8
1749847042118 24.8 9
1749847052258 24.8 10
1749847062388 24.8 11
1749847072512 24.8 12
1749847082613 24.8 13
1749847092789 24.8 14
1749847102940 24.8 15
1749847113152 24.8 16
1749847123264 24.8 17
1749847133387 24.8 18
1749847143517 24.8 19
1749847153655 24.8 20
1749847163789 24.8 21
1749847173944 24.8 22
1749847184158 24.8 23
1749847194351 24.8 24
1749847204504 24.8 25
1749847215757 24.8 26
1749847225893 24.8 27
1749847236005 24.8 28
1749847246126 24.8 29
1749847256261 24.8 30
1749847266436 24.8 31
1749847276643 24.8 32
1749847286792 24.8 33
1749847296971 24.8 34
1749847307098 24.8 35
1749847317255 24.8 36
1749847327510 24.8 37
1749847337644 24.8 38
1749847347761 24.8 39
1749847358047 24.8 40
1749847368181 24.8 41
1749847378364 24.8 42
1749847388531 24.8 43
1749847398734 24.8 44
1749847409859 24.8 45
1749847419949 24.8 46
1749847430046 24.8 47
1749847440208 24.8 48
1749847450349 24.8 49
1749847460532 24.8 50
1749847470717 24.8 51
1749847480946 24.8 52
1749847491020 24.8 53
1749847501151 24.8 54
1749847511392 24.8 55
1749847521538 24.8 56
1749847531649 24.8 57
1749847541785 24.8 58
1749847551929 24.8 59
1749847562139 24.8 60
1749847572343 24.8 61
1749847582494 24.8 62
1749847592665 24.8 63
1749847603078 24.8 64
1749847613243 24.8 65
1749847623365 24.8 66
1749847633593 24.8 67
1749847643762 24.8 68
1749847654470 24.8 69
1749847664553 24.8 70
1749847674631 24.8 71
1749847684776 24.8 72
1749847694911 24.8 73
1749847705038 24.8 74
1749847716015 24.8 75
1749847726615 24.8 76
1749847736707 24.8 77
1749847746879 24.8 78
1749847757002 24.8 79
1749847767121 24.8 80
1749847777555 24.8 81
