1749846950914 0.0 0
1749846961091 0.19013999999992848 1
1749846971247 0.3400090000000091 2
1749846981401 0.6177759999999353 3
1749846991496 0.9874109999999519 4
1749847001597 1.0798379999999952 5
1749847011692 1.2524419999999736 6
1749847021805 1.2856629999999996 7
1749847031916 1.4420020000000022 8
1749847042118 2.246618000000012 9
1749847052258 2.508105999999998 10
1749847062388 2.56407999999999 11
1749847072512 2.7439489999999296 12
1749847082613 2.7762050000000045 13
1749847092789 2.98021499999993 14
1749847102940 3.0967150000000174 15
1749847113152 3.166471999999999 16
1749847123264 4.2289579999999205 17
1749847133387 4.531034999999974 18
1749847143517 4.5827809999999545 19
1749847153655 4.705588999999918 20
1749847163789 5.570798999999965 21
1749847173944 5.646390999999994 22
1749847184158 5.886121000000003 23
1749847194351 5.955843999999956 24
1749847204504 6.021093999999948 25
1749847215757 11.771644999999921 26
1749847225893 11.876577999999995 27
1749847236005 11.949748999999997 28
1749847246126 12.000610999999935 29
1749847256261 13.052308999999923 30
1749847266436 13.33742899999993 31
1749847276643 13.480199999999968 32
1749847286792 13.697837999999933 33
1749847296971 13.765376999999944 34
1749847307098 14.106290999999942 35
1749847317255 14.146830999999906 36
1749847327510 14.194946999999956 37
1749847337644 19.921306999999956 38
1749847347761 20.191692999999987 39
1749847358047 20.267673999999943 40
1749847368181 20.342093999999975 41
1749847378364 20.389451000000008 42
1749847388531 20.442522999999937 43
1749847398734 20.655160999999907 44
1749847409859 20.695465000000013 45
1749847419949 20.76309600000002 46
1749847430046 20.801276999999914 47
1749847440208 20.83806299999992 48
1749847450349 20.901149999999916 49
1749847460532 26.77625999999998 50
1749847470717 26.82171299999993 51
1749847480946 27.362529999999992 52
1749847491020 27.884049000000005 53
1749847501151 27.95562599999994 54
1749847511392 28.142027999999982 55
1749847521538 28.492219999999975 56
1749847531649 28.782851999999934 57
1749847541785 29.301309999999944 58
1749847551929 29.39455399999997 59
1749847562139 29.432139000000006 60
1749847572343 29.463971000000015 61
1749847582494 29.952925999999934 62
1749847592665 30.03440999999998 63
1749847603078 30.100172999999927 64
1749847613243 30.355638 65
1749847623365 31.178061999999954 66
1749847633593 31.811120999999957 67
1749847643762 32.172973999999954 68
1749847654470 32.61851999999999 69
1749847664553 32.70572900000002 70
1749847674631 33.02671099999998 71
1749847684776 33.24347799999998 72
1749847694911 33.31904599999996 73
1749847705038 33.41224199999999 74
1749847716015 33.762212999999974 75
1749847726615 33.93469899999991 76
1749847736707 34.08327699999995 77
1749847746879 34.35131000000001 78
1749847757002 34.57055199999991 79
1749847767121 34.838945999999964 80
1749847777555 34.90803799999992 81
