1749846950914 0.0 0
1749846961091 0.503934000000072 1
1749846971247 0.9550409999999374 2
1749846981401 1.903489000000036 3
1749846991496 2.601460999999972 4
1749847001597 3.0451060000000325 5
1749847011692 3.690507000000025 6
1749847021805 4.079009999999926 7
1749847031916 4.513826999999992 8
1749847042118 13.268336999999974 9
1749847052258 13.794961000000058 10
1749847062388 13.866334000000052 11
1749847072512 13.951436999999942 12
1749847082613 13.997789999999895 13
1749847092789 14.140449999999873 14
1749847102940 14.314251000000013 15
1749847113152 14.396453999999949 16
1749847123264 21.84351599999991 17
1749847133387 22.358439999999973 18
1749847143517 22.752250000000004 19
1749847153655 23.175426000000016 20
1749847163789 23.641253000000006 21
1749847173944 23.719417999999905 22
1749847184158 23.951992999999902 23
1749847194351 24.40281099999993 24
1749847204504 24.82294899999988 25
1749847215757 25.840153999999984 26
1749847225893 26.317105999999967 27
1749847236005 26.73084300000005 28
1749847246126 27.135651999999936 29
1749847256261 28.548524000000043 30
1749847266436 29.056051000000025 31
1749847276643 29.462140999999974 32
1749847286792 29.960583000000042 33
1749847296971 30.37118899999996 34
1749847307098 30.958296999999902 35
1749847317255 31.36388399999987 36
1749847327510 31.785720999999967 37
1749847337644 32.73976300000004 38
1749847347761 33.34717099999989 39
1749847358047 33.766190999999935 40
1749847368181 34.17142399999989 41
1749847378364 34.29938900000002 42
1749847388531 34.691272000000026 43
1749847398734 35.19631800000002 44
1749847409859 35.59835500000008 45
1749847419949 36.20822799999996 46
1749847430046 36.517438000000084 47
1749847440208 36.91127099999994 48
1749847450349 37.323396 49
1749847460532 38.36432999999988 50
1749847470717 38.52982399999996 51
1749847480946 44.41438999999991 52
1749847491020 51.639560000000074 53
1749847501151 52.71966999999995 54
1749847511392 53.59487300000001 55
1749847521538 54.49190199999998 56
1749847531649 55.1168889999999 57
1749847541785 56.40543099999991 58
1749847551929 56.61402199999998 59
1749847562139 56.66506800000002 60
1749847572343 56.70469400000002 61
1749847582494 57.04465400000004 62
1749847592665 57.12867099999994 63
1749847603078 57.53111100000001 64
1749847613243 58.4132689999999 65
1749847623365 59.72623599999997 66
1749847633593 60.78716899999995 67
1749847643762 61.358764000000065 68
1749847654470 62.538115999999945 69
1749847664553 63.00607999999988 70
1749847674631 64.86441500000001 71
1749847684776 65.40422699999999 72
1749847694911 65.83468399999992 73
1749847705038 66.31349399999999 74
1749847716015 67.15355499999987 75
1749847726615 67.84502199999997 76
1749847736707 68.69038599999999 77
1749847746879 69.27162599999997 78
1749847757002 69.62304300000005 79
1749847767121 70.58129699999995 80
1749847777555 70.998153 81
