1749846950914 26756.9 0
1749846961091 27119.0 1
1749846971247 27102.5 2
1749846981401 27293.4 3
1749846991496 26898.8 4
1749847001597 27272.2 5
1749847011692 27372.9 6
1749847021805 27476.9 7
1749847031916 27448.4 8
1749847042118 27438.7 9
1749847052258 27603.5 10
1749847062388 27331.2 11
1749847072512 27025.7 12
1749847082613 27029.8 13
1749847092789 27143.5 14
1749847102940 27143.3 15
1749847113152 27233.1 16
1749847123264 27842.0 17
1749847133387 27583.8 18
1749847143517 27547.8 19
1749847153655 27995.9 20
1749847163789 27957.9 21
1749847173944 27774.3 22
1749847184158 27919.0 23
1749847194351 27991.7 24
1749847204504 27941.1 25
1749847215757 28010.6 26
1749847225893 27995.3 27
1749847236005 28043.1 28
1749847246126 28073.5 29
1749847256261 28320.9 30
1749847266436 28375.2 31
1749847276643 28354.5 32
1749847286792 28376.2 33
1749847296971 28324.1 34
1749847307098 28342.6 35
1749847317255 28489.5 36
1749847327510 28517.2 37
1749847337644 28497.4 38
1749847347761 28525.3 39
1749847358047 28617.5 40
1749847368181 28721.5 41
1749847378364 28753.0 42
1749847388531 28592.3 43
1749847398734 28599.5 44
1749847409859 28658.2 45
1749847419949 28718.8 46
1749847430046 28748.3 47
1749847440208 28764.7 48
1749847450349 28986.8 49
1749847460532 28877.4 50
1749847470717 29171.2 51
1749847480946 29340.1 52
1749847491020 29534.7 53
1749847501151 29653.5 54
1749847511392 29804.3 55
1749847521538 29873.3 56
1749847531649 29944.8 57
1749847541785 30131.7 58
1749847551929 30044.1 59
1749847562139 30055.6 60
1749847572343 29962.5 61
1749847582494 30111.3 62
1749847592665 30147.8 63
1749847603078 30345.9 64
1749847613243 30407.8 65
1749847623365 30619.6 66
1749847633593 30742.4 67
1749847643762 30759.5 68
1749847654470 30892.9 69
1749847664553 30955.0 70
1749847674631 31085.2 71
1749847684776 30759.7 72
1749847694911 30840.9 73
1749847705038 30890.9 74
1749847716015 31137.3 75
1749847726615 31018.7 76
1749847736707 31107.7 77
1749847746879 31179.3 78
1749847757002 31298.8 79
1749847767121 31386.4 80
1749847777555 31282.3 81
