1749846950914 78.6 0
1749846961091 79.7 1
1749846971247 79.6 2
1749846981401 80.2 3
1749846991496 79.0 4
1749847001597 80.1 5
1749847011692 80.4 6
1749847021805 80.7 7
1749847031916 80.7 8
1749847042118 80.6 9
1749847052258 81.1 10
1749847062388 80.3 11
1749847072512 79.4 12
1749847082613 79.4 13
1749847092789 79.8 14
1749847102940 79.8 15
1749847113152 80.0 16
1749847123264 81.8 17
1749847133387 81.1 18
1749847143517 81.0 19
1749847153655 82.3 20
1749847163789 82.2 21
1749847173944 81.6 22
1749847184158 82.0 23
1749847194351 82.3 24
1749847204504 82.1 25
1749847215757 82.3 26
1749847225893 82.3 27
1749847236005 82.4 28
1749847246126 82.5 29
1749847256261 83.2 30
1749847266436 83.4 31
1749847276643 83.3 32
1749847286792 83.4 33
1749847296971 83.2 34
1749847307098 83.3 35
1749847317255 83.7 36
1749847327510 83.8 37
1749847337644 83.7 38
1749847347761 83.8 39
1749847358047 84.1 40
1749847368181 84.4 41
1749847378364 84.5 42
1749847388531 84.0 43
1749847398734 84.0 44
1749847409859 84.2 45
1749847419949 84.4 46
1749847430046 84.5 47
1749847440208 84.5 48
1749847450349 85.2 49
1749847460532 84.9 50
1749847470717 85.7 51
1749847480946 86.2 52
1749847491020 86.8 53
1749847501151 87.1 54
1749847511392 87.6 55
1749847521538 87.8 56
1749847531649 88.0 57
1749847541785 88.5 58
1749847551929 88.3 59
1749847562139 88.3 60
1749847572343 88.0 61
1749847582494 88.5 62
1749847592665 88.6 63
1749847603078 89.2 64
1749847613243 89.4 65
1749847623365 90.0 66
1749847633593 90.3 67
1749847643762 90.4 68
1749847654470 90.8 69
1749847664553 91.0 70
1749847674631 91.3 71
1749847684776 90.4 72
1749847694911 90.6 73
1749847705038 90.8 74
1749847716015 91.5 75
1749847726615 91.2 76
1749847736707 91.4 77
1749847746879 91.6 78
1749847757002 92.0 79
1749847767121 92.2 80
1749847777555 91.9 81
