1752548861932 0.0 0
1752548872274 60.3 1
1752548882487 65.0 2
1752548892736 84.1 3
1752548902956 83.7 4
1752548913199 84.9 5
1752548923311 73.7 6
1752548933439 55.0 7
1752548943513 36.0 8
1752548953625 54.5 9
1752548963735 55.4 10
1752548973877 54.6 11
1752548983977 55.2 12
1752548994161 54.3 13
1752549004344 54.8 14
1752549014535 55.2 15
1752549024639 54.8 16
1752549034735 54.1 17
1752549044867 54.8 18
1752549054993 54.8 19
1752549065103 54.3 20
1752549075209 53.4 21
1752549085288 53.7 22
1752549095376 54.9 23
1752549105506 55.6 24
1752549115650 36.9 25
1752549125777 55.7 26
1752549135871 53.9 27
1752549145954 53.8 28
1752549156079 54.2 29
1752549166178 52.7 30
1752549176333 53.9 31
1752549186519 55.8 32
1752549196597 54.2 33
1752549206684 53.7 34
1752549216882 54.1 35
1752549226996 55.3 36
1752549237179 54.0 37
1752549247258 54.9 38
1752549257335 45.2 39
1752549267437 43.9 40
1752549277598 54.3 41
1752549287698 54.3 42
1752549297815 53.1 43
1752549307949 54.6 44
1752549318088 36.6 45
1752549328232 53.4 46
1752549338363 36.8 47
1752549348445 56.6 48
1752549359229 35.4 49
1752549369339 49.9 50
1752549379438 39.1 51
1752549389523 46.5 52
