1752548861932 259681.6 0
1752548872274 259638.9 1
1752548882487 259650.0 2
1752548892736 259660.3 3
1752548902956 259669.4 4
1752548913199 259671.4 5
1752548923311 259671.5 6
1752548933439 259671.5 7
1752548943513 259671.5 8
1752548953625 259671.6 9
1752548963735 259671.7 10
1752548973877 259671.7 11
1752548983977 259671.8 12
1752548994161 259671.7 13
1752549004344 259671.7 14
1752549014535 259672.0 15
1752549024639 259672.0 16
1752549034735 259672.0 17
1752549044867 259672.0 18
1752549054993 259672.4 19
1752549065103 259672.4 20
1752549075209 259672.4 21
1752549085288 259672.4 22
1752549095376 259672.4 23
1752549105506 259672.3 24
1752549115650 259672.4 25
1752549125777 259672.5 26
1752549135871 259672.5 27
1752549145954 259672.5 28
1752549156079 259673.0 29
1752549166178 259673.1 30
1752549176333 259673.1 31
1752549186519 259673.1 32
1752549196597 259673.0 33
1752549206684 259673.0 34
1752549216882 259672.9 35
1752549226996 259673.0 36
1752549237179 259673.0 37
1752549247258 259672.9 38
1752549257335 259673.0 39
1752549267437 259672.9 40
1752549277598 259673.0 41
1752549287698 259673.1 42
1752549297815 259673.1 43
1752549307949 259673.1 44
1752549318088 259673.0 45
1752549328232 259673.0 46
1752549338363 259673.2 47
1752549348445 259673.4 48
1752549359229 259673.4 49
1752549369339 259673.4 50
1752549379438 259673.3 51
1752549389523 259673.3 52
