1752548861932 25.4 0
1752548872274 25.4 1
1752548882487 25.4 2
1752548892736 25.4 3
1752548902956 25.4 4
1752548913199 25.4 5
1752548923311 25.4 6
1752548933439 25.4 7
1752548943513 25.4 8
1752548953625 25.4 9
1752548963735 25.4 10
1752548973877 25.4 11
1752548983977 25.4 12
1752548994161 25.4 13
1752549004344 25.4 14
1752549014535 25.4 15
1752549024639 25.4 16
1752549034735 25.4 17
1752549044867 25.4 18
1752549054993 25.4 19
1752549065103 25.4 20
1752549075209 25.4 21
1752549085288 25.4 22
1752549095376 25.4 23
1752549105506 25.4 24
1752549115650 25.4 25
1752549125777 25.4 26
1752549135871 25.4 27
1752549145954 25.4 28
1752549156079 25.4 29
1752549166178 25.4 30
1752549176333 25.4 31
1752549186519 25.4 32
1752549196597 25.4 33
1752549206684 25.4 34
1752549216882 25.4 35
1752549226996 25.4 36
1752549237179 25.4 37
1752549247258 25.4 38
1752549257335 25.4 39
1752549267437 25.4 40
1752549277598 25.4 41
1752549287698 25.4 42
1752549297815 25.4 43
1752549307949 25.4 44
1752549318088 25.4 45
1752549328232 25.4 46
1752549338363 25.4 47
1752549348445 25.4 48
1752549359229 25.4 49
1752549369339 25.4 50
1752549379438 25.4 51
1752549389523 25.4 52
