1752548861932 763712.0 0
1752548872274 763754.7 1
1752548882487 763743.6 2
1752548892736 763733.3 3
1752548902956 763724.2 4
1752548913199 763722.3 5
1752548923311 763722.1 6
1752548933439 763722.1 7
1752548943513 763722.1 8
1752548953625 763722.0 9
1752548963735 763722.0 10
1752548973877 763721.9 11
1752548983977 763721.8 12
1752548994161 763721.9 13
1752549004344 763721.9 14
1752549014535 763721.7 15
1752549024639 763721.6 16
1752549034735 763721.6 17
1752549044867 763721.6 18
1752549054993 763721.2 19
1752549065103 763721.2 20
1752549075209 763721.2 21
1752549085288 763721.3 22
1752549095376 763721.3 23
1752549105506 763721.3 24
1752549115650 763721.3 25
1752549125777 763721.1 26
1752549135871 763721.2 27
1752549145954 763721.1 28
1752549156079 763720.7 29
1752549166178 763720.5 30
1752549176333 763720.5 31
1752549186519 763720.5 32
1752549196597 763720.6 33
1752549206684 763720.6 34
1752549216882 763720.7 35
1752549226996 763720.6 36
1752549237179 763720.7 37
1752549247258 763720.7 38
1752549257335 763720.7 39
1752549267437 763720.7 40
1752549277598 763720.6 41
1752549287698 763720.5 42
1752549297815 763720.5 43
1752549307949 763720.5 44
1752549318088 763720.6 45
1752549328232 763720.6 46
1752549338363 763720.5 47
1752549348445 763720.2 48
1752549359229 763720.2 49
1752549369339 763720.2 50
1752549379438 763720.3 51
1752549389523 763720.3 52
