1752548861932 0.00020099999999700913 0
1752548872274 0.45744700000000194 1
1752548882487 0.4839509999999976 2
1752548892736 0.5100010000000026 3
1752548902956 0.5228290000000015 4
1752548913199 0.5338720000000023 5
1752548923311 0.5597660000000033 6
1752548933439 0.560220000000001 7
1752548943513 0.5716109999999972 8
1752548953625 0.5941240000000008 9
1752548963735 0.6052740000000014 10
1752548973877 0.6541080000000008 11
1752548983977 0.6639729999999986 12
1752548994161 0.6906930000000031 13
1752549004344 0.7207069999999973 14
1752549014535 0.7215320000000034 15
1752549024639 0.7222440000000034 16
1752549034735 0.7228569999999976 17
1752549044867 0.7237379999999973 18
1752549054993 0.7636170000000035 19
1752549065103 0.7667939999999973 20
1752549075209 0.7675630000000027 21
1752549085288 0.7735490000000027 22
1752549095376 0.7748520000000028 23
1752549105506 0.7761920000000018 24
1752549115650 0.7774769999999975 25
1752549125777 0.7793770000000038 26
1752549135871 0.7802629999999979 27
1752549145954 0.7812860000000015 28
1752549156079 0.7834360000000018 29
1752549166178 0.8530739999999994 30
1752549176333 0.8662610000000015 31
1752549186519 0.882674999999999 32
1752549196597 0.8830629999999999 33
1752549206684 0.8856919999999988 34
1752549216882 0.886454999999998 35
1752549226996 0.8881110000000021 36
1752549237179 0.8990200000000002 37
1752549247258 0.8999450000000024 38
1752549257335 0.925063999999999 39
1752549267437 0.9258530000000036 40
1752549277598 0.9263729999999981 41
1752549287698 0.9416080000000022 42
1752549297815 0.995747999999999 43
1752549307949 1.0050590000000028 44
1752549318088 1.0055789999999973 45
1752549328232 1.006185000000002 46
1752549338363 1.0069349999999986 47
1752549348445 1.0160470000000004 48
1752549359229 1.0228510000000028 49
1752549369339 1.023608000000003 50
1752549379438 1.0240790000000004 51
1752549389523 1.0301570000000027 52
