1752548861932 0.0020029999999984227 0
1752548872274 3.304197999999996 1
1752548882487 3.352031 2
1752548892736 3.374672999999998 3
1752548902956 3.3891600000000004 4
1752548913199 3.414210999999998 5
1752548923311 3.5380239999999965 6
1752548933439 3.5396409999999996 7
1752548943513 3.5454079999999983 8
1752548953625 3.562977 9
1752548963735 3.5882210000000008 10
1752548973877 3.631271999999999 11
1752548983977 3.657602999999998 12
1752548994161 3.6832680000000018 13
1752549004344 3.704862000000002 14
1752549014535 3.7065809999999964 15
1752549024639 3.7080990000000007 16
1752549034735 3.709413999999999 17
1752549044867 3.710840000000001 18
1752549054993 3.7520070000000025 19
1752549065103 3.7564189999999975 20
1752549075209 3.757799000000002 21
1752549085288 3.7612909999999964 22
1752549095376 3.7640920000000015 23
1752549105506 3.7705379999999984 24
1752549115650 3.7720319999999994 25
1752549125777 3.776737999999998 26
1752549135871 3.7787690000000005 27
1752549145954 3.7801480000000005 28
1752549156079 3.7823170000000026 29
1752549166178 3.791830000000001 30
1752549176333 3.806206999999997 31
1752549186519 3.818242999999999 32
1752549196597 3.819359000000002 33
1752549206684 3.8244390000000017 34
1752549216882 3.8272609999999965 35
1752549226996 3.8326680000000017 36
1752549237179 3.8378029999999974 37
1752549247258 3.839611999999999 38
1752549257335 3.857505999999997 39
1752549267437 3.8589809999999964 40
1752549277598 3.860196999999996 41
1752549287698 3.8785869999999996 42
1752549297815 3.8994019999999985 43
1752549307949 3.9038760000000003 44
1752549318088 3.9050910000000023 45
1752549328232 3.906395 46
1752549338363 3.909921999999998 47
1752549348445 3.9208099999999995 48
1752549359229 3.925983999999996 49
1752549369339 3.927393999999996 50
1752549379438 3.9285809999999977 51
1752549389523 3.9328779999999988 52
