1752548861932 53.3 0
1752548872274 53.6 1
1752548882487 54.8 2
1752548892736 54.4 3
1752548902956 54.3 4
1752548913199 54.6 5
1752548923311 54.8 6
1752548933439 52.9 7
1752548943513 53.3 8
1752548953625 52.1 9
1752548963735 51.7 10
1752548973877 51.8 11
1752548983977 51.9 12
1752548994161 52.1 13
1752549004344 51.7 14
1752549014535 52.0 15
1752549024639 51.6 16
1752549034735 52.0 17
1752549044867 51.7 18
1752549054993 52.1 19
1752549065103 52.1 20
1752549075209 51.7 21
1752549085288 51.8 22
1752549095376 51.9 23
1752549105506 51.9 24
1752549115650 52.3 25
1752549125777 51.5 26
1752549135871 51.3 27
1752549145954 51.6 28
1752549156079 51.2 29
1752549166178 51.0 30
1752549176333 51.2 31
1752549186519 51.1 32
1752549196597 51.4 33
1752549206684 51.4 34
1752549216882 51.3 35
1752549226996 51.5 36
1752549237179 51.2 37
1752549247258 51.4 38
1752549257335 51.0 39
1752549267437 51.8 40
1752549277598 51.7 41
1752549287698 51.7 42
1752549297815 51.5 43
1752549307949 51.6 44
1752549318088 52.0 45
1752549328232 52.0 46
1752549338363 52.0 47
1752549348445 52.1 48
1752549359229 51.8 49
1752549369339 51.8 50
1752549379438 52.7 51
1752549389523 52.2 52
