1752548861932 18147.9 0
1752548872274 18245.2 1
1752548882487 18653.0 2
1752548892736 18502.6 3
1752548902956 18466.4 4
1752548913199 18563.7 5
1752548923311 18650.8 6
1752548933439 17993.8 7
1752548943513 18150.2 8
1752548953625 17742.2 9
1752548963735 17588.1 10
1752548973877 17630.5 11
1752548983977 17651.2 12
1752548994161 17723.3 13
1752549004344 17597.7 14
1752549014535 17682.7 15
1752549024639 17575.4 16
1752549034735 17682.3 17
1752549044867 17597.8 18
1752549054993 17715.5 19
1752549065103 17718.9 20
1752549075209 17583.7 21
1752549085288 17627.8 22
1752549095376 17669.0 23
1752549105506 17647.3 24
1752549115650 17785.2 25
1752549125777 17539.6 26
1752549135871 17440.8 27
1752549145954 17543.8 28
1752549156079 17413.1 29
1752549166178 17338.0 30
1752549176333 17435.5 31
1752549186519 17401.3 32
1752549196597 17490.4 33
1752549206684 17474.5 34
1752549216882 17448.4 35
1752549226996 17535.0 36
1752549237179 17411.5 37
1752549247258 17494.0 38
1752549257335 17363.4 39
1752549267437 17626.8 40
1752549277598 17604.1 41
1752549287698 17576.3 42
1752549297815 17509.7 43
1752549307949 17547.1 44
1752549318088 17704.9 45
1752549328232 17709.2 46
1752549338363 17701.1 47
1752549348445 17730.1 48
1752549359229 17639.9 49
1752549369339 17628.7 50
1752549379438 17924.6 51
1752549389523 17770.4 52
