1752505004489 0.0 0
1752505014649 34.0 1
1752505024786 53.3 2
1752505034905 54.1 3
1752505045027 53.7 4
1752505055193 54.7 5
1752505065307 54.8 6
1752505075467 55.0 7
1752505085537 55.9 8
1752505095627 50.7 9
1752505105723 46.0 10
1752505115851 56.1 11
1752505126045 52.8 12
1752505136164 54.7 13
1752505146334 54.5 14
1752505156467 55.2 15
1752505166588 44.3 16
1752505176760 55.3 17
1752505186919 45.5 18
1752505197077 56.8 19
1752505207369 45.0 20
1752505217615 55.0 21
1752505227930 45.8 22
1752505238086 52.9 23
1752505248247 54.8 24
1752505258429 55.7 25
1752505268550 56.9 26
1752505278751 45.4 27
1752505288951 55.8 28
1752505299158 55.9 29
1752505309356 56.1 30
1752505319640 54.8 31
