1752505004489 259418.0 0
1752505014649 259418.2 1
1752505024786 259418.0 2
1752505034905 259418.2 3
1752505045027 259418.1 4
1752505055193 259418.2 5
1752505065307 259418.8 6
1752505075467 259419.0 7
1752505085537 259419.1 8
1752505095627 259419.2 9
1752505105723 259419.1 10
1752505115851 259419.2 11
1752505126045 259419.2 12
1752505136164 259419.2 13
1752505146334 259419.2 14
1752505156467 259419.3 15
1752505166588 259420.0 16
1752505176760 259420.0 17
1752505186919 259420.4 18
1752505197077 259420.7 19
1752505207369 259421.5 20
1752505217615 259421.6 21
1752505227930 259422.2 22
1752505238086 259422.4 23
1752505248247 259422.4 24
1752505258429 259422.5 25
1752505268550 259422.5 26
1752505278751 259422.5 27
1752505288951 259422.5 28
1752505299158 259422.6 29
1752505309356 259422.7 30
1752505319640 259422.7 31
