1752505004489 25.3 0
1752505014649 25.3 1
1752505024786 25.3 2
1752505034905 25.3 3
1752505045027 25.3 4
1752505055193 25.3 5
1752505065307 25.3 6
1752505075467 25.3 7
1752505085537 25.3 8
1752505095627 25.3 9
1752505105723 25.3 10
1752505115851 25.3 11
1752505126045 25.3 12
1752505136164 25.3 13
1752505146334 25.3 14
1752505156467 25.3 15
1752505166588 25.3 16
1752505176760 25.3 17
1752505186919 25.3 18
1752505197077 25.3 19
1752505207369 25.3 20
1752505217615 25.3 21
1752505227930 25.3 22
1752505238086 25.3 23
1752505248247 25.3 24
1752505258429 25.3 25
1752505268550 25.3 26
1752505278751 25.3 27
1752505288951 25.3 28
1752505299158 25.3 29
1752505309356 25.3 30
1752505319640 25.3 31
