1752505004489 763975.7 0
1752505014649 763975.4 1
1752505024786 763975.6 2
1752505034905 763975.5 3
1752505045027 763975.5 4
1752505055193 763975.4 5
1752505065307 763974.9 6
1752505075467 763974.6 7
1752505085537 763974.5 8
1752505095627 763974.5 9
1752505105723 763974.5 10
1752505115851 763974.4 11
1752505126045 763974.5 12
1752505136164 763974.5 13
1752505146334 763974.4 14
1752505156467 763974.3 15
1752505166588 763973.6 16
1752505176760 763973.6 17
1752505186919 763973.2 18
1752505197077 763972.9 19
1752505207369 763972.2 20
1752505217615 763972.0 21
1752505227930 763971.4 22
1752505238086 763971.2 23
1752505248247 763971.2 24
1752505258429 763971.1 25
1752505268550 763971.1 26
1752505278751 763971.1 27
1752505288951 763971.1 28
1752505299158 763971.0 29
1752505309356 763971.0 30
1752505319640 763970.9 31
