1752505004489 0.0 0
1752505014649 0.2533239999999921 1
1752505024786 0.27488199999999097 2
1752505034905 0.28896699999999953 3
1752505045027 0.29387699999999484 4
1752505055193 0.3375679999999903 5
1752505065307 0.3406869999999884 6
1752505075467 0.3465759999999989 7
1752505085537 0.3761249999999876 8
1752505095627 0.38375799999998605 9
1752505105723 0.3906209999999959 10
1752505115851 0.3983469999999869 11
1752505126045 0.4099679999999921 12
1752505136164 0.4787419999999969 13
1752505146334 0.5079309999999992 14
1752505156467 0.5228599999999943 15
1752505166588 0.620205999999996 16
1752505176760 0.6312519999999893 17
1752505186919 0.6844739999999945 18
1752505197077 0.6983399999999875 19
1752505207369 0.7430499999999967 20
1752505217615 0.7500309999999928 21
1752505227930 0.8064229999999952 22
1752505238086 0.840492999999995 23
1752505248247 0.8772049999999894 24
1752505258429 0.9060980000000001 25
1752505268550 0.9095189999999889 26
1752505278751 0.9160829999999862 27
1752505288951 0.9176449999999932 28
1752505299158 0.9251699999999943 29
1752505309356 0.9522029999999972 30
1752505319640 0.985888999999986 31
