1752505004489 0.0 0
1752505014649 0.33144300000000726 1
1752505024786 0.35143100000000516 2
1752505034905 0.3664500000000004 3
1752505045027 0.37111200000001077 4
1752505055193 0.4018180000000058 5
1752505065307 0.40503400000000056 6
1752505075467 0.4201050000000066 7
1752505085537 0.4559150000000045 8
1752505095627 0.4631380000000007 9
1752505105723 0.4697890000000058 10
1752505115851 0.4846280000000007 11
1752505126045 0.4950630000000018 12
1752505136164 0.49992699999999957 13
1752505146334 0.5230590000000035 14
1752505156467 0.5476190000000116 15
1752505166588 0.6533860000000118 16
1752505176760 0.6612280000000084 17
1752505186919 0.7143190000000033 18
1752505197077 0.7290860000000094 19
1752505207369 0.7652770000000118 20
1752505217615 0.7711710000000096 21
1752505227930 0.877586000000008 22
1752505238086 0.924042 23
1752505248247 0.9591589999999997 24
1752505258429 1.023103000000006 25
1752505268550 1.0257420000000081 26
1752505278751 1.0312510000000117 27
1752505288951 1.0325530000000072 28
1752505299158 1.039266000000012 29
1752505309356 1.057618000000005 30
1752505319640 1.0853730000000041 31
