1752505004489 15953.0 0
1752505014649 15794.4 1
1752505024786 15702.9 2
1752505034905 15681.3 3
1752505045027 15671.5 4
1752505055193 15734.9 5
1752505065307 15757.4 6
1752505075467 15772.1 7
1752505085537 15740.8 8
1752505095627 15730.3 9
1752505105723 15635.9 10
1752505115851 15540.9 11
1752505126045 15531.9 12
1752505136164 15572.6 13
1752505146334 15556.8 14
1752505156467 15484.1 15
1752505166588 15549.3 16
1752505176760 15549.3 17
1752505186919 15738.0 18
1752505197077 15838.9 19
1752505207369 15797.2 20
1752505217615 15866.4 21
1752505227930 15883.3 22
1752505238086 15946.3 23
1752505248247 15873.8 24
1752505258429 15946.4 25
1752505268550 15954.7 26
1752505278751 15941.3 27
1752505288951 15931.2 28
1752505299158 15861.1 29
1752505309356 15859.6 30
1752505319640 15923.7 31
