1752505004489 46.9 0
1752505014649 46.4 1
1752505024786 46.1 2
1752505034905 46.1 3
1752505045027 46.1 4
1752505055193 46.2 5
1752505065307 46.3 6
1752505075467 46.3 7
1752505085537 46.3 8
1752505095627 46.2 9
1752505105723 45.9 10
1752505115851 45.7 11
1752505126045 45.6 12
1752505136164 45.8 13
1752505146334 45.7 14
1752505156467 45.5 15
1752505166588 45.7 16
1752505176760 45.7 17
1752505186919 46.2 18
1752505197077 46.5 19
1752505207369 46.4 20
1752505217615 46.6 21
1752505227930 46.7 22
1752505238086 46.9 23
1752505248247 46.6 24
1752505258429 46.9 25
1752505268550 46.9 26
1752505278751 46.8 27
1752505288951 46.8 28
1752505299158 46.6 29
1752505309356 46.6 30
1752505319640 46.8 31
