1752597964771 0.0 0
1752597974893 26.9 1
1752597984990 59.7 2
1752597995202 58.6 3
1752598005318 56.7 4
1752598015485 57.3 5
1752598025622 57.9 6
1752598036358 60.5 7
1752598046518 52.1 8
1752598056649 40.6 9
1752598066826 56.4 10
1752598077081 62.4 11
1752598087295 57.5 12
1752598097414 53.6 13
1752598107575 47.8 14
1752598117750 56.7 15
1752598127939 62.3 16
1752598138136 57.8 17
1752598148342 58.6 18
1752598158477 53.9 19
1752598168659 56.3 20
1752598178915 56.9 21
1752598189083 54.2 22
1752598199264 52.6 23
1752598209432 55.1 24
1752598219594 53.7 25
1752598229985 56.6 26
1752598240143 63.7 27
1752598250339 68.0 28
1752598260573 65.0 29
1752598270762 63.4 30
1752598280994 67.6 31
1752598291177 83.0 32
1752598301501 80.9 33
1752598311625 81.3 34
1752598321828 77.9 35
1752598332041 73.8 36
1752598342155 56.4 37
1752598352256 56.7 38
1752598362373 57.1 39
1752598372661 56.9 40
1752598382971 41.0 41
1752598393196 38.9 42
1752598403522 40.4 43
1752598413949 38.9 44
1752598424300 38.3 45
1752598434566 44.6 46
1752598444910 37.9 47
1752598455214 39.1 48
1752598465589 38.7 49
1752598475828 40.2 50
1752598486082 38.9 51
1752598496231 42.0 52
1752598506363 39.0 53
1752598516626 24.5 54
1752598526794 34.5 55
1752598536937 38.0 56
1752598547091 39.2 57
1752598557520 38.4 58
1752598567822 38.0 59
1752598578074 38.8 60
1752598588230 38.0 61
1752598598564 42.1 62
1752598608876 43.1 63
1752598619039 39.3 64
1752598629245 39.4 65
1752598639614 44.9 66
1752598649781 46.2 67
1752598659944 45.2 68
1752598670237 42.7 69
1752598680510 38.6 70
1752598691073 37.1 71
1752598701422 37.7 72
1752598711601 37.1 73
1752598721924 37.1 74
1752598732255 44.6 75
1752598742488 41.1 76
1752598752756 35.7 77
1752598763134 44.0 78
1752598773277 45.9 79
1752598783400 37.6 80
1752598793682 25.8 81
1752598803952 38.2 82
1752598814103 43.3 83
1752598824457 42.5 84
1752598834890 39.6 85
1752598845128 48.2 86
1752598855584 44.1 87
1752598865825 41.4 88
1752598875976 37.0 89
1752598886190 36.7 90
1752598896355 39.2 91
1752598906664 38.4 92
1752598916948 32.3 93
1752598927133 27.2 94
1752598937641 39.8 95
1752598947980 39.6 96
1752598958283 37.5 97
1752598968507 39.5 98
1752598978806 38.6 99
1752598989140 41.5 100
1752598999294 35.5 101
1752599009608 36.6 102
1752599019811 37.2 103
1752599030241 38.1 104
1752599040576 36.1 105
1752599051002 39.5 106
1752599061337 37.7 107
1752599071549 36.4 108
1752599081819 38.4 109
1752599092007 20.8 110
1752599102456 38.1 111
1752599112656 38.3 112
1752599123025 37.3 113
1752599133209 38.1 114
1752599143347 28.1 115
1752599153571 29.9 116
1752599164097 40.5 117
1752599174457 48.6 118
1752599184643 61.6 119
1752599194758 57.0 120
1752599204892 34.8 121
1752599215016 58.6 122
1752599225219 56.8 123
1752599235369 62.8 124
1752599245829 57.0 125
1752599256003 77.5 126
1752599266442 96.9 127
1752599276930 98.0 128
1752599287422 92.0 129
1752599298854 77.9 130
1752599310026 51.6 131
1752599321447 15.3 132
1752599333857 19.5 133
1752599345770 18.1 134
1752599357668 16.9 135
1752599369763 14.7 136
1752599381450 16.3 137
1752599393016 15.2 138
1752599406260 14.5 139
1752599418005 23.3 140
1752599428421 18.8 141
1752599440274 17.1 142
1752599451233 16.5 143
1752599462786 14.8 144
1752599474167 16.6 145
1752599486365 14.5 146
1752599501248 17.6 147
1752599512664 17.7 148
1752599524955 15.2 149
1752599536646 17.7 150
1752599548478 17.1 151
1752599561111 16.6 152
1752599571745 17.9 153
1752599583873 28.4 154
1752599595711 14.9 155
1752599608604 14.4 156
1752599620976 15.7 157
1752599632062 22.9 158
1752599646070 15.0 159
1752599657097 15.1 160
1752599668968 14.6 161
1752599680390 14.6 162
1752599692534 14.6 163
1752599704155 13.9 164
1752599715752 17.3 165
1752599727301 14.8 166
1752599739016 16.2 167
1752599750532 20.1 168
1752599761304 19.5 169
1752599773538 16.4 170
1752599784217 16.8 171
1752599796383 16.7 172
1752599808889 17.7 173
1752599820536 25.5 174
1752599833079 16.1 175
1752599843419 15.0 176
1752599853583 19.9 177
1752599863746 72.7 178
1752599874014 65.8 179
1752599884199 48.2 180
1752599895073 33.8 181
1752599905505 22.1 182
