1752597964771 259975.7 0
1752597974893 259977.1 1
1752597984990 259977.2 2
1752597995202 259977.5 3
1752598005318 259977.4 4
1752598015485 259977.6 5
1752598025622 259978.7 6
1752598036358 259978.8 7
1752598046518 259978.9 8
1752598056649 259978.9 9
1752598066826 260003.2 10
1752598077081 260003.7 11
1752598087295 260005.7 12
1752598097414 260006.6 13
1752598107575 260006.6 14
1752598117750 260007.0 15
1752598127939 260007.7 16
1752598138136 260007.6 17
1752598148342 260008.4 18
1752598158477 260008.4 19
1752598168659 260008.4 20
1752598178915 260010.4 21
1752598189083 260008.2 22
1752598199264 260008.3 23
1752598209432 260008.3 24
1752598219594 260008.4 25
1752598229985 260008.4 26
1752598240143 260008.7 27
1752598250339 260008.9 28
1752598260573 260009.2 29
1752598270762 260009.6 30
1752598280994 260009.9 31
1752598291177 260010.8 32
1752598301501 260010.8 33
1752598311625 260011.3 34
1752598321828 260014.0 35
1752598332041 260014.2 36
1752598342155 260014.2 37
1752598352256 260014.4 38
1752598362373 260014.4 39
1752598372661 260014.6 40
1752598382971 260011.7 41
1752598393196 260011.7 42
1752598403522 260011.9 43
1752598413949 260012.0 44
1752598424300 260012.0 45
1752598434566 260012.9 46
1752598444910 260012.9 47
1752598455214 260013.0 48
1752598465589 260013.3 49
1752598475828 260013.4 50
1752598486082 260013.8 51
1752598496231 260013.9 52
1752598506363 260014.3 53
1752598516626 260014.5 54
1752598526794 260014.7 55
1752598536937 260014.8 56
1752598547091 260015.1 57
1752598557520 260015.1 58
1752598567822 260015.1 59
1752598578074 260015.2 60
1752598588230 260015.2 61
1752598598564 260015.4 62
1752598608876 260015.7 63
1752598619039 260016.1 64
1752598629245 260015.9 65
1752598639614 260016.9 66
1752598649781 260020.6 67
1752598659944 260019.9 68
1752598670237 260020.2 69
1752598680510 260020.3 70
1752598691073 260020.5 71
1752598701422 260020.6 72
1752598711601 260020.6 73
1752598721924 260020.6 74
1752598732255 260020.8 75
1752598742488 260020.8 76
1752598752756 260020.8 77
1752598763134 260021.6 78
1752598773277 260022.1 79
1752598783400 260022.1 80
1752598793682 260022.3 81
1752598803952 260022.0 82
1752598814103 260032.8 83
1752598824457 260033.5 84
1752598834890 260033.5 85
1752598845128 260033.5 86
1752598855584 260033.7 87
1752598865825 260034.2 88
1752598875976 260034.6 89
1752598886190 260040.6 90
1752598896355 260040.6 91
1752598906664 260040.3 92
1752598916948 260040.2 93
1752598927133 260040.8 94
1752598937641 260040.9 95
1752598947980 260041.3 96
1752598958283 260041.3 97
1752598968507 260041.6 98
1752598978806 260041.8 99
1752598989140 260042.0 100
1752598999294 260042.3 101
1752599009608 260042.3 102
1752599019811 260042.4 103
1752599030241 260042.5 104
1752599040576 260042.5 105
1752599051002 260042.6 106
1752599061337 260042.6 107
1752599071549 260042.6 108
1752599081819 260042.9 109
1752599092007 260037.0 110
1752599102456 260037.0 111
1752599112656 260037.1 112
1752599123025 260037.1 113
1752599133209 260037.4 114
1752599143347 260037.4 115
1752599153571 260037.5 116
1752599164097 260037.6 117
1752599174457 260037.5 118
1752599184643 260037.5 119
1752599194758 260037.7 120
1752599204892 260037.7 121
1752599215016 260037.9 122
1752599225219 260038.1 123
1752599235369 260038.8 124
1752599245829 260038.9 125
1752599256003 260039.0 126
1752599266442 260039.2 127
1752599276930 260041.2 128
1752599287422 260050.7 129
1752599298854 260061.0 130
1752599310026 260027.4 131
1752599321447 260039.1 132
1752599333857 260057.9 133
1752599345770 260058.1 134
1752599357668 260058.9 135
1752599369763 260058.7 136
1752599381450 260058.7 137
1752599393016 260058.8 138
1752599406260 260058.8 139
1752599418005 260059.4 140
1752599428421 260059.8 141
1752599440274 260059.7 142
1752599451233 260059.8 143
1752599462786 260059.9 144
1752599474167 260061.0 145
1752599486365 260060.9 146
1752599501248 260060.9 147
1752599512664 260060.8 148
1752599524955 260061.1 149
1752599536646 260061.3 150
1752599548478 260061.3 151
1752599561111 260061.3 152
1752599571745 260060.0 153
1752599583873 260059.7 154
1752599595711 260061.8 155
1752599608604 260062.0 156
1752599620976 260062.0 157
1752599632062 260060.4 158
1752599646070 260060.5 159
1752599657097 260060.7 160
1752599668968 260060.9 161
1752599680390 260061.0 162
1752599692534 260060.8 163
1752599704155 260060.9 164
1752599715752 260060.4 165
1752599727301 260060.9 166
1752599739016 260061.0 167
1752599750532 260061.3 168
1752599761304 260061.4 169
1752599773538 260061.5 170
1752599784217 260061.4 171
1752599796383 260060.8 172
1752599808889 260060.8 173
1752599820536 260061.4 174
1752599833079 260061.5 175
1752599843419 260061.5 176
1752599853583 260061.9 177
1752599863746 260062.0 178
1752599874014 260062.1 179
1752599884199 260062.1 180
1752599895073 260061.4 181
1752599905505 260061.8 182
