1752597964771 763417.9 0
1752597974893 763416.5 1
1752597984990 763416.4 2
1752597995202 763416.1 3
1752598005318 763416.2 4
1752598015485 763416.1 5
1752598025622 763414.9 6
1752598036358 763414.8 7
1752598046518 763414.7 8
1752598056649 763414.7 9
1752598066826 763390.4 10
1752598077081 763389.9 11
1752598087295 763387.9 12
1752598097414 763387.1 13
1752598107575 763387.0 14
1752598117750 763386.6 15
1752598127939 763385.9 16
1752598138136 763386.0 17
1752598148342 763385.2 18
1752598158477 763385.3 19
1752598168659 763385.2 20
1752598178915 763383.3 21
1752598189083 763385.4 22
1752598199264 763385.4 23
1752598209432 763385.3 24
1752598219594 763385.2 25
1752598229985 763385.2 26
1752598240143 763385.0 27
1752598250339 763384.7 28
1752598260573 763384.4 29
1752598270762 763384.0 30
1752598280994 763383.7 31
1752598291177 763382.8 32
1752598301501 763382.8 33
1752598311625 763382.3 34
1752598321828 763379.6 35
1752598332041 763379.4 36
1752598342155 763379.4 37
1752598352256 763379.2 38
1752598362373 763379.2 39
1752598372661 763379.0 40
1752598382971 763381.9 41
1752598393196 763381.9 42
1752598403522 763381.7 43
1752598413949 763381.6 44
1752598424300 763381.6 45
1752598434566 763380.8 46
1752598444910 763380.7 47
1752598455214 763380.6 48
1752598465589 763380.3 49
1752598475828 763380.2 50
1752598486082 763379.8 51
1752598496231 763379.7 52
1752598506363 763379.3 53
1752598516626 763379.1 54
1752598526794 763378.9 55
1752598536937 763378.8 56
1752598547091 763378.5 57
1752598557520 763378.5 58
1752598567822 763378.5 59
1752598578074 763378.4 60
1752598588230 763378.4 61
1752598598564 763378.2 62
1752598608876 763378.0 63
1752598619039 763377.6 64
1752598629245 763377.7 65
1752598639614 763376.7 66
1752598649781 763373.0 67
1752598659944 763373.7 68
1752598670237 763373.4 69
1752598680510 763373.4 70
1752598691073 763373.2 71
1752598701422 763373.0 72
1752598711601 763373.0 73
1752598721924 763373.0 74
1752598732255 763372.8 75
1752598742488 763372.8 76
1752598752756 763372.9 77
1752598763134 763372.0 78
1752598773277 763371.5 79
1752598783400 763371.5 80
1752598793682 763371.3 81
1752598803952 763371.6 82
1752598814103 763360.8 83
1752598824457 763360.2 84
1752598834890 763360.2 85
1752598845128 763360.1 86
1752598855584 763359.9 87
1752598865825 763359.4 88
1752598875976 763359.0 89
1752598886190 763353.0 90
1752598896355 763353.0 91
1752598906664 763353.4 92
1752598916948 763353.4 93
1752598927133 763352.8 94
1752598937641 763352.7 95
1752598947980 763352.3 96
1752598958283 763352.3 97
1752598968507 763352.0 98
1752598978806 763351.8 99
1752598989140 763351.6 100
1752598999294 763351.4 101
1752599009608 763351.3 102
1752599019811 763351.3 103
1752599030241 763351.1 104
1752599040576 763351.1 105
1752599051002 763351.0 106
1752599061337 763351.0 107
1752599071549 763351.0 108
1752599081819 763350.7 109
1752599092007 763356.7 110
1752599102456 763356.6 111
1752599112656 763356.6 112
1752599123025 763356.6 113
1752599133209 763356.3 114
1752599143347 763356.2 115
1752599153571 763356.1 116
1752599164097 763356.0 117
1752599174457 763356.1 118
1752599184643 763356.1 119
1752599194758 763356.0 120
1752599204892 763355.9 121
1752599215016 763355.7 122
1752599225219 763355.5 123
1752599235369 763354.8 124
1752599245829 763354.7 125
1752599256003 763354.6 126
1752599266442 763354.4 127
1752599276930 763352.4 128
1752599287422 763342.9 129
1752599298854 763332.6 130
1752599310026 763366.3 131
1752599321447 763354.5 132
1752599333857 763335.7 133
1752599345770 763335.5 134
1752599357668 763334.7 135
1752599369763 763334.9 136
1752599381450 763334.9 137
1752599393016 763334.8 138
1752599406260 763334.8 139
1752599418005 763334.3 140
1752599428421 763333.8 141
1752599440274 763333.9 142
1752599451233 763333.8 143
1752599462786 763333.7 144
1752599474167 763332.6 145
1752599486365 763332.7 146
1752599501248 763332.8 147
1752599512664 763332.8 148
1752599524955 763332.5 149
1752599536646 763332.3 150
1752599548478 763332.4 151
1752599561111 763332.3 152
1752599571745 763333.7 153
1752599583873 763334.0 154
1752599595711 763331.8 155
1752599608604 763331.6 156
1752599620976 763331.6 157
1752599632062 763333.2 158
1752599646070 763333.2 159
1752599657097 763332.9 160
1752599668968 763332.7 161
1752599680390 763332.7 162
1752599692534 763332.9 163
1752599704155 763332.7 164
1752599715752 763333.2 165
1752599727301 763332.8 166
1752599739016 763332.7 167
1752599750532 763332.3 168
1752599761304 763332.2 169
1752599773538 763332.1 170
1752599784217 763332.2 171
1752599796383 763332.8 172
1752599808889 763332.9 173
1752599820536 763332.3 174
1752599833079 763332.1 175
1752599843419 763332.1 176
1752599853583 763331.7 177
1752599863746 763331.7 178
1752599874014 763331.5 179
1752599884199 763331.5 180
1752599895073 763332.2 181
1752599905505 763331.8 182
