1752597964771 25.4 0
1752597974893 25.4 1
1752597984990 25.4 2
1752597995202 25.4 3
1752598005318 25.4 4
1752598015485 25.4 5
1752598025622 25.4 6
1752598036358 25.4 7
1752598046518 25.4 8
1752598056649 25.4 9
1752598066826 25.4 10
1752598077081 25.4 11
1752598087295 25.4 12
1752598097414 25.4 13
1752598107575 25.4 14
1752598117750 25.4 15
1752598127939 25.4 16
1752598138136 25.4 17
1752598148342 25.4 18
1752598158477 25.4 19
1752598168659 25.4 20
1752598178915 25.4 21
1752598189083 25.4 22
1752598199264 25.4 23
1752598209432 25.4 24
1752598219594 25.4 25
1752598229985 25.4 26
1752598240143 25.4 27
1752598250339 25.4 28
1752598260573 25.4 29
1752598270762 25.4 30
1752598280994 25.4 31
1752598291177 25.4 32
1752598301501 25.4 33
1752598311625 25.4 34
1752598321828 25.4 35
1752598332041 25.4 36
1752598342155 25.4 37
1752598352256 25.4 38
1752598362373 25.4 39
1752598372661 25.4 40
1752598382971 25.4 41
1752598393196 25.4 42
1752598403522 25.4 43
1752598413949 25.4 44
1752598424300 25.4 45
1752598434566 25.4 46
1752598444910 25.4 47
1752598455214 25.4 48
1752598465589 25.4 49
1752598475828 25.4 50
1752598486082 25.4 51
1752598496231 25.4 52
1752598506363 25.4 53
1752598516626 25.4 54
1752598526794 25.4 55
1752598536937 25.4 56
1752598547091 25.4 57
1752598557520 25.4 58
1752598567822 25.4 59
1752598578074 25.4 60
1752598588230 25.4 61
1752598598564 25.4 62
1752598608876 25.4 63
1752598619039 25.4 64
1752598629245 25.4 65
1752598639614 25.4 66
1752598649781 25.4 67
1752598659944 25.4 68
1752598670237 25.4 69
1752598680510 25.4 70
1752598691073 25.4 71
1752598701422 25.4 72
1752598711601 25.4 73
1752598721924 25.4 74
1752598732255 25.4 75
1752598742488 25.4 76
1752598752756 25.4 77
1752598763134 25.4 78
1752598773277 25.4 79
1752598783400 25.4 80
1752598793682 25.4 81
1752598803952 25.4 82
1752598814103 25.4 83
1752598824457 25.4 84
1752598834890 25.4 85
1752598845128 25.4 86
1752598855584 25.4 87
1752598865825 25.4 88
1752598875976 25.4 89
1752598886190 25.4 90
1752598896355 25.4 91
1752598906664 25.4 92
1752598916948 25.4 93
1752598927133 25.4 94
1752598937641 25.4 95
1752598947980 25.4 96
1752598958283 25.4 97
1752598968507 25.4 98
1752598978806 25.4 99
1752598989140 25.4 100
1752598999294 25.4 101
1752599009608 25.4 102
1752599019811 25.4 103
1752599030241 25.4 104
1752599040576 25.4 105
1752599051002 25.4 106
1752599061337 25.4 107
1752599071549 25.4 108
1752599081819 25.4 109
1752599092007 25.4 110
1752599102456 25.4 111
1752599112656 25.4 112
1752599123025 25.4 113
1752599133209 25.4 114
1752599143347 25.4 115
1752599153571 25.4 116
1752599164097 25.4 117
1752599174457 25.4 118
1752599184643 25.4 119
1752599194758 25.4 120
1752599204892 25.4 121
1752599215016 25.4 122
1752599225219 25.4 123
1752599235369 25.4 124
1752599245829 25.4 125
1752599256003 25.4 126
1752599266442 25.4 127
1752599276930 25.4 128
1752599287422 25.4 129
1752599298854 25.4 130
1752599310026 25.4 131
1752599321447 25.4 132
1752599333857 25.4 133
1752599345770 25.4 134
1752599357668 25.4 135
1752599369763 25.4 136
1752599381450 25.4 137
1752599393016 25.4 138
1752599406260 25.4 139
1752599418005 25.4 140
1752599428421 25.4 141
1752599440274 25.4 142
1752599451233 25.4 143
1752599462786 25.4 144
1752599474167 25.4 145
1752599486365 25.4 146
1752599501248 25.4 147
1752599512664 25.4 148
1752599524955 25.4 149
1752599536646 25.4 150
1752599548478 25.4 151
1752599561111 25.4 152
1752599571745 25.4 153
1752599583873 25.4 154
1752599595711 25.4 155
1752599608604 25.4 156
1752599620976 25.4 157
1752599632062 25.4 158
1752599646070 25.4 159
1752599657097 25.4 160
1752599668968 25.4 161
1752599680390 25.4 162
1752599692534 25.4 163
1752599704155 25.4 164
1752599715752 25.4 165
1752599727301 25.4 166
1752599739016 25.4 167
1752599750532 25.4 168
1752599761304 25.4 169
1752599773538 25.4 170
1752599784217 25.4 171
1752599796383 25.4 172
1752599808889 25.4 173
1752599820536 25.4 174
1752599833079 25.4 175
1752599843419 25.4 176
1752599853583 25.4 177
1752599863746 25.4 178
1752599874014 25.4 179
1752599884199 25.4 180
1752599895073 25.4 181
1752599905505 25.4 182
