1752597964771 0.0 0
1752597974893 0.3019769999999937 1
1752597984990 0.34883800000000065 2
1752597995202 0.5458580000000097 3
1752598005318 0.6616020000000162 4
1752598015485 0.765388999999999 5
1752598025622 0.8840950000000021 6
1752598036358 0.9549120000000073 7
1752598046518 1.0447560000000067 8
1752598056649 1.162790000000001 9
1752598066826 1.261166000000003 10
1752598077081 1.5260069999999928 11
1752598087295 1.813227000000012 12
1752598097414 2.0283780000000036 13
1752598107575 2.0846769999999992 14
1752598117750 2.2239600000000053 15
1752598127939 2.4970670000000155 16
1752598138136 2.6472510000000113 17
1752598148342 2.878091000000012 18
1752598158477 3.121116999999998 19
1752598168659 3.2134100000000103 20
1752598178915 3.2985319999999945 21
1752598189083 3.3851310000000012 22
1752598199264 3.421560999999997 23
1752598209432 3.4754700000000014 24
1752598219594 3.627217999999999 25
1752598229985 3.668485000000004 26
1752598240143 3.8389430000000004 27
1752598250339 4.098529000000013 28
1752598260573 4.1831320000000005 29
1752598270762 4.310238999999996 30
1752598280994 4.4333540000000085 31
1752598291177 4.565705000000008 32
1752598301501 4.637143000000009 33
1752598311625 4.802122999999995 34
1752598321828 4.88074499999999 35
1752598332041 5.0060550000000035 36
1752598342155 5.060755999999998 37
1752598352256 5.1511720000000025 38
1752598362373 5.217274000000003 39
1752598372661 5.369944000000004 40
1752598382971 5.468013000000013 41
1752598393196 5.517087000000004 42
1752598403522 5.590306999999996 43
1752598413949 5.675994000000003 44
1752598424300 5.698217 45
1752598434566 5.905495999999999 46
1752598444910 6.0100730000000055 47
1752598455214 6.127408000000003 48
1752598465589 6.219229000000013 49
1752598475828 6.312940999999995 50
1752598486082 6.4444500000000176 51
1752598496231 6.6123699999999985 52
1752598506363 6.736809999999991 53
1752598516626 6.897761000000003 54
1752598526794 6.946936999999991 55
1752598536937 7.036355000000015 56
1752598547091 7.247368999999992 57
1752598557520 7.356166999999999 58
1752598567822 7.370769999999993 59
1752598578074 7.4107449999999915 60
1752598588230 7.43077199999999 61
1752598598564 7.494135 62
1752598608876 7.6928290000000175 63
1752598619039 7.742199999999997 64
1752598629245 7.874127000000016 65
1752598639614 7.940719000000001 66
1752598649781 8.129399000000006 67
1752598659944 8.28130999999999 68
1752598670237 8.44847200000001 69
1752598680510 8.485888000000017 70
1752598691073 8.602326000000005 71
1752598701422 8.627990000000011 72
1752598711601 8.658687000000015 73
1752598721924 8.693021000000016 74
1752598732255 8.905391000000009 75
1752598742488 9.079610000000002 76
1752598752756 9.099205000000012 77
1752598763134 9.237288000000007 78
1752598773277 9.298604000000012 79
1752598783400 9.425758000000002 80
1752598793682 9.611786999999993 81
1752598803952 9.808063000000004 82
1752598814103 9.963391000000001 83
1752598824457 10.232270999999997 84
1752598834890 10.241021000000018 85
1752598845128 10.445155 86
1752598855584 10.617538999999994 87
1752598865825 10.798981999999995 88
1752598875976 10.873470999999995 89
1752598886190 10.962711000000013 90
1752598896355 10.978206 91
1752598906664 11.259199999999993 92
1752598916948 11.358690999999993 93
1752598927133 11.456385000000012 94
1752598937641 11.565165000000007 95
1752598947980 11.642380000000003 96
1752598958283 11.674358000000012 97
1752598968507 11.897548999999998 98
1752598978806 12.01269400000001 99
1752598989140 12.193456999999995 100
1752598999294 12.242730999999992 101
1752599009608 12.26515599999999 102
1752599019811 12.27049199999999 103
1752599030241 12.513053000000014 104
1752599040576 12.518935999999997 105
1752599051002 12.535409000000016 106
1752599061337 12.560807000000011 107
1752599071549 12.569180000000017 108
1752599081819 12.577943000000005 109
1752599092007 12.951763 110
1752599102456 12.993849000000012 111
1752599112656 13.072614000000016 112
1752599123025 13.093638999999996 113
1752599133209 13.189319000000012 114
1752599143347 13.204372000000006 115
1752599153571 13.441900000000004 116
1752599164097 13.482517999999999 117
1752599174457 13.778790000000015 118
1752599184643 13.897322000000003 119
1752599194758 14.141445000000004 120
1752599204892 14.160224999999997 121
1752599215016 14.428885000000008 122
1752599225219 14.520496000000009 123
1752599235369 14.658656000000008 124
1752599245829 14.755808000000002 125
1752599256003 14.781475999999998 126
1752599266442 14.794622000000004 127
1752599276930 14.806082000000004 128
1752599287422 15.239507000000003 129
1752599298854 15.395655000000005 130
1752599310026 17.919719000000015 131
1752599321447 17.958863000000008 132
1752599333857 18.12916100000001 133
1752599345770 18.23902000000001 134
1752599357668 18.382528000000008 135
1752599369763 18.414791000000008 136
1752599381450 18.429257000000007 137
1752599393016 18.586720000000014 138
1752599406260 18.669021000000015 139
1752599418005 18.836686000000014 140
1752599428421 18.89785900000001 141
1752599440274 19.22788700000001 142
1752599451233 19.37539000000001 143
1752599462786 19.469119000000006 144
1752599474167 19.577361999999994 145
1752599486365 19.617537 146
1752599501248 19.63946100000001 147
1752599512664 19.825004000000007 148
1752599524955 19.90917300000001 149
1752599536646 20.079211000000015 150
1752599548478 20.094044999999994 151
1752599561111 20.10169400000001 152
1752599571745 20.213657000000012 153
1752599583873 20.520078000000012 154
1752599595711 20.577251000000018 155
1752599608604 20.600133 156
1752599620976 20.76846900000001 157
1752599632062 20.985348000000016 158
1752599646070 21.03097600000001 159
1752599657097 21.155044000000004 160
1752599668968 21.240834000000007 161
1752599680390 21.393197000000015 162
1752599692534 21.541274000000016 163
1752599704155 21.552962000000008 164
1752599715752 21.646153999999996 165
1752599727301 21.780122000000006 166
1752599739016 21.863512000000014 167
1752599750532 22.078603000000015 168
1752599761304 22.212851999999998 169
1752599773538 22.341077000000013 170
1752599784217 22.389418000000006 171
1752599796383 22.547055999999998 172
1752599808889 22.631425000000007 173
1752599820536 23.043362000000002 174
1752599833079 23.14622 175
1752599843419 23.21002899999999 176
1752599853583 23.298891999999995 177
1752599863746 23.415751999999998 178
1752599874014 23.594070000000016 179
1752599884199 23.64459099999999 180
1752599895073 23.738358000000005 181
1752599905505 23.778253000000007 182
