1752597964771 0.0 0
1752597974893 0.2587699999999984 1
1752597984990 0.3044309999999939 2
1752597995202 0.7136899999999855 3
1752598005318 0.8723750000000052 4
1752598015485 1.125801999999993 5
1752598025622 1.3012899999999945 6
1752598036358 1.5773110000000088 7
1752598046518 1.7519460000000038 8
1752598056649 1.8114630000000034 9
1752598066826 1.8657399999999882 10
1752598077081 2.0516719999999964 11
1752598087295 3.9000580000000014 12
1752598097414 4.458720999999997 13
1752598107575 4.524748999999986 14
1752598117750 4.809991999999994 15
1752598127939 5.570660000000004 16
1752598138136 5.815107000000012 17
1752598148342 6.047976000000006 18
1752598158477 6.470396999999991 19
1752598168659 6.589538000000005 20
1752598178915 6.788852999999989 21
1752598189083 6.851573000000002 22
1752598199264 6.876091000000002 23
1752598209432 6.911847999999992 24
1752598219594 7.281104999999997 25
1752598229985 7.344478000000009 26
1752598240143 7.617090999999988 27
1752598250339 7.996623 28
1752598260573 8.201716000000005 29
1752598270762 8.458827000000014 30
1752598280994 8.549435999999986 31
1752598291177 8.758796999999987 32
1752598301501 8.811612999999994 33
1752598311625 9.232307999999989 34
1752598321828 9.32872900000001 35
1752598332041 9.556840999999991 36
1752598342155 9.569718999999992 37
1752598352256 9.791009000000003 38
1752598362373 9.86191199999999 39
1752598372661 10.177831999999995 40
1752598382971 10.282875999999987 41
1752598393196 10.391920999999996 42
1752598403522 10.49383499999999 43
1752598413949 10.788049999999998 44
1752598424300 10.849543000000011 45
1752598434566 11.304988000000009 46
1752598444910 11.495751000000013 47
1752598455214 11.743191999999993 48
1752598465589 11.966714999999994 49
1752598475828 12.221619000000004 50
1752598486082 12.596372000000002 51
1752598496231 13.040571 52
1752598506363 13.356220000000008 53
1752598516626 13.687524999999994 54
1752598526794 13.75972200000001 55
1752598536937 13.84487999999999 56
1752598547091 14.33514199999999 57
1752598557520 14.46477999999999 58
1752598567822 14.517475999999988 59
1752598578074 14.621115000000003 60
1752598588230 14.66456199999999 61
1752598598564 14.691528000000005 62
1752598608876 14.966756000000004 63
1752598619039 15.187263000000002 64
1752598629245 15.461004000000003 65
1752598639614 15.644271000000003 66
1752598649781 16.136649000000006 67
1752598659944 16.369282 68
1752598670237 16.78319300000001 69
1752598680510 16.81321299999999 70
1752598691073 17.02132800000001 71
1752598701422 17.03849299999999 72
1752598711601 17.074704999999994 73
1752598721924 17.103064999999987 74
1752598732255 17.312995 75
1752598742488 17.624414 76
1752598752756 17.673461000000003 77
1752598763134 17.897648000000004 78
1752598773277 18.325529999999986 79
1752598783400 18.541324000000003 80
1752598793682 18.838378000000006 81
1752598803952 19.175335999999987 82
1752598814103 19.410921000000002 83
1752598824457 19.838527999999997 84
1752598834890 19.847216000000003 85
1752598845128 20.19147000000001 86
1752598855584 20.50602699999999 87
1752598865825 20.715343999999988 88
1752598875976 20.778812999999985 89
1752598886190 20.83453 90
1752598896355 20.84083799999999 91
1752598906664 21.567696000000012 92
1752598916948 21.685775000000007 93
1752598927133 21.874312000000003 94
1752598937641 22.028232000000003 95
1752598947980 22.20917800000001 96
1752598958283 22.274347000000006 97
1752598968507 22.71875700000001 98
1752598978806 22.896082000000007 99
1752598989140 23.202212000000003 100
1752598999294 23.265769000000006 101
1752599009608 23.286035999999996 102
1752599019811 23.311795999999987 103
1752599030241 23.58774299999999 104
1752599040576 23.60658699999999 105
1752599051002 23.679415000000006 106
1752599061337 23.731903999999986 107
1752599071549 23.79470900000001 108
1752599081819 23.865993000000003 109
1752599092007 24.777927000000005 110
1752599102456 24.841092000000003 111
1752599112656 24.87831 112
1752599123025 25.02221399999999 113
1752599133209 25.23497499999999 114
1752599143347 25.533220999999998 115
1752599153571 25.896264000000002 116
1752599164097 25.946224 117
1752599174457 26.266823999999986 118
1752599184643 26.336592999999993 119
1752599194758 26.595141000000012 120
1752599204892 26.607358000000005 121
1752599215016 27.120598 122
1752599225219 27.22782000000001 123
1752599235369 28.00520499999999 124
1752599245829 28.168335000000013 125
1752599256003 28.219089999999994 126
1752599266442 28.233711999999997 127
1752599276930 28.250211000000007 128
1752599287422 29.34773899999999 129
1752599298854 29.48421400000001 130
1752599310026 29.65363500000001 131
1752599321447 29.69053199999999 132
1752599333857 29.958409999999986 133
1752599345770 30.211653000000013 134
1752599357668 30.686949 135
1752599369763 30.713438999999994 136
1752599381450 30.742455000000007 137
1752599393016 30.996023000000008 138
1752599406260 31.113763000000006 139
1752599418005 31.385436 140
1752599428421 31.505965000000003 141
1752599440274 31.552164000000005 142
1752599451233 31.755592000000007 143
1752599462786 31.915694000000002 144
1752599474167 32.16453999999999 145
1752599486365 32.28336899999999 146
1752599501248 32.301488000000006 147
1752599512664 32.65515500000001 148
1752599524955 32.88294099999999 149
1752599536646 33.03384299999999 150
1752599548478 33.042811 151
1752599561111 33.050331 152
1752599571745 33.34043399999999 153
1752599583873 33.686836 154
1752599595711 33.857338 155
1752599608604 33.883722000000006 156
1752599620976 34.13796500000001 157
1752599632062 34.530452 158
1752599646070 34.57328699999999 159
1752599657097 34.91965200000001 160
1752599668968 35.15269900000001 161
1752599680390 35.35807 162
1752599692534 35.50978900000001 163
1752599704155 35.526398 164
1752599715752 35.655844 165
1752599727301 35.95198099999999 166
1752599739016 36.04547299999999 167
1752599750532 36.59501 168
1752599761304 36.728071 169
1752599773538 36.849827000000005 170
1752599784217 37.04347899999999 171
1752599796383 37.53626299999999 172
1752599808889 37.64864399999999 173
1752599820536 38.35599099999999 174
1752599833079 38.527795 175
1752599843419 38.57120599999999 176
1752599853583 38.785334000000006 177
1752599863746 38.878219 178
1752599874014 39.22751299999999 179
1752599884199 39.28126499999999 180
1752599895073 39.51754299999999 181
1752599905505 39.564299000000005 182
