1752597964771 65.6 0
1752597974893 68.9 1
1752597984990 67.6 2
1752597995202 67.3 3
1752598005318 66.9 4
1752598015485 66.6 5
1752598025622 67.3 6
1752598036358 67.4 7
1752598046518 66.8 8
1752598056649 67.4 9
1752598066826 67.4 10
1752598077081 68.9 11
1752598087295 69.2 12
1752598097414 69.3 13
1752598107575 68.7 14
1752598117750 70.0 15
1752598127939 69.2 16
1752598138136 69.1 17
1752598148342 67.5 18
1752598158477 66.8 19
1752598168659 67.1 20
1752598178915 67.2 21
1752598189083 67.0 22
1752598199264 66.5 23
1752598209432 66.3 24
1752598219594 66.4 25
1752598229985 66.5 26
1752598240143 67.9 27
1752598250339 68.9 28
1752598260573 68.2 29
1752598270762 68.6 30
1752598280994 69.4 31
1752598291177 69.2 32
1752598301501 69.5 33
1752598311625 69.2 34
1752598321828 68.5 35
1752598332041 69.0 36
1752598342155 67.9 37
1752598352256 67.7 38
1752598362373 67.4 39
1752598372661 68.1 40
1752598382971 67.6 41
1752598393196 67.6 42
1752598403522 67.3 43
1752598413949 67.0 44
1752598424300 66.7 45
1752598434566 66.6 46
1752598444910 66.3 47
1752598455214 66.2 48
1752598465589 66.2 49
1752598475828 66.5 50
1752598486082 66.3 51
1752598496231 66.3 52
1752598506363 66.7 53
1752598516626 66.1 54
1752598526794 66.4 55
1752598536937 66.7 56
1752598547091 66.6 57
1752598557520 66.6 58
1752598567822 66.5 59
1752598578074 66.2 60
1752598588230 66.6 61
1752598598564 67.4 62
1752598608876 66.5 63
1752598619039 66.8 64
1752598629245 66.8 65
1752598639614 67.5 66
1752598649781 67.6 67
1752598659944 67.0 68
1752598670237 67.5 69
1752598680510 67.4 70
1752598691073 67.4 71
1752598701422 67.2 72
1752598711601 67.0 73
1752598721924 67.3 74
1752598732255 67.5 75
1752598742488 67.4 76
1752598752756 67.2 77
1752598763134 67.5 78
1752598773277 68.2 79
1752598783400 68.3 80
1752598793682 67.9 81
1752598803952 67.9 82
1752598814103 68.0 83
1752598824457 68.2 84
1752598834890 67.8 85
1752598845128 68.4 86
1752598855584 68.9 87
1752598865825 68.1 88
1752598875976 68.0 89
1752598886190 68.3 90
1752598896355 68.2 91
1752598906664 68.1 92
1752598916948 67.6 93
1752598927133 68.8 94
1752598937641 68.4 95
1752598947980 68.2 96
1752598958283 68.4 97
1752598968507 68.3 98
1752598978806 68.8 99
1752598989140 68.6 100
1752598999294 68.9 101
1752599009608 68.8 102
1752599019811 68.3 103
1752599030241 68.8 104
1752599040576 68.5 105
1752599051002 69.0 106
1752599061337 68.6 107
1752599071549 68.5 108
1752599081819 68.9 109
1752599092007 69.1 110
1752599102456 68.8 111
1752599112656 68.7 112
1752599123025 68.7 113
1752599133209 68.9 114
1752599143347 68.5 115
1752599153571 69.2 116
1752599164097 69.7 117
1752599174457 70.8 118
1752599184643 70.7 119
1752599194758 70.6 120
1752599204892 69.9 121
1752599215016 70.1 122
1752599225219 69.9 123
1752599235369 70.7 124
1752599245829 70.3 125
1752599256003 70.6 126
1752599266442 70.4 127
1752599276930 70.8 128
1752599287422 73.0 129
1752599298854 72.4 130
1752599310026 70.4 131
1752599321447 70.2 132
1752599333857 70.0 133
1752599345770 70.1 134
1752599357668 69.8 135
1752599369763 69.6 136
1752599381450 69.7 137
1752599393016 69.1 138
1752599406260 69.5 139
1752599418005 70.0 140
1752599428421 70.4 141
1752599440274 69.2 142
1752599451233 69.4 143
1752599462786 68.8 144
1752599474167 68.9 145
1752599486365 69.0 146
1752599501248 69.1 147
1752599512664 69.2 148
1752599524955 68.7 149
1752599536646 69.0 150
1752599548478 69.2 151
1752599561111 69.2 152
1752599571745 68.9 153
1752599583873 69.2 154
1752599595711 68.6 155
1752599608604 68.7 156
1752599620976 68.2 157
1752599632062 68.3 158
1752599646070 68.0 159
1752599657097 68.2 160
1752599668968 68.2 161
1752599680390 68.4 162
1752599692534 68.2 163
1752599704155 68.2 164
1752599715752 68.5 165
1752599727301 68.2 166
1752599739016 68.1 167
1752599750532 68.5 168
1752599761304 68.4 169
1752599773538 68.1 170
1752599784217 68.3 171
1752599796383 68.3 172
1752599808889 67.9 173
1752599820536 68.1 174
1752599833079 68.2 175
1752599843419 68.0 176
1752599853583 68.1 177
1752599863746 67.6 178
1752599874014 67.1 179
1752599884199 66.8 180
1752599895073 67.1 181
1752599905505 67.1 182
