1752597964771 22335.8 0
1752597974893 23447.0 1
1752597984990 23005.1 2
1752597995202 22911.8 3
1752598005318 22775.9 4
1752598015485 22665.9 5
1752598025622 22897.5 6
1752598036358 22942.4 7
1752598046518 22728.8 8
1752598056649 22935.4 9
1752598066826 22922.0 10
1752598077081 23445.4 11
1752598087295 23559.6 12
1752598097414 23583.3 13
1752598107575 23393.6 14
1752598117750 23806.5 15
1752598127939 23559.2 16
1752598138136 23529.2 17
1752598148342 22952.8 18
1752598158477 22728.1 19
1752598168659 22819.9 20
1752598178915 22878.6 21
1752598189083 22809.2 22
1752598199264 22638.9 23
1752598209432 22569.0 24
1752598219594 22604.5 25
1752598229985 22626.3 26
1752598240143 23091.2 27
1752598250339 23460.8 28
1752598260573 23210.2 29
1752598270762 23345.3 30
1752598280994 23625.7 31
1752598291177 23535.0 32
1752598301501 23641.9 33
1752598311625 23553.4 34
1752598321828 23314.3 35
1752598332041 23494.6 36
1752598342155 23109.2 37
1752598352256 23043.0 38
1752598362373 22941.6 39
1752598372661 23157.1 40
1752598382971 22991.0 41
1752598393196 23017.8 42
1752598403522 22893.4 43
1752598413949 22797.0 44
1752598424300 22701.8 45
1752598434566 22653.1 46
1752598444910 22570.2 47
1752598455214 22540.6 48
1752598465589 22519.9 49
1752598475828 22638.2 50
1752598486082 22568.5 51
1752598496231 22558.7 52
1752598506363 22684.6 53
1752598516626 22491.7 54
1752598526794 22604.4 55
1752598536937 22709.1 56
1752598547091 22646.4 57
1752598557520 22652.1 58
1752598567822 22623.0 59
1752598578074 22529.6 60
1752598588230 22651.3 61
1752598598564 22930.4 62
1752598608876 22622.1 63
1752598619039 22719.4 64
1752598629245 22745.8 65
1752598639614 22978.9 66
1752598649781 23004.7 67
1752598659944 22808.3 68
1752598670237 22979.0 69
1752598680510 22938.2 70
1752598691073 22923.4 71
1752598701422 22871.8 72
1752598711601 22800.5 73
1752598721924 22886.6 74
1752598732255 22972.7 75
1752598742488 22932.1 76
1752598752756 22873.8 77
1752598763134 22971.3 78
1752598773277 23211.9 79
1752598783400 23254.8 80
1752598793682 23096.8 81
1752598803952 23109.7 82
1752598814103 23133.1 83
1752598824457 23191.5 84
1752598834890 23064.9 85
1752598845128 23286.9 86
1752598855584 23448.9 87
1752598865825 23179.6 88
1752598875976 23155.9 89
1752598886190 23225.0 90
1752598896355 23207.2 91
1752598906664 23183.9 92
1752598916948 23004.1 93
1752598927133 23409.9 94
1752598937641 23270.5 95
1752598947980 23202.2 96
1752598958283 23269.1 97
1752598968507 23225.0 98
1752598978806 23407.4 99
1752598989140 23356.7 100
1752598999294 23446.2 101
1752599009608 23423.7 102
1752599019811 23249.3 103
1752599030241 23414.0 104
1752599040576 23316.6 105
1752599051002 23493.5 106
1752599061337 23359.4 107
1752599071549 23324.4 108
1752599081819 23455.8 109
1752599092007 23509.4 110
1752599102456 23421.6 111
1752599112656 23365.0 112
1752599123025 23370.7 113
1752599133209 23455.5 114
1752599143347 23306.4 115
1752599153571 23546.4 116
1752599164097 23714.9 117
1752599174457 24088.4 118
1752599184643 24047.5 119
1752599194758 24012.4 120
1752599204892 23777.2 121
1752599215016 23857.1 122
1752599225219 23793.1 123
1752599235369 24065.5 124
1752599245829 23938.1 125
1752599256003 24014.2 126
1752599266442 23951.7 127
1752599276930 24076.4 128
1752599287422 24839.1 129
1752599298854 24647.4 130
1752599310026 23953.6 131
1752599321447 23897.6 132
1752599333857 23823.2 133
1752599345770 23839.6 134
1752599357668 23755.4 135
1752599369763 23688.1 136
1752599381450 23704.3 137
1752599393016 23525.3 138
1752599406260 23665.6 139
1752599418005 23824.0 140
1752599428421 23960.6 141
1752599440274 23543.8 142
1752599451233 23600.8 143
1752599462786 23426.0 144
1752599474167 23456.7 145
1752599486365 23471.0 146
1752599501248 23528.7 147
1752599512664 23547.2 148
1752599524955 23390.2 149
1752599536646 23470.3 150
1752599548478 23531.5 151
1752599561111 23536.4 152
1752599571745 23453.5 153
1752599583873 23543.5 154
1752599595711 23357.0 155
1752599608604 23365.6 156
1752599620976 23217.7 157
1752599632062 23254.4 158
1752599646070 23137.9 159
1752599657097 23223.6 160
1752599668968 23220.5 161
1752599680390 23261.1 162
1752599692534 23223.4 163
1752599704155 23218.2 164
1752599715752 23309.4 165
1752599727301 23192.4 166
1752599739016 23165.6 167
1752599750532 23314.9 168
1752599761304 23276.3 169
1752599773538 23161.7 170
1752599784217 23252.0 171
1752599796383 23252.1 172
1752599808889 23091.8 173
1752599820536 23171.5 174
1752599833079 23191.7 175
1752599843419 23149.9 176
1752599853583 23169.8 177
1752599863746 22989.6 178
1752599874014 22819.2 179
1752599884199 22748.3 180
1752599895073 22827.9 181
1752599905505 22837.9 182
