1752257006241 0.0 0
1752257016609 0.28471700000000055 1
1752257026705 0.3062240000000429 2
1752257036878 0.41761900000000196 3
1752257047092 0.8263259999999946 4
1752257057237 1.240002000000004 5
1752257067406 1.642214000000024 6
1752257077561 2.0603610000000003 7
1752257087691 2.115517000000011 8
1752257097822 2.1718099999999936 9
1752257107945 2.246715999999992 10
1752257118065 2.2855840000000285 11
1752257128150 2.3119010000000344 12
1752257138331 2.386665999999991 13
1752257148420 2.5686719999999923 14
