1752257006241 0.00020799999992959783 0
1752257016609 0.06512999999995372 1
1752257026705 0.07385299999998551 2
1752257036878 0.13947899999993751 3
1752257047092 0.21775400000001355 4
1752257057237 0.2721169999999802 5
1752257067406 0.3257889999999861 6
1752257077561 0.3847959999999375 7
1752257087691 0.44760999999994056 8
1752257097822 0.5243359999999484 9
1752257107945 0.6222530000000006 10
1752257118065 0.6720109999999977 11
1752257128150 0.6959630000000061 12
1752257138331 0.7537609999999404 13
1752257148420 0.8214159999999993 14
