1736543473592 0.0 0
1736543483682 15.8 1
1736543493777 20.1 2
1736543503859 18.8 3
1736543514005 18.5 4
1736543524120 21.7 5
1736543534227 21.3 6
1736543544324 18.9 7
1736543554452 21.4 8
1736543564574 22.4 9
1736543574666 18.5 10
1736543584751 19.4 11
1736543594843 18.5 12
1736543604947 17.3 13
1736543615040 19.4 14
1736543625130 17.4 15
1736543635227 18.8 16
1736543645316 16.9 17
1736543655408 19.5 18
1736543665525 18.2 19
1736543675622 19.8 20
1736543685704 18.2 21
1736543695788 14.6 22
1736543705910 17.3 23
1736543716004 18.4 24
1736543726080 17.2 25
1736543736169 14.3 26
1736543746268 18.0 27
1736543756350 19.5 28
1736543766450 21.3 29
1736543776530 18.2 30
1736543786617 25.2 31
1736543796736 17.0 32
1736543806821 20.2 33
1736543816921 17.7 34
1736543827031 18.2 35
1736543837119 19.9 36
1736543847253 14.9 37
1736543857339 22.4 38
1736543867500 15.0 39
1736543877578 23.8 40
1736543887921 21.1 41
