1736543473592 21.1 0
1736543483682 21.1 1
1736543493777 21.1 2
1736543503859 21.1 3
1736543514005 21.1 4
1736543524120 21.1 5
1736543534227 21.1 6
1736543544324 21.1 7
1736543554452 21.1 8
1736543564574 21.1 9
1736543574666 21.1 10
1736543584751 21.1 11
1736543594843 21.1 12
1736543604947 21.1 13
1736543615040 21.1 14
1736543625130 21.1 15
1736543635227 21.1 16
1736543645316 21.1 17
1736543655408 21.1 18
1736543665525 21.1 19
1736543675622 21.1 20
1736543685704 21.1 21
1736543695788 21.1 22
1736543705910 21.1 23
1736543716004 21.1 24
1736543726080 21.1 25
1736543736169 21.1 26
1736543746268 21.1 27
1736543756350 21.1 28
1736543766450 21.1 29
1736543776530 21.1 30
1736543786617 21.1 31
1736543796736 21.1 32
1736543806821 21.1 33
1736543816921 21.1 34
1736543827031 21.1 35
1736543837119 21.1 36
1736543847253 21.1 37
1736543857339 21.1 38
1736543867500 21.1 39
1736543877578 21.1 40
1736543887921 21.1 41
