1736543473592 807617.9 0
1736543483682 807616.3 1
1736543493777 807616.5 2
1736543503859 807616.5 3
1736543514005 807616.6 4
1736543524120 807616.5 5
1736543534227 807616.4 6
1736543544324 807616.5 7
1736543554452 807616.6 8
1736543564574 807616.8 9
1736543574666 807616.8 10
1736543584751 807616.8 11
1736543594843 807616.7 12
1736543604947 807616.7 13
1736543615040 807616.7 14
1736543625130 807616.7 15
1736543635227 807616.7 16
1736543645316 807616.7 17
1736543655408 807616.7 18
1736543665525 807616.7 19
1736543675622 807616.7 20
1736543685704 807616.6 21
1736543695788 807616.6 22
1736543705910 807616.6 23
1736543716004 807616.6 24
1736543726080 807616.6 25
1736543736169 807616.6 26
1736543746268 807616.6 27
1736543756350 807616.6 28
1736543766450 807616.6 29
1736543776530 807616.6 30
1736543786617 807616.0 31
1736543796736 807616.1 32
1736543806821 807616.1 33
1736543816921 807616.0 34
1736543827031 807616.0 35
1736543837119 807616.0 36
1736543847253 807615.3 37
1736543857339 807615.1 38
1736543867500 807615.4 39
1736543877578 807623.7 40
1736543887921 807623.8 41
