1736543473592 215775.7 0
1736543483682 215777.3 1
1736543493777 215777.2 2
1736543503859 215777.1 3
1736543514005 215777.1 4
1736543524120 215777.1 5
1736543534227 215777.2 6
1736543544324 215777.1 7
1736543554452 215777.0 8
1736543564574 215776.9 9
1736543574666 215776.9 10
1736543584751 215776.9 11
1736543594843 215776.9 12
1736543604947 215776.9 13
1736543615040 215777.0 14
1736543625130 215777.0 15
1736543635227 215777.0 16
1736543645316 215777.0 17
1736543655408 215777.0 18
1736543665525 215777.0 19
1736543675622 215777.0 20
1736543685704 215777.0 21
1736543695788 215777.0 22
1736543705910 215777.0 23
1736543716004 215777.0 24
1736543726080 215777.0 25
1736543736169 215777.0 26
1736543746268 215777.0 27
1736543756350 215777.0 28
1736543766450 215777.0 29
1736543776530 215777.0 30
1736543786617 215777.7 31
1736543796736 215777.5 32
1736543806821 215777.5 33
1736543816921 215777.7 34
1736543827031 215777.7 35
1736543837119 215777.7 36
1736543847253 215778.3 37
1736543857339 215778.5 38
1736543867500 215778.3 39
1736543877578 215769.9 40
1736543887921 215769.8 41
