1736543473592 0.0001859999999851425 0
1736543483682 0.15532799999982672 1
1736543493777 0.25224600000001374 2
1736543503859 0.3296229999998559 3
1736543514005 0.4256559999998899 4
1736543524120 0.5733739999998306 5
1736543534227 5.629674000000023 6
1736543544324 5.721061999999847 7
1736543554452 5.821277999999893 8
1736543564574 6.293819999999869 9
1736543574666 6.4485369999999875 10
1736543584751 6.514404000000013 11
1736543594843 11.413082999999915 12
1736543604947 11.46288800000002 13
1736543615040 11.596275999999989 14
1736543625130 11.683545999999978 15
1736543635227 11.771349999999984 16
1736543645316 11.943270999999868 17
1736543655408 16.84067899999991 18
1736543665525 16.90968699999985 19
1736543675622 17.056046999999808 20
1736543685704 17.148911999999882 21
1736543695788 17.330275999999913 22
1736543705910 17.427285999999867 23
1736543716004 22.353562999999895 24
1736543726080 22.417558999999983 25
1736543736169 22.562574999999924 26
1736543746268 22.665164999999888 27
1736543756350 22.76186299999995 28
1736543766450 23.01026499999989 29
1736543776530 27.90363400000001 30
1736543786617 28.00125099999991 31
1736543796736 28.119862000000012 32
1736543806821 29.101461999999856 33
1736543816921 29.421772999999803 34
1736543827031 29.70342599999981 35
1736543837119 34.65373499999987 36
1736543847253 34.70249599999988 37
1736543857339 34.79262199999994 38
1736543867500 35.38488099999995 39
1736543877578 35.478578999999854 40
1736543887921 35.94225699999993 41
