1736543473592 0.0 0
1736543483682 0.30282099999999446 1
1736543493777 0.34946299999998587 2
1736543503859 0.39740399999999454 3
1736543514005 0.44244799999998463 4
1736543524120 0.5317389999999875 5
1736543534227 0.7576709999999878 6
1736543544324 0.845060999999987 7
1736543554452 0.9169550000000015 8
1736543564574 1.0263539999999978 9
1736543574666 1.0597640000000013 10
1736543584751 1.1180709999999863 11
1736543594843 1.3243459999999914 12
1736543604947 1.3619520000000023 13
1736543615040 1.441964999999982 14
1736543625130 1.4882339999999772 15
1736543635227 1.5143619999999771 16
1736543645316 1.592821999999984 17
1736543655408 1.7526169999999865 18
1736543665525 1.7870189999999866 19
1736543675622 1.8510609999999872 20
1736543685704 1.8954279999999812 21
1736543695788 1.933981999999986 22
1736543705910 1.9851489999999785 23
1736543716004 2.160800999999992 24
1736543726080 2.21569199999999 25
1736543736169 2.291515000000004 26
1736543746268 2.341543999999999 27
1736543756350 2.387765999999999 28
1736543766450 2.4720069999999907 29
1736543776530 2.646486999999979 30
1736543786617 2.719425000000001 31
1736543796736 2.792365999999987 32
1736543806821 2.85982199999998 33
1736543816921 2.902025999999978 34
1736543827031 3.0036859999999876 35
1736543837119 3.2165880000000016 36
1736543847253 3.264255999999989 37
1736543857339 3.3077209999999866 38
1736543867500 3.4153759999999806 39
1736543877578 3.4747659999999883 40
1736543887921 3.586720999999983 41
