1736543473592 78.9 0
1736543483682 80.6 1
1736543493777 81.1 2
1736543503859 81.0 3
1736543514005 79.9 4
1736543524120 80.9 5
1736543534227 80.7 6
1736543544324 80.7 7
1736543554452 80.0 8
1736543564574 81.2 9
1736543574666 80.8 10
1736543584751 81.0 11
1736543594843 80.1 12
1736543604947 81.3 13
1736543615040 81.1 14
1736543625130 81.4 15
1736543635227 81.3 16
1736543645316 80.9 17
1736543655408 81.2 18
1736543665525 80.4 19
1736543675622 80.1 20
1736543685704 79.6 21
1736543695788 79.9 22
1736543705910 79.3 23
1736543716004 80.4 24
1736543726080 80.1 25
1736543736169 79.1 26
1736543746268 79.8 27
1736543756350 80.3 28
1736543766450 80.3 29
1736543776530 79.7 30
1736543786617 80.0 31
1736543796736 80.6 32
1736543806821 80.4 33
1736543816921 79.6 34
1736543827031 80.5 35
1736543837119 80.6 36
1736543847253 80.7 37
1736543857339 80.7 38
1736543867500 80.8 39
1736543877578 80.3 40
1736543887921 80.9 41
