1736543473592 26841.0 0
1736543483682 27428.3 1
1736543493777 27606.2 2
1736543503859 27574.0 3
1736543514005 27183.7 4
1736543524120 27514.5 5
1736543534227 27463.1 6
1736543544324 27469.6 7
1736543554452 27221.8 8
1736543564574 27648.3 9
1736543574666 27505.4 10
1736543584751 27550.8 11
1736543594843 27247.1 12
1736543604947 27679.7 13
1736543615040 27605.2 14
1736543625130 27710.2 15
1736543635227 27669.4 16
1736543645316 27515.0 17
1736543655408 27618.5 18
1736543665525 27351.1 19
1736543675622 27242.7 20
1736543685704 27094.6 21
1736543695788 27197.6 22
1736543705910 26999.5 23
1736543716004 27360.9 24
1736543726080 27255.3 25
1736543736169 26907.5 26
1736543746268 27146.0 27
1736543756350 27342.3 28
1736543766450 27339.1 29
1736543776530 27128.1 30
1736543786617 27213.5 31
1736543796736 27417.5 32
1736543806821 27367.1 33
1736543816921 27094.1 34
1736543827031 27389.7 35
1736543837119 27415.2 36
1736543847253 27450.3 37
1736543857339 27453.0 38
1736543867500 27486.2 39
1736543877578 27315.3 40
1736543887921 27522.3 41
