1750454080089 0.0 0
1750454090221 0.03116099999999733 1
1750454100352 0.04270400000000052 2
1750454110470 0.058038999999993734 3
1750454120584 0.14641699999999958 4
1750454130709 0.17671999999998889 5
1750454140800 0.2063890000000015 6
1750454150899 0.22796499999999753 7
1750454161006 0.23059700000000305 8
1750454171152 0.37639500000000226 9
1750454181239 0.3900560000000013 10
1750454191355 0.396458999999993 11
1750454201471 0.4198370000000011 12
1750454211570 0.4552750000000003 13
1750454221712 0.4566019999999895 14
1750454231803 0.47786699999998916 15
