1750454080089 0.0 0
1750454090221 0.19255700000000076 1
1750454100352 0.20946499999999801 2
1750454110470 0.22307199999999838 3
1750454120584 0.3106669999999987 4
1750454130709 0.36437799999999854 5
1750454140800 0.4028749999999981 6
1750454150899 0.4268970000000003 7
1750454161006 0.4330740000000013 8
1750454171152 0.5224009999999986 9
1750454181239 0.537032 10
1750454191355 0.5478899999999989 11
1750454201471 0.5691370000000013 12
1750454211570 0.6057060000000014 13
1750454221712 0.6099910000000008 14
1750454231803 0.6289039999999986 15
