1752160529887 0.0 0
1752160540358 15.2 1
1752160550445 22.4 2
1752160560583 16.1 3
1752160570709 13.8 4
1752160580813 13.1 5
1752160590968 11.3 6
1752160601161 12.8 7
1752160611366 12.6 8
1752160621571 13.0 9
1752160631754 9.9 10
1752160641872 9.3 11
1752160652055 8.3 12
1752160662198 13.5 13
1752160672314 8.8 14
1752160682420 9.8 15
1752160692564 7.7 16
1752160702697 11.3 17
1752160712846 11.3 18
1752160723077 9.4 19
1752160733264 10.2 20
1752160743490 13.1 21
1752160753699 24.7 22
1752160763897 12.8 23
1752160774038 20.8 24
1752160784156 21.4 25
1752160794326 20.5 26
1752160804520 10.7 27
1752160814760 15.3 28
