1752160529887 25.3 0
1752160540358 25.3 1
1752160550445 25.3 2
1752160560583 25.3 3
1752160570709 25.3 4
1752160580813 25.3 5
1752160590968 25.3 6
1752160601161 25.3 7
1752160611366 25.3 8
1752160621571 25.3 9
1752160631754 25.3 10
1752160641872 25.3 11
1752160652055 25.3 12
1752160662198 25.3 13
1752160672314 25.3 14
1752160682420 25.3 15
1752160692564 25.3 16
1752160702697 25.3 17
1752160712846 25.3 18
1752160723077 25.3 19
1752160733264 25.3 20
1752160743490 25.3 21
1752160753699 25.3 22
1752160763897 25.3 23
1752160774038 25.3 24
1752160784156 25.3 25
1752160794326 25.3 26
1752160804520 25.3 27
1752160814760 25.3 28
