1752160529887 259365.7 0
1752160540358 259366.0 1
1752160550445 259366.2 2
1752160560583 259366.3 3
1752160570709 259366.5 4
1752160580813 259362.7 5
1752160590968 259362.9 6
1752160601161 259363.1 7
1752160611366 259363.3 8
1752160621571 259363.4 9
1752160631754 259363.5 10
1752160641872 259363.7 11
1752160652055 259363.8 12
1752160662198 259364.0 13
1752160672314 259364.3 14
1752160682420 259364.5 15
1752160692564 259364.7 16
1752160702697 259364.9 17
1752160712846 259365.0 18
1752160723077 259365.3 19
1752160733264 259365.4 20
1752160743490 259365.6 21
1752160753699 259365.7 22
1752160763897 259365.9 23
1752160774038 259366.1 24
1752160784156 259370.3 25
1752160794326 259376.3 26
1752160804520 259376.2 27
1752160814760 259378.1 28
