1752160529887 764027.9 0
1752160540358 764027.6 1
1752160550445 764027.5 2
1752160560583 764027.4 3
1752160570709 764027.1 4
1752160580813 764030.9 5
1752160590968 764030.7 6
1752160601161 764030.5 7
1752160611366 764030.3 8
1752160621571 764030.2 9
1752160631754 764030.1 10
1752160641872 764029.9 11
1752160652055 764029.8 12
1752160662198 764029.7 13
1752160672314 764029.3 14
1752160682420 764029.1 15
1752160692564 764028.9 16
1752160702697 764028.7 17
1752160712846 764028.6 18
1752160723077 764028.3 19
1752160733264 764028.2 20
1752160743490 764028.0 21
1752160753699 764027.9 22
1752160763897 764027.8 23
1752160774038 764027.5 24
1752160784156 764023.4 25
1752160794326 764017.3 26
1752160804520 764017.4 27
1752160814760 764015.5 28
