1752160529887 0.0006000000000767614 0
1752160540358 0.18958099999997557 1
1752160550445 0.2636459999999943 2
1752160560583 0.3460210000000643 3
1752160570709 0.40188399999999547 4
1752160580813 0.4919190000000526 5
1752160590968 0.5618430000000671 6
1752160601161 0.7031870000000708 7
1752160611366 0.7726519999999937 8
1752160621571 0.8710479999999734 9
1752160631754 0.9757710000000088 10
1752160641872 1.1697169999999915 11
1752160652055 1.27341100000001 12
1752160662198 1.473433 13
1752160672314 1.651974999999993 14
1752160682420 1.8327450000000454 15
1752160692564 1.9496290000000727 16
1752160702697 2.1997519999999895 17
1752160712846 2.356675999999993 18
1752160723077 2.5107120000000123 19
1752160733264 2.626508000000058 20
1752160743490 2.7818889999999783 21
1752160753699 2.8918260000000373 22
1752160763897 3.0301510000000462 23
1752160774038 3.2621370000000525 24
1752160784156 4.011088000000086 25
1752160794326 6.1033820000000105 26
1752160804520 6.263119000000074 27
1752160814760 6.357038999999986 28
