1752160529887 0.0003870000000034679 0
1752160540358 0.20435100000000261 1
1752160550445 0.584385999999995 2
1752160560583 1.2945459999999969 3
1752160570709 1.5769200000000012 4
1752160580813 2.016746999999995 5
1752160590968 2.637107999999998 6
1752160601161 3.061059 7
1752160611366 4.5039739999999995 8
1752160621571 4.7423 9
1752160631754 4.886638000000005 10
1752160641872 4.944570999999996 11
1752160652055 5.0389200000000045 12
1752160662198 5.242854000000008 13
1752160672314 5.349468000000002 14
1752160682420 5.454829000000004 15
1752160692564 5.523464000000004 16
1752160702697 5.630530000000007 17
1752160712846 5.704333000000005 18
1752160723077 5.759198999999995 19
1752160733264 5.956513000000001 20
1752160743490 6.176058999999995 21
1752160753699 6.846356999999998 22
1752160763897 7.148966999999999 23
1752160774038 7.905251000000007 24
1752160784156 8.926057 25
1752160794326 10.118507000000008 26
1752160804520 10.480237000000002 27
1752160814760 11.224305000000001 28
