1752160529887 26731.7 0
1752160540358 26920.4 1
1752160550445 26763.8 2
1752160560583 26782.6 3
1752160570709 26808.4 4
1752160580813 26857.4 5
1752160590968 26835.4 6
1752160601161 26946.5 7
1752160611366 26905.5 8
1752160621571 26907.6 9
1752160631754 26921.3 10
1752160641872 26922.2 11
1752160652055 26917.2 12
1752160662198 26935.7 13
1752160672314 26995.3 14
1752160682420 26962.4 15
1752160692564 26975.6 16
1752160702697 27030.2 17
1752160712846 27016.1 18
1752160723077 26984.3 19
1752160733264 26807.5 20
1752160743490 26839.1 21
1752160753699 26855.9 22
1752160763897 26810.9 23
1752160774038 27069.3 24
1752160784156 27189.6 25
1752160794326 27323.6 26
1752160804520 27257.5 27
1752160814760 27329.9 28
