1752160529887 78.6 0
1752160540358 79.1 1
1752160550445 78.6 2
1752160560583 78.7 3
1752160570709 78.8 4
1752160580813 78.9 5
1752160590968 78.9 6
1752160601161 79.2 7
1752160611366 79.1 8
1752160621571 79.1 9
1752160631754 79.1 10
1752160641872 79.1 11
1752160652055 79.1 12
1752160662198 79.2 13
1752160672314 79.3 14
1752160682420 79.2 15
1752160692564 79.3 16
1752160702697 79.4 17
1752160712846 79.4 18
1752160723077 79.3 19
1752160733264 78.8 20
1752160743490 78.9 21
1752160753699 78.9 22
1752160763897 78.8 23
1752160774038 79.5 24
1752160784156 79.9 25
1752160794326 80.3 26
1752160804520 80.1 27
1752160814760 80.3 28
