1752175019827 0.0 0
1752175029949 0.12568399999997837 1
1752175040902 0.14891999999997552 2
1752175051079 0.2325660000000198 3
1752175061239 0.29505499999999074 4
1752175071400 0.4717669999999998 5
1752175081557 0.6524890000000028 6
1752175091842 0.7110589999999775 7
1752175102004 0.7709600000000023 8
1752175112201 0.8411080000000197 9
1752175122350 0.9070120000000088 10
1752175132511 1.096022000000005 11
1752175142647 1.3524439999999913 12
1752175152815 1.4314699999999903 13
1752175163106 1.537887000000012 14
1752175174070 1.7238439999999855 15
1752175184520 1.996422999999993 16
