1752175019827 0.0 0
1752175029949 0.44614400000000387 1
1752175040902 0.5357500000000073 2
1752175051079 1.2230669999999009 3
1752175061239 1.633914999999888 4
1752175071400 1.8398529999999482 5
1752175081557 4.5248189999999795 6
1752175091842 5.81979699999988 7
1752175102004 7.1223549999999705 8
1752175112201 7.5954649999998765 9
1752175122350 8.903625999999804 10
1752175132511 10.233370999999806 11
1752175142647 12.283393999999817 12
1752175152815 12.615309999999909 13
1752175163106 13.085791999999856 14
1752175174070 13.91360799999984 15
1752175184520 14.469284000000016 16
