1749841692818 0.013401572246173853 0
1749841701372 0.006607084535343569 1
1749841705706 0.005137561616634931 2
1749841711249 0.004883341724635085 3
1749841716339 0.003831705126890049 4
1749841720493 0.0030587278426815728 5
1749841725195 0.0026052185738445702 6
1749841730023 0.0035063865211241475 7
1749841734970 0.0034632125988670105 8
1749841740756 0.004896224446712887 9
1749841746262 0.0042626061419079216 10
1749841752262 0.0034208414069487386 11
1749841756577 0.003482983162744803 12
1749841761914 0.004097691139881174 13
1749841766913 0.0036743692426548444 14
1749841772908 0.004500042791461085 15
1749841778224 0.005498132783545202 16
1749841792601 8.835388601516096 17
1749841796768 0.010492059714078954 18
1749841807761 0.007242471453042762 19
