1752184535813 0.0 0
1752184545925 31.8 1
1752184556051 53.2 2
1752184566307 55.4 3
1752184576691 54.0 4
1752184586805 85.2 5
1752184597083 54.3 6
1752184607248 54.7 7
1752184617527 41.2 8
1752184627791 54.2 9
1752184637988 54.0 10
1752184648079 55.2 11
1752184658177 57.3 12
1752184668277 66.8 13
1752184678465 59.2 14
1752184688613 64.2 15
1752184698709 59.0 16
1752184708805 61.1 17
1752184718958 56.4 18
1752184729187 60.4 19
1752184739382 49.4 20
1752184749591 57.6 21
1752184759698 55.0 22
1752184770004 56.6 23
1752184780268 57.2 24
1752184790392 43.1 25
1752184800559 55.4 26
1752184810728 59.2 27
1752184820879 59.6 28
1752184831205 57.9 29
1752184841469 43.2 30
1752184851770 55.9 31
1752184862167 76.7 32
1752184872439 57.8 33
1752184882558 57.8 34
1752184892660 52.0 35
1752184902790 50.4 36
1752184912972 55.3 37
1752184923171 56.2 38
1752184933397 55.5 39
1752184943523 56.7 40
1752184953745 55.5 41
1752184963949 43.2 42
1752184974089 58.6 43
1752184984275 57.2 44
1752184994469 56.0 45
1752185004723 56.4 46
1752185015003 55.6 47
1752185025273 55.3 48
1752185035490 56.5 49
1752185045751 74.0 50
1752185055931 42.5 51
