1752184535813 763222.2 0
1752184545925 763221.6 1
1752184556051 763221.6 2
1752184566307 763221.5 3
1752184576691 763221.4 4
1752184586805 763220.7 5
1752184597083 763220.7 6
1752184607248 763220.7 7
1752184617527 763220.6 8
1752184627791 763220.5 9
1752184637988 763220.5 10
1752184648079 763220.5 11
1752184658177 763220.4 12
1752184668277 763220.3 13
1752184678465 763220.5 14
1752184688613 763220.3 15
1752184698709 763220.2 16
1752184708805 763219.6 17
1752184718958 763219.4 18
1752184729187 763219.0 19
1752184739382 763218.6 20
1752184749591 763218.4 21
1752184759698 763218.1 22
1752184770004 763218.0 23
1752184780268 763217.9 24
1752184790392 763217.5 25
1752184800559 763217.4 26
1752184810728 763217.1 27
1752184820879 763216.5 28
1752184831205 763216.4 29
1752184841469 763216.4 30
1752184851770 763216.4 31
1752184862167 763216.0 32
1752184872439 763216.0 33
1752184882558 763216.0 34
1752184892660 763215.8 35
1752184902790 763215.2 36
1752184912972 763215.2 37
1752184923171 763215.0 38
1752184933397 763214.9 39
1752184943523 763214.9 40
1752184953745 763214.6 41
1752184963949 763214.5 42
1752184974089 763214.0 43
1752184984275 763214.1 44
1752184994469 763213.9 45
1752185004723 763213.9 46
1752185015003 763213.9 47
1752185025273 763213.7 48
1752185035490 763213.5 49
1752185045751 763213.5 50
1752185055931 763213.4 51
