1752184535813 25.4 0
1752184545925 25.4 1
1752184556051 25.4 2
1752184566307 25.4 3
1752184576691 25.4 4
1752184586805 25.4 5
1752184597083 25.4 6
1752184607248 25.4 7
1752184617527 25.4 8
1752184627791 25.4 9
1752184637988 25.4 10
1752184648079 25.4 11
1752184658177 25.4 12
1752184668277 25.4 13
1752184678465 25.4 14
1752184688613 25.4 15
1752184698709 25.4 16
1752184708805 25.4 17
1752184718958 25.4 18
1752184729187 25.4 19
1752184739382 25.4 20
1752184749591 25.4 21
1752184759698 25.4 22
1752184770004 25.4 23
1752184780268 25.4 24
1752184790392 25.4 25
1752184800559 25.4 26
1752184810728 25.4 27
1752184820879 25.4 28
1752184831205 25.4 29
1752184841469 25.4 30
1752184851770 25.4 31
1752184862167 25.4 32
1752184872439 25.4 33
1752184882558 25.4 34
1752184892660 25.4 35
1752184902790 25.4 36
1752184912972 25.4 37
1752184923171 25.4 38
1752184933397 25.4 39
1752184943523 25.4 40
1752184953745 25.4 41
1752184963949 25.4 42
1752184974089 25.4 43
1752184984275 25.4 44
1752184994469 25.4 45
1752185004723 25.4 46
1752185015003 25.4 47
1752185025273 25.4 48
1752185035490 25.4 49
1752185045751 25.4 50
1752185055931 25.4 51
