1752184535813 260171.4 0
1752184545925 260172.0 1
1752184556051 260172.0 2
1752184566307 260172.1 3
1752184576691 260172.2 4
1752184586805 260172.9 5
1752184597083 260172.9 6
1752184607248 260172.9 7
1752184617527 260173.1 8
1752184627791 260173.1 9
1752184637988 260173.1 10
1752184648079 260173.1 11
1752184658177 260173.2 12
1752184668277 260173.3 13
1752184678465 260173.1 14
1752184688613 260173.3 15
1752184698709 260173.5 16
1752184708805 260174.0 17
1752184718958 260174.2 18
1752184729187 260174.6 19
1752184739382 260175.1 20
1752184749591 260175.2 21
1752184759698 260175.5 22
1752184770004 260175.6 23
1752184780268 260175.7 24
1752184790392 260176.1 25
1752184800559 260176.2 26
1752184810728 260176.5 27
1752184820879 260177.1 28
1752184831205 260177.2 29
1752184841469 260177.2 30
1752184851770 260177.2 31
1752184862167 260177.6 32
1752184872439 260177.6 33
1752184882558 260177.7 34
1752184892660 260177.8 35
1752184902790 260178.5 36
1752184912972 260178.5 37
1752184923171 260178.7 38
1752184933397 260178.8 39
1752184943523 260178.7 40
1752184953745 260179.1 41
1752184963949 260179.1 42
1752184974089 260179.6 43
1752184984275 260179.5 44
1752184994469 260179.7 45
1752185004723 260179.8 46
1752185015003 260179.8 47
1752185025273 260180.0 48
1752185035490 260180.1 49
1752185045751 260180.1 50
1752185055931 260180.2 51
