1752184535813 0.0 0
1752184545925 0.046186000000034255 1
1752184556051 0.3608450000000403 2
1752184566307 0.4052040000000261 3
1752184576691 0.4467859999999746 4
1752184586805 0.8985159999999723 5
1752184597083 0.9542470000000094 6
1752184607248 0.9978479999999763 7
1752184617527 1.064328000000046 8
1752184627791 1.1048080000000482 9
1752184637988 1.1215949999999566 10
1752184648079 1.1349159999999756 11
1752184658177 1.1793049999999994 12
1752184668277 -64.17085900000001 13
1752184678465 -63.739419 14
1752184688613 -63.650420999999994 15
1752184698709 -63.219224999999994 16
1752184708805 -63.14448299999998 17
1752184718958 -63.07822600000003 18
1752184729187 -63.363940000000014 19
1752184739382 -63.363940000000014 20
1752184749591 -63.363940000000014 21
1752184759698 -63.363940000000014 22
1752184770004 -63.363940000000014 23
1752184780268 -63.363940000000014 24
1752184790392 -63.363940000000014 25
1752184800559 -63.363940000000014 26
1752184810728 -63.363940000000014 27
1752184820879 -63.363940000000014 28
1752184831205 -63.363940000000014 29
1752184841469 -63.363940000000014 30
1752184851770 -63.363940000000014 31
1752184862167 -63.363940000000014 32
1752184872439 -63.363940000000014 33
1752184882558 -63.363940000000014 34
1752184892660 -63.363940000000014 35
1752184902790 -63.363940000000014 36
1752184912972 -63.363940000000014 37
1752184923171 -63.363940000000014 38
1752184933397 -63.363940000000014 39
1752184943523 -63.363940000000014 40
1752184953745 -63.363940000000014 41
1752184963949 -63.363940000000014 42
1752184974089 -63.363940000000014 43
1752184984275 -63.363940000000014 44
1752184994469 -63.363940000000014 45
1752185004723 -63.363940000000014 46
1752185015003 -63.363940000000014 47
1752185025273 -63.363940000000014 48
1752185035490 -63.363940000000014 49
1752185045751 -63.363940000000014 50
1752185055931 -63.363940000000014 51
