1752184535813 0.0 0
1752184545925 0.39366599999993923 1
1752184556051 0.8242350000000442 2
1752184566307 1.2208089999999174 3
1752184576691 1.6329399999999623 4
1752184586805 2.5654729999998835 5
1752184597083 2.623969999999872 6
1752184607248 2.6783510000000206 7
1752184617527 2.7479880000000776 8
1752184627791 2.799363000000085 9
1752184637988 2.816673999999921 10
1752184648079 2.830400999999938 11
1752184658177 2.8793829999999616 12
1752184668277 -288.6732220000001 13
1752184678465 -288.2516740000001 14
1752184688613 -288.1484560000001 15
1752184698709 -287.12241300000005 16
1752184708805 -287.071772 17
1752184718958 -286.8710470000001 18
1752184729187 -287.516443 19
1752184739382 -287.516443 20
1752184749591 -287.516443 21
1752184759698 -287.516443 22
1752184770004 -287.516443 23
1752184780268 -287.516443 24
1752184790392 -287.516443 25
1752184800559 -287.516443 26
1752184810728 -287.516443 27
1752184820879 -287.516443 28
1752184831205 -287.516443 29
1752184841469 -287.516443 30
1752184851770 -287.516443 31
1752184862167 -287.516443 32
1752184872439 -287.516443 33
1752184882558 -287.516443 34
1752184892660 -287.516443 35
1752184902790 -287.516443 36
1752184912972 -287.516443 37
1752184923171 -287.516443 38
1752184933397 -287.516443 39
1752184943523 -287.516443 40
1752184953745 -287.516443 41
1752184963949 -287.516443 42
1752184974089 -287.516443 43
1752184984275 -287.516443 44
1752184994469 -287.516443 45
1752185004723 -287.516443 46
1752185015003 -287.516443 47
1752185025273 -287.516443 48
1752185035490 -287.516443 49
1752185045751 -287.516443 50
1752185055931 -287.516443 51
