1752184535813 25725.0 0
1752184545925 26116.7 1
1752184556051 26073.4 2
1752184566307 26078.7 3
1752184576691 26273.6 4
1752184586805 27212.0 5
1752184597083 26810.4 6
1752184607248 26745.5 7
1752184617527 26802.9 8
1752184627791 26799.7 9
1752184637988 26794.0 10
1752184648079 26761.1 11
1752184658177 26741.8 12
1752184668277 26831.1 13
1752184678465 26897.2 14
1752184688613 26832.2 15
1752184698709 26840.6 16
1752184708805 26825.1 17
1752184718958 26828.5 18
1752184729187 26856.7 19
1752184739382 26443.9 20
1752184749591 26420.9 21
1752184759698 26407.1 22
1752184770004 26394.5 23
1752184780268 26383.4 24
1752184790392 26453.5 25
1752184800559 26479.5 26
1752184810728 26469.5 27
1752184820879 26452.6 28
1752184831205 26405.2 29
1752184841469 26449.2 30
1752184851770 26238.2 31
1752184862167 26681.0 32
1752184872439 26342.3 33
1752184882558 26284.9 34
1752184892660 26214.7 35
1752184902790 26327.4 36
1752184912972 26346.6 37
1752184923171 26347.7 38
1752184933397 26351.9 39
1752184943523 26337.6 40
1752184953745 26313.0 41
1752184963949 26334.0 42
1752184974089 26387.4 43
1752184984275 26399.2 44
1752184994469 26363.3 45
1752185004723 26367.4 46
1752185015003 26369.4 47
1752185025273 26420.7 48
1752185035490 26459.8 49
1752185045751 26559.2 50
1752185055931 26493.0 51
