1752184535813 75.6 0
1752184545925 76.7 1
1752184556051 76.6 2
1752184566307 76.6 3
1752184576691 77.2 4
1752184586805 80.0 5
1752184597083 78.8 6
1752184607248 78.6 7
1752184617527 78.8 8
1752184627791 78.8 9
1752184637988 78.7 10
1752184648079 78.6 11
1752184658177 78.6 12
1752184668277 78.8 13
1752184678465 79.0 14
1752184688613 78.9 15
1752184698709 78.9 16
1752184708805 78.8 17
1752184718958 78.8 18
1752184729187 78.9 19
1752184739382 77.7 20
1752184749591 77.6 21
1752184759698 77.6 22
1752184770004 77.6 23
1752184780268 77.5 24
1752184790392 77.7 25
1752184800559 77.8 26
1752184810728 77.8 27
1752184820879 77.7 28
1752184831205 77.6 29
1752184841469 77.7 30
1752184851770 77.1 31
1752184862167 78.4 32
1752184872439 77.4 33
1752184882558 77.2 34
1752184892660 77.0 35
1752184902790 77.4 36
1752184912972 77.4 37
1752184923171 77.4 38
1752184933397 77.4 39
1752184943523 77.4 40
1752184953745 77.3 41
1752184963949 77.4 42
1752184974089 77.5 43
1752184984275 77.6 44
1752184994469 77.5 45
1752185004723 77.5 46
1752185015003 77.5 47
1752185025273 77.6 48
1752185035490 77.8 49
1752185045751 78.0 50
1752185055931 77.9 51
