1749845925739 0.0 0
1749845935883 20.5 1
1749845946019 45.8 2
1749845956103 36.0 3
1749845966192 31.5 4
1749845976310 37.8 5
1749845986401 31.2 6
1749845996512 36.1 7
1749846006666 42.7 8
1749846016791 33.4 9
1749846026915 25.9 10
1749846037039 44.5 11
1749846047159 32.6 12
1749846057720 34.1 13
1749846067822 24.7 14
1749846078285 23.6 15
1749846088761 32.5 16
1749846098862 30.5 17
1749846109397 25.3 18
1749846119548 28.4 19
1749846129683 26.8 20
1749846139861 28.3 21
1749846149993 27.4 22
1749846160129 25.9 23
1749846170247 33.1 24
1749846180402 49.5 25
1749846190505 32.3 26
1749846200578 39.2 27
1749846210683 34.7 28
1749846220821 25.7 29
1749846230967 22.4 30
1749846241207 28.4 31
1749846251410 25.9 32
1749846261565 23.3 33
1749846272907 21.1 34
1749846283037 25.4 35
1749846293156 28.6 36
1749846303359 24.8 37
1749846313508 24.0 38
1749846323678 29.9 39
1749846333908 27.0 40
1749846344900 24.3 41
1749846355026 25.6 42
1749846365109 22.5 43
1749846375229 21.6 44
1749846385422 28.5 45
1749846395588 29.4 46
1749846405709 22.5 47
1749846415842 17.2 48
1749846426018 28.5 49
1749846436152 23.9 50
1749846446279 28.5 51
1749846456557 16.9 52
1749846466717 21.9 53
1749846476853 15.4 54
1749846487955 14.4 55
1749846498767 18.1 56
1749846508888 15.2 57
1749846518973 17.5 58
1749846529078 11.8 59
1749846539194 11.0 60
1749846549308 12.8 61
1749846559432 12.7 62
1749846569810 12.1 63
1749846580242 11.5 64
1749846590431 17.4 65
1749846600612 10.9 66
1749846611015 11.1 67
