1749845925739 769736.5 0
1749845935883 769737.1 1
1749845946019 769735.8 2
1749845956103 769735.0 3
1749845966192 769734.4 4
1749845976310 769733.2 5
1749845986401 769735.5 6
1749845996512 769735.3 7
1749846006666 769735.2 8
1749846016791 769735.2 9
1749846026915 769735.1 10
1749846037039 769735.1 11
1749846047159 769739.0 12
1749846057720 769738.0 13
1749846067822 769738.0 14
1749846078285 769738.0 15
1749846088761 769737.7 16
1749846098862 769737.6 17
1749846109397 769737.6 18
1749846119548 769727.6 19
1749846129683 769727.4 20
1749846139861 769727.4 21
1749846149993 769726.8 22
1749846160129 769723.4 23
1749846170247 769723.4 24
1749846180402 769722.0 25
1749846190505 769721.9 26
1749846200578 769721.4 27
1749846210683 769721.4 28
1749846220821 769721.2 29
1749846230967 769721.3 30
1749846241207 769719.5 31
1749846251410 769719.7 32
1749846261565 769719.7 33
1749846272907 769720.2 34
1749846283037 769720.0 35
1749846293156 769720.0 36
1749846303359 769720.0 37
1749846313508 769720.0 38
1749846323678 769719.5 39
1749846333908 769719.7 40
1749846344900 769719.8 41
1749846355026 769719.4 42
1749846365109 769719.6 43
1749846375229 769719.9 44
1749846385422 769719.9 45
1749846395588 769719.8 46
1749846405709 769719.9 47
1749846415842 769719.1 48
1749846426018 769719.2 49
1749846436152 769719.1 50
1749846446279 769718.5 51
1749846456557 769718.3 52
1749846466717 769720.0 53
1749846476853 769719.9 54
1749846487955 769720.1 55
1749846498767 769719.8 56
1749846508888 769719.9 57
1749846518973 769719.7 58
1749846529078 769719.9 59
1749846539194 769719.9 60
1749846549308 769719.7 61
1749846559432 769719.5 62
1749846569810 769718.5 63
1749846580242 769718.3 64
1749846590431 769717.9 65
1749846600612 769717.5 66
1749846611015 769717.5 67
