1749845925739 24.8 0
1749845935883 24.8 1
1749845946019 24.8 2
1749845956103 24.8 3
1749845966192 24.8 4
1749845976310 24.8 5
1749845986401 24.8 6
1749845996512 24.8 7
1749846006666 24.8 8
1749846016791 24.8 9
1749846026915 24.8 10
1749846037039 24.8 11
1749846047159 24.8 12
1749846057720 24.8 13
1749846067822 24.8 14
1749846078285 24.8 15
1749846088761 24.8 16
1749846098862 24.8 17
1749846109397 24.8 18
1749846119548 24.8 19
1749846129683 24.8 20
1749846139861 24.8 21
1749846149993 24.8 22
1749846160129 24.8 23
1749846170247 24.8 24
1749846180402 24.8 25
1749846190505 24.8 26
1749846200578 24.8 27
1749846210683 24.8 28
1749846220821 24.8 29
1749846230967 24.8 30
1749846241207 24.8 31
1749846251410 24.8 32
1749846261565 24.8 33
1749846272907 24.8 34
1749846283037 24.8 35
1749846293156 24.8 36
1749846303359 24.8 37
1749846313508 24.8 38
1749846323678 24.8 39
1749846333908 24.8 40
1749846344900 24.8 41
1749846355026 24.8 42
1749846365109 24.8 43
1749846375229 24.8 44
1749846385422 24.8 45
1749846395588 24.8 46
1749846405709 24.8 47
1749846415842 24.8 48
1749846426018 24.8 49
1749846436152 24.8 50
1749846446279 24.8 51
1749846456557 24.8 52
1749846466717 24.8 53
1749846476853 24.8 54
1749846487955 24.8 55
1749846498767 24.8 56
1749846508888 24.8 57
1749846518973 24.8 58
1749846529078 24.8 59
1749846539194 24.8 60
1749846549308 24.8 61
1749846559432 24.8 62
1749846569810 24.8 63
1749846580242 24.8 64
1749846590431 24.8 65
1749846600612 24.8 66
1749846611015 24.8 67
