1749845925739 253657.2 0
1749845935883 253656.6 1
1749845946019 253657.8 2
1749845956103 253658.6 3
1749845966192 253659.2 4
1749845976310 253660.4 5
1749845986401 253658.1 6
1749845996512 253658.4 7
1749846006666 253658.4 8
1749846016791 253658.5 9
1749846026915 253658.5 10
1749846037039 253658.5 11
1749846047159 253654.7 12
1749846057720 253655.6 13
1749846067822 253655.6 14
1749846078285 253655.6 15
1749846088761 253655.9 16
1749846098862 253656.0 17
1749846109397 253656.1 18
1749846119548 253666.1 19
1749846129683 253666.2 20
1749846139861 253666.3 21
1749846149993 253666.8 22
1749846160129 253670.2 23
1749846170247 253670.2 24
1749846180402 253671.6 25
1749846190505 253671.8 26
1749846200578 253672.2 27
1749846210683 253672.2 28
1749846220821 253672.4 29
1749846230967 253672.3 30
1749846241207 253674.2 31
1749846251410 253673.9 32
1749846261565 253673.9 33
1749846272907 253673.5 34
1749846283037 253673.6 35
1749846293156 253673.6 36
1749846303359 253673.6 37
1749846313508 253673.7 38
1749846323678 253674.1 39
1749846333908 253673.9 40
1749846344900 253673.8 41
1749846355026 253674.3 42
1749846365109 253674.0 43
1749846375229 253673.7 44
1749846385422 253673.8 45
1749846395588 253673.8 46
1749846405709 253673.8 47
1749846415842 253674.5 48
1749846426018 253674.4 49
1749846436152 253674.6 50
1749846446279 253675.1 51
1749846456557 253675.3 52
1749846466717 253673.6 53
1749846476853 253673.8 54
1749846487955 253673.6 55
1749846498767 253673.8 56
1749846508888 253673.7 57
1749846518973 253673.9 58
1749846529078 253673.8 59
1749846539194 253673.8 60
1749846549308 253674.0 61
1749846559432 253674.1 62
1749846569810 253675.2 63
1749846580242 253675.4 64
1749846590431 253675.7 65
1749846600612 253676.1 66
1749846611015 253676.1 67
