1749845925739 0.0028879999999844586 0
1749845935883 1.2638139999999112 1
1749845946019 2.7881720000000314 2
1749845956103 2.819806999999855 3
1749845966192 2.903913999999986 4
1749845976310 3.0090849999999136 5
1749845986401 3.166917999999896 6
1749845996512 3.256069000000025 7
1749846006666 3.307894000000033 8
1749846016791 3.380717000000004 9
1749846026915 3.4927009999998972 10
1749846037039 3.554881000000023 11
1749846047159 3.771299999999883 12
1749846057720 4.421346999999969 13
1749846067822 4.810252999999875 14
1749846078285 5.010011999999961 15
1749846088761 5.229792999999972 16
1749846098862 5.544683999999961 17
1749846109397 5.838559000000032 18
1749846119548 12.024247999999943 19
1749846129683 12.268609999999853 20
1749846139861 13.995484999999917 21
1749846149993 16.500000999999884 22
1749846160129 20.42420900000002 23
1749846170247 20.570922999999993 24
1749846180402 21.390140999999858 25
1749846190505 21.790778000000046 26
1749846200578 23.190243999999893 27
1749846210683 24.633340999999973 28
1749846220821 26.225152999999864 29
1749846230967 27.078256999999894 30
1749846241207 28.11871199999996 31
1749846251410 29.635463999999956 32
1749846261565 31.171299999999974 33
1749846272907 32.59984799999984 34
1749846283037 34.11832099999992 35
1749846293156 35.51087800000005 36
1749846303359 36.99291100000005 37
1749846313508 39.53466000000003 38
1749846323678 39.97771199999988 39
1749846333908 40.47653100000002 40
1749846344900 40.96749699999987 41
1749846355026 41.43387800000005 42
1749846365109 43.693910999999844 43
1749846375229 56.29964299999983 44
1749846385422 56.756979 45
1749846395588 57.26365899999996 46
1749846405709 57.56688499999996 47
1749846415842 58.21763099999998 48
1749846426018 58.681325000000015 49
1749846436152 61.46751599999993 50
1749846446279 64.741309 51
1749846456557 65.80735800000002 52
1749846466717 66.84486199999992 53
1749846476853 67.32656899999984 54
1749846487955 67.97035000000005 55
1749846498767 71.36988799999995 56
1749846508888 74.55073100000004 57
1749846518973 76.19670299999984 58
1749846529078 76.79841099999999 59
1749846539194 77.26628600000004 60
1749846549308 77.75241400000004 61
1749846559432 78.14461699999993 62
1749846569810 78.73993199999995 63
1749846580242 79.16331500000001 64
1749846590431 79.60421099999985 65
1749846600612 80.32746899999984 66
1749846611015 81.288186 67
