1749845925739 0.0002159999999662432 0
1749845935883 0.6010319999999751 1
1749845946019 0.843593999999996 2
1749845956103 1.052932999999996 3
1749845966192 1.1441879999999855 4
1749845976310 1.2672220000000038 5
1749845986401 1.588987999999972 6
1749845996512 1.6617799999999647 7
1749846006666 1.7098459999999704 8
1749846016791 1.777353000000005 9
1749846026915 1.8816679999999906 10
1749846037039 1.9715549999999666 11
1749846047159 2.3929729999999836 12
1749846057720 3.2876489999999876 13
1749846067822 3.8104450000000156 14
1749846078285 4.173273999999992 15
1749846088761 4.538309999999967 16
1749846098862 4.9755629999999655 17
1749846109397 5.332892000000015 18
1749846119548 5.817582000000016 19
1749846129683 6.209878000000003 20
1749846139861 6.685181 21
1749846149993 7.104563999999982 22
1749846160129 7.5262839999999755 23
1749846170247 7.764353999999969 24
1749846180402 8.530333999999982 25
1749846190505 8.878865000000019 26
1749846200578 9.83775700000001 27
1749846210683 10.032545999999968 28
1749846220821 10.404188999999974 29
1749846230967 10.642656999999986 30
1749846241207 10.792443999999989 31
1749846251410 11.009550999999988 32
1749846261565 11.248147000000017 33
1749846272907 11.524293999999998 34
1749846283037 11.938936000000012 35
1749846293156 12.111986000000002 36
1749846303359 12.255539999999996 37
1749846313508 12.703183999999965 38
1749846323678 12.80664200000001 39
1749846333908 13.013859999999966 40
1749846344900 13.434365000000014 41
1749846355026 13.547451999999964 42
1749846365109 13.725217999999984 43
1749846375229 13.996894999999995 44
1749846385422 14.096426000000008 45
1749846395588 14.401341000000002 46
1749846405709 14.45414599999998 47
1749846415842 14.845351999999991 48
1749846426018 14.958474999999964 49
1749846436152 15.294254999999964 50
1749846446279 15.612863000000004 51
1749846456557 15.750621999999964 52
1749846466717 15.883815999999968 53
1749846476853 16.07884200000001 54
1749846487955 21.776522999999997 55
1749846498767 22.00111499999997 56
1749846508888 22.478065000000015 57
1749846518973 23.363878999999997 58
1749846529078 23.69969900000001 59
1749846539194 23.854535 60
1749846549308 24.046400000000006 61
1749846559432 24.08353299999999 62
1749846569810 24.315604000000008 63
1749846580242 24.386684000000002 64
1749846590431 24.502500999999995 65
1749846600612 24.613125999999966 66
1749846611015 30.516260999999986 67
