1749845925739 80.0 0
1749845935883 81.2 1
1749845946019 81.8 2
1749845956103 81.1 3
1749845966192 82.3 4
1749845976310 80.7 5
1749845986401 80.8 6
1749845996512 81.8 7
1749846006666 81.9 8
1749846016791 81.5 9
1749846026915 81.5 10
1749846037039 81.5 11
1749846047159 82.0 12
1749846057720 82.5 13
1749846067822 82.6 14
1749846078285 82.8 15
1749846088761 83.8 16
1749846098862 83.5 17
1749846109397 84.2 18
1749846119548 84.4 19
1749846129683 85.2 20
1749846139861 84.9 21
1749846149993 85.6 22
1749846160129 85.9 23
1749846170247 87.3 24
1749846180402 85.8 25
1749846190505 86.6 26
1749846200578 85.5 27
1749846210683 85.0 28
1749846220821 84.9 29
1749846230967 85.1 30
1749846241207 85.6 31
1749846251410 85.8 32
1749846261565 85.6 33
1749846272907 85.8 34
1749846283037 86.1 35
1749846293156 86.5 36
1749846303359 86.7 37
1749846313508 86.6 38
1749846323678 86.8 39
1749846333908 86.8 40
1749846344900 88.2 41
1749846355026 87.3 42
1749846365109 87.8 43
1749846375229 87.4 44
1749846385422 87.5 45
1749846395588 87.3 46
1749846405709 87.3 47
1749846415842 87.5 48
1749846426018 87.6 49
1749846436152 86.7 50
1749846446279 86.7 51
1749846456557 87.0 52
1749846466717 86.6 53
1749846476853 86.3 54
1749846487955 86.6 55
1749846498767 87.0 56
1749846508888 87.3 57
1749846518973 87.9 58
1749846529078 88.0 59
1749846539194 88.0 60
1749846549308 88.6 61
1749846559432 88.6 62
1749846569810 89.7 63
1749846580242 87.8 64
1749846590431 88.3 65
1749846600612 88.5 66
1749846611015 88.7 67
