1749845925739 27215.0 0
1749845935883 27646.3 1
1749845946019 27846.0 2
1749845956103 27588.3 3
1749845966192 28003.3 4
1749845976310 27476.8 5
1749845986401 27507.8 6
1749845996512 27836.1 7
1749846006666 27861.0 8
1749846016791 27733.8 9
1749846026915 27737.3 10
1749846037039 27747.0 11
1749846047159 27918.8 12
1749846057720 28087.2 13
1749846067822 28101.2 14
1749846078285 28165.3 15
1749846088761 28523.5 16
1749846098862 28430.5 17
1749846109397 28638.8 18
1749846119548 28735.7 19
1749846129683 28982.1 20
1749846139861 28905.6 21
1749846149993 29139.9 22
1749846160129 29240.8 23
1749846170247 29707.5 24
1749846180402 29210.5 25
1749846190505 29483.8 26
1749846200578 29095.6 27
1749846210683 28940.2 28
1749846220821 28888.5 29
1749846230967 28975.6 30
1749846241207 29122.8 31
1749846251410 29195.6 32
1749846261565 29144.4 33
1749846272907 29202.1 34
1749846283037 29311.7 35
1749846293156 29434.3 36
1749846303359 29518.0 37
1749846313508 29473.2 38
1749846323678 29531.3 39
1749846333908 29545.9 40
1749846344900 29997.8 41
1749846355026 29703.1 42
1749846365109 29874.0 43
1749846375229 29753.1 44
1749846385422 29768.5 45
1749846395588 29714.6 46
1749846405709 29690.8 47
1749846415842 29759.3 48
1749846426018 29823.4 49
1749846436152 29512.3 50
1749846446279 29507.8 51
1749846456557 29592.8 52
1749846466717 29469.2 53
1749846476853 29356.6 54
1749846487955 29474.9 55
1749846498767 29622.1 56
1749846508888 29709.0 57
1749846518973 29924.4 58
1749846529078 29930.8 59
1749846539194 29945.9 60
1749846549308 30136.0 61
1749846559432 30157.8 62
1749846569810 30533.2 63
1749846580242 29867.0 64
1749846590431 30038.2 65
1749846600612 30099.7 66
1749846611015 30193.5 67
