1752777238800 0.0016210000000000946 0
1752777249094 0.024060000000019954 1
1752777259215 0.10357100000004493 2
1752777269303 0.2674740000000497 3
1752777279395 0.2767270000000508 4
1752777289508 0.4584630000000516 5
1752777299620 0.8937690000000202 6
1752777309708 0.9096850000000245 7
1752777319814 1.0746600000000512 8
1752777329916 1.2898780000000443 9
1752777340006 1.3925480000000334 10
1752777350110 1.4978820000000042 11
1752777360209 1.7032160000000545 12
1752777370325 1.7361910000000194 13
1752777380410 1.7845210000000407 14
1752777390525 1.850953000000004 15
1752777400643 1.921006000000034 16
