1752777238800 6.60000000607397e-05 0
1752777249094 0.023055999999996857 1
1752777259215 0.13986499999998614 2
1752777269303 0.8946930000000748 3
1752777279395 0.9030340000000479 4
1752777289508 1.1519510000000537 5
1752777299620 1.8476960000000417 6
1752777309708 1.8658570000000054 7
1752777319814 2.149114000000054 8
1752777329916 3.4685120000000325 9
1752777340006 3.644247000000064 10
1752777350110 3.853450000000066 11
1752777360209 4.128273000000036 12
1752777370325 4.197155000000066 13
1752777380410 4.2423559999999725 14
1752777390525 4.444519000000014 15
1752777400643 4.543172000000027 16
