1752206438427 0.0004959999999982756 0
1752206448730 0.02230599999998617 1
1752206458958 0.10194799999999304 2
1752206469170 0.14707599999999843 3
1752206479441 0.16851900000000342 4
1752206489698 0.2625380000000064 5
1752206499793 0.26597799999998983 6
1752206509962 0.2900579999999877 7
1752206520065 0.3276180000000011 8
1752206530288 0.533535999999998 9
1752206540492 0.5695240000000013 10
1752206550612 0.5726449999999943 11
1752206560757 0.583660000000009 12
1752206571010 0.6091610000000003 13
1752206581105 0.6546620000000019 14
1752206591274 0.6575760000000059 15
1752206601434 0.7033580000000086 16
1752206611619 0.7155390000000068 17
