1752206438427 0.00020799999998644125 0
1752206448730 0.027637999999996055 1
1752206458958 0.08212199999999825 2
1752206469170 0.12862200000000712 3
1752206479441 0.1530429999999967 4
1752206489698 0.17300900000000752 5
1752206499793 0.18124099999999999 6
1752206509962 0.2135059999999953 7
1752206520065 0.24588099999999713 8
1752206530288 0.318995000000001 9
1752206540492 0.3586919999999907 10
1752206550612 0.3683059999999898 11
1752206560757 0.39698699999999576 12
1752206571010 0.4379390000000001 13
1752206581105 0.5051410000000089 14
1752206591274 0.5132549999999867 15
1752206601434 0.6329259999999977 16
1752206611619 0.6432670000000087 17
