1752180854479 0.0 0
1752180864766 22.3 1
1752180874998 44.0 2
1752180885154 39.1 3
1752180895550 34.9 4
1752180905739 38.8 5
1752180915886 36.4 6
1752180926053 38.2 7
1752180936482 38.3 8
1752180946756 37.6 9
1752180957168 38.0 10
1752180967374 37.9 11
1752180977545 35.9 12
1752180987844 27.7 13
1752180998106 36.8 14
1752181008315 41.7 15
1752181018505 37.6 16
1752181028663 39.0 17
1752181039230 36.2 18
1752181049583 35.5 19
1752181059907 36.3 20
1752181070140 44.2 21
1752181080291 37.9 22
1752181090491 27.1 23
1752181100644 33.4 24
1752181110827 49.8 25
1752181120944 50.8 26
1752181131113 50.5 27
1752181141313 52.8 28
1752181151447 54.8 29
1752181161564 40.2 30
1752181171723 50.5 31
1752181181884 50.6 32
1752181192068 49.3 33
1752181202185 50.7 34
1752181212411 39.6 35
1752181222583 50.2 36
1752181232782 45.9 37
1752181242943 50.9 38
1752181253106 39.6 39
