1752180854479 25.4 0
1752180864766 25.4 1
1752180874998 25.4 2
1752180885154 25.4 3
1752180895550 25.4 4
1752180905739 25.4 5
1752180915886 25.4 6
1752180926053 25.4 7
1752180936482 25.4 8
1752180946756 25.4 9
1752180957168 25.4 10
1752180967374 25.4 11
1752180977545 25.4 12
1752180987844 25.4 13
1752180998106 25.4 14
1752181008315 25.4 15
1752181018505 25.4 16
1752181028663 25.4 17
1752181039230 25.4 18
1752181049583 25.4 19
1752181059907 25.4 20
1752181070140 25.4 21
1752181080291 25.4 22
1752181090491 25.4 23
1752181100644 25.4 24
1752181110827 25.4 25
1752181120944 25.4 26
1752181131113 25.4 27
1752181141313 25.4 28
1752181151447 25.4 29
1752181161564 25.4 30
1752181171723 25.4 31
1752181181884 25.4 32
1752181192068 25.4 33
1752181202185 25.4 34
1752181212411 25.4 35
1752181222583 25.4 36
1752181232782 25.4 37
1752181242943 25.4 38
1752181253106 25.4 39
