1752180854479 260128.0 0
1752180864766 260128.8 1
1752180874998 260128.5 2
1752180885154 260129.1 3
1752180895550 260129.3 4
1752180905739 260129.4 5
1752180915886 260129.3 6
1752180926053 260129.4 7
1752180936482 260129.3 8
1752180946756 260129.4 9
1752180957168 260129.2 10
1752180967374 260129.3 11
1752180977545 260129.2 12
1752180987844 260129.3 13
1752180998106 260129.3 14
1752181008315 260129.4 15
1752181018505 260129.5 16
1752181028663 260129.7 17
1752181039230 260129.6 18
1752181049583 260129.6 19
1752181059907 260129.8 20
1752181070140 260134.3 21
1752181080291 260130.3 22
1752181090491 260130.7 23
1752181100644 260141.0 24
1752181110827 260141.2 25
1752181120944 260141.2 26
1752181131113 260141.2 27
1752181141313 260141.3 28
1752181151447 260141.1 29
1752181161564 260141.3 30
1752181171723 260141.3 31
1752181181884 260141.3 32
1752181192068 260141.4 33
1752181202185 260141.3 34
1752181212411 260141.3 35
1752181222583 260141.4 36
1752181232782 260141.4 37
1752181242943 260141.3 38
1752181253106 260141.5 39
