1752180854479 763265.6 0
1752180864766 763264.8 1
1752180874998 763265.1 2
1752180885154 763264.6 3
1752180895550 763264.3 4
1752180905739 763264.3 5
1752180915886 763264.3 6
1752180926053 763264.2 7
1752180936482 763264.3 8
1752180946756 763264.2 9
1752180957168 763264.4 10
1752180967374 763264.4 11
1752180977545 763264.4 12
1752180987844 763264.3 13
1752180998106 763264.3 14
1752181008315 763264.2 15
1752181018505 763264.1 16
1752181028663 763263.9 17
1752181039230 763264.1 18
1752181049583 763264.0 19
1752181059907 763263.8 20
1752181070140 763259.4 21
1752181080291 763263.4 22
1752181090491 763262.9 23
1752181100644 763252.6 24
1752181110827 763252.4 25
1752181120944 763252.5 26
1752181131113 763252.5 27
1752181141313 763252.3 28
1752181151447 763252.5 29
1752181161564 763252.3 30
1752181171723 763252.3 31
1752181181884 763252.3 32
1752181192068 763252.2 33
1752181202185 763252.3 34
1752181212411 763252.3 35
1752181222583 763252.2 36
1752181232782 763252.2 37
1752181242943 763252.3 38
1752181253106 763252.1 39
