1752180854479 0.0 0
1752180864766 0.3776239999999689 1
1752180874998 8.3795819999998 2
1752180885154 45.876820999999836 3
1752180895550 46.297759999999926 4
1752180905739 46.646815999999944 5
1752180915886 47.03854200000001 6
1752180926053 47.841277999999875 7
1752180936482 48.218493999999964 8
1752180946756 48.596849999999904 9
1752180957168 49.336539999999786 10
1752180967374 49.71304599999985 11
1752180977545 50.08072799999991 12
1752180987844 51.4120939999998 13
1752180998106 52.72437099999979 14
1752181008315 54.1421949999999 15
1752181018505 55.460795999999846 16
1752181028663 56.7542669999998 17
1752181039230 58.05219999999986 18
1752181049583 59.35190399999988 19
1752181059907 60.67495199999985 20
1752181070140 62.61763499999984 21
1752181080291 62.93254999999999 22
1752181090491 62.950694999999996 23
1752181100644 62.99324199999978 24
1752181110827 64.13455599999998 25
1752181120944 65.44587699999988 26
1752181131113 65.80238299999996 27
1752181141313 67.26371199999994 28
1752181151447 68.55706599999985 29
1752181161564 69.85625999999979 30
1752181171723 71.12757799999986 31
1752181181884 72.4251069999998 32
1752181192068 74.00024599999983 33
1752181202185 75.3277149999999 34
1752181212411 76.64391599999999 35
1752181222583 77.943622 36
1752181232782 79.22696199999996 37
1752181242943 80.53314799999998 38
1752181253106 81.84851099999992 39
