1752180854479 0.0 0
1752180864766 0.04632099999997763 1
1752180874998 0.5813959999999838 2
1752180885154 1.4104869999999892 3
1752180895550 1.556666000000007 4
1752180905739 1.5866940000000227 5
1752180915886 1.6653410000000122 6
1752180926053 1.790516000000025 7
1752180936482 1.9000760000000128 8
1752180946756 1.9725500000000125 9
1752180957168 2.070005999999978 10
1752180967374 2.1162929999999847 11
1752180977545 2.1769990000000234 12
1752180987844 2.292441999999994 13
1752180998106 2.3820089999999823 14
1752181008315 2.5643420000000106 15
1752181018505 2.6516849999999863 16
1752181028663 2.7163659999999936 17
1752181039230 2.764279999999985 18
1752181049583 2.800657000000001 19
1752181059907 2.861116999999979 20
1752181070140 3.086459999999988 21
1752181080291 3.2464439999999968 22
1752181090491 3.2577210000000036 23
1752181100644 3.2863040000000296 24
1752181110827 3.4094200000000114 25
1752181120944 3.500135 26
1752181131113 3.5857300000000123 27
1752181141313 3.7538749999999936 28
1752181151447 3.8510390000000143 29
1752181161564 3.8992620000000215 30
1752181171723 3.926158999999984 31
1752181181884 3.9600810000000024 32
1752181192068 4.080445999999995 33
1752181202185 4.158996000000002 34
1752181212411 4.238141999999982 35
1752181222583 4.279884999999979 36
1752181232782 4.348566000000005 37
1752181242943 4.389452000000006 38
1752181253106 4.469473999999991 39
