1752180854479 72.8 0
1752180864766 73.5 1
1752180874998 74.1 2
1752180885154 74.1 3
1752180895550 74.0 4
1752180905739 73.5 5
1752180915886 73.6 6
1752180926053 73.4 7
1752180936482 74.3 8
1752180946756 73.5 9
1752180957168 73.5 10
1752180967374 73.4 11
1752180977545 73.3 12
1752180987844 73.7 13
1752180998106 74.1 14
1752181008315 73.5 15
1752181018505 73.5 16
1752181028663 73.4 17
1752181039230 73.4 18
1752181049583 73.4 19
1752181059907 72.8 20
1752181070140 73.3 21
1752181080291 73.2 22
1752181090491 73.1 23
1752181100644 73.2 24
1752181110827 74.6 25
1752181120944 73.9 26
1752181131113 73.4 27
1752181141313 73.6 28
1752181151447 74.5 29
1752181161564 73.9 30
1752181171723 73.8 31
1752181181884 74.1 32
1752181192068 74.5 33
1752181202185 74.1 34
1752181212411 74.3 35
1752181222583 74.4 36
1752181232782 74.5 37
1752181242943 74.0 38
1752181253106 74.1 39
