1752180854479 24782.8 0
1752180864766 25020.1 1
1752180874998 25218.7 2
1752180885154 25213.9 3
1752180895550 25176.6 4
1752180905739 25009.4 5
1752180915886 25035.6 6
1752180926053 24991.7 7
1752180936482 25297.7 8
1752180946756 25019.5 9
1752180957168 24998.0 10
1752180967374 24964.0 11
1752180977545 24960.0 12
1752180987844 25073.3 13
1752180998106 25219.2 14
1752181008315 24996.8 15
1752181018505 24995.5 16
1752181028663 24966.1 17
1752181039230 24974.3 18
1752181049583 24990.1 19
1752181059907 24768.5 20
1752181070140 24937.6 21
1752181080291 24914.4 22
1752181090491 24862.4 23
1752181100644 24893.6 24
1752181110827 25380.1 25
1752181120944 25148.0 26
1752181131113 24977.2 27
1752181141313 25061.2 28
1752181151447 25364.3 29
1752181161564 25158.5 30
1752181171723 25129.5 31
1752181181884 25207.4 32
1752181192068 25342.7 33
1752181202185 25222.2 34
1752181212411 25291.6 35
1752181222583 25318.3 36
1752181232782 25355.0 37
1752181242943 25170.4 38
1752181253106 25201.1 39
