1726500529272 0.0 0
1726500539343 7.7 1
1726500549418 21.0 2
1726500559486 20.8 3
1726500569535 22.6 4
1726500579615 19.8 5
1726500589701 21.0 6
1726500599775 21.7 7
1726500609864 21.6 8
1726500619933 19.8 9
1726500630025 19.0 10
1726500640097 20.8 11
1726500650179 19.4 12
1726500660255 21.6 13
1726500670349 21.9 14
1726500680414 20.5 15
1726500690480 21.7 16
1726500700556 18.6 17
1726500710642 22.4 18
1726500720724 21.9 19
1726500730816 21.4 20
1726500740900 21.6 21
1726500750963 22.6 22
1726500761027 17.5 23
1726500771109 21.2 24
1726500781175 23.8 25
1726500791255 21.1 26
1726500801312 16.8 27
