1726500529272 13.4 0
1726500539343 13.4 1
1726500549418 13.4 2
1726500559486 13.4 3
1726500569535 13.4 4
1726500579615 13.4 5
1726500589701 13.4 6
1726500599775 13.4 7
1726500609864 13.4 8
1726500619933 13.4 9
1726500630025 13.4 10
1726500640097 13.4 11
1726500650179 13.4 12
1726500660255 13.4 13
1726500670349 13.4 14
1726500680414 13.4 15
1726500690480 13.4 16
1726500700556 13.4 17
1726500710642 13.4 18
1726500720724 13.4 19
1726500730816 13.4 20
1726500740900 13.4 21
1726500750963 13.4 22
1726500761027 13.4 23
1726500771109 13.4 24
1726500781175 13.4 25
1726500791255 13.4 26
1726500801312 13.4 27
