1726500529272 136787.9 0
1726500539343 136789.5 1
1726500549418 136789.7 2
1726500559486 136789.8 3
1726500569535 136789.9 4
1726500579615 136790.4 5
1726500589701 136790.5 6
1726500599775 136790.6 7
1726500609864 136790.8 8
1726500619933 136791.0 9
1726500630025 136791.1 10
1726500640097 136791.2 11
1726500650179 136791.3 12
1726500660255 136791.4 13
1726500670349 136791.6 14
1726500680414 136791.7 15
1726500690480 136791.9 16
1726500700556 136792.0 17
1726500710642 136792.1 18
1726500720724 136792.2 19
1726500730816 136792.4 20
1726500740900 136792.7 21
1726500750963 136792.8 22
1726500761027 136792.9 23
1726500771109 136793.3 24
1726500781175 136793.9 25
1726500791255 136794.0 26
1726500801312 136794.2 27
