1726500529272 886605.7 0
1726500539343 886604.1 1
1726500549418 886603.9 2
1726500559486 886603.8 3
1726500569535 886603.7 4
1726500579615 886603.2 5
1726500589701 886603.1 6
1726500599775 886603.0 7
1726500609864 886602.8 8
1726500619933 886602.7 9
1726500630025 886602.5 10
1726500640097 886602.5 11
1726500650179 886602.3 12
1726500660255 886602.2 13
1726500670349 886602.1 14
1726500680414 886601.9 15
1726500690480 886601.7 16
1726500700556 886601.6 17
1726500710642 886601.5 18
1726500720724 886601.5 19
1726500730816 886601.2 20
1726500740900 886600.9 21
1726500750963 886600.8 22
1726500761027 886600.7 23
1726500771109 886600.4 24
1726500781175 886599.7 25
1726500791255 886599.6 26
1726500801312 886599.5 27
