1726500529272 0.0 0
1726500539343 0.03399300000000238 1
1726500549418 0.035536000000000456 2
1726500559486 0.04153000000000162 3
1726500569535 0.05186400000000191 4
1726500579615 0.06490800000000263 5
1726500589701 0.08724399999999832 6
1726500599775 0.08863300000000152 7
1726500609864 0.09004800000000301 8
1726500619933 0.09848999999999819 9
1726500630025 0.10600600000000071 10
1726500640097 0.11959500000000389 11
1726500650179 0.13447699999999685 12
1726500660255 0.13636999999999944 13
1726500670349 0.14646199999999965 14
1726500680414 0.15246799999999894 15
1726500690480 0.16197400000000073 16
1726500700556 0.16771200000000164 17
1726500710642 0.20922399999999897 18
1726500720724 0.21384199999999964 19
1726500730816 0.21575099999999736 20
1726500740900 0.22109900000000238 21
1726500750963 0.23749200000000315 22
1726500761027 0.2818200000000033 23
1726500771109 0.29756600000000333 24
1726500781175 0.3102620000000016 25
1726500791255 0.31230099999999794 26
1726500801312 0.31846000000000174 27
