1726500529272 0.0 0
1726500539343 0.006530999999995402 1
1726500549418 0.007584000000008473 2
1726500559486 0.013727000000017142 3
1726500569535 0.022301000000027216 4
1726500579615 0.03392300000001569 5
1726500589701 0.05153300000000627 6
1726500599775 0.05199199999998427 7
1726500609864 0.05274000000002843 8
1726500619933 0.06076300000000856 9
1726500630025 0.06809700000002294 10
1726500640097 0.0770870000000059 11
1726500650179 0.08901900000000751 12
1726500660255 0.09105900000002976 13
1726500670349 0.09878300000002582 14
1726500680414 0.10506000000003723 15
1726500690480 0.11491000000000895 16
1726500700556 0.12080700000001343 17
1726500710642 0.17158799999998564 18
1726500720724 0.17373400000002448 19
1726500730816 0.17729200000002265 20
1726500740900 0.18288200000000643 21
1726500750963 0.20020199999999022 22
1726500761027 0.23186400000003005 23
1726500771109 0.24923200000000634 24
1726500781175 0.2654969999999821 25
1726500791255 0.26658700000001545 26
1726500801312 0.27407800000003135 27
