1726500529272 38.8 0
1726500539343 39.6 1
1726500549418 40.0 2
1726500559486 39.8 3
1726500569535 40.0 4
1726500579615 39.7 5
1726500589701 40.1 6
1726500599775 39.9 7
1726500609864 39.8 8
1726500619933 39.8 9
1726500630025 40.0 10
1726500640097 40.0 11
1726500650179 40.1 12
1726500660255 40.1 13
1726500670349 39.8 14
1726500680414 39.8 15
1726500690480 39.9 16
1726500700556 40.0 17
1726500710642 40.1 18
1726500720724 39.7 19
1726500730816 40.1 20
1726500740900 39.7 21
1726500750963 39.7 22
1726500761027 39.7 23
1726500771109 40.1 24
1726500781175 40.0 25
1726500791255 40.1 26
1726500801312 39.8 27
