1726500529272 13220.1 0
1726500539343 13478.9 1
1726500549418 13606.0 2
1726500559486 13536.3 3
1726500569535 13610.3 4
1726500579615 13495.8 5
1726500589701 13630.7 6
1726500599775 13573.1 7
1726500609864 13559.8 8
1726500619933 13541.2 9
1726500630025 13599.2 10
1726500640097 13595.3 11
1726500650179 13657.6 12
1726500660255 13646.3 13
1726500670349 13532.2 14
1726500680414 13536.5 15
1726500690480 13584.9 16
1726500700556 13623.4 17
1726500710642 13640.5 18
1726500720724 13512.8 19
1726500730816 13628.9 20
1726500740900 13497.2 21
1726500750963 13504.3 22
1726500761027 13495.8 23
1726500771109 13640.0 24
1726500781175 13620.5 25
1726500791255 13647.9 26
1726500801312 13558.3 27
