1751998501879 0.03467688298748951 0
1751998510922 0.031815548353407226 1
1751998516295 0.02026473660884419 2
1751998521029 0.02592808598427984 3
1751998526045 0.026507735446118313 4
1751998530669 0.02709957548015174 5
1751998539000 0.023484436690561196 6
1751998550170 0.020836087049525838 7
1751998557371 0.018810566239350852 8
1751998560165 0.0378889369776606 9
1751998582891 0.017032226768476433 10
1751998599672 0.021772331193939766 11
1751998608032 0.03726153947969697 12
1751998618855 0.024394564103556948 13
1751998631610 0.01340788034115713 14
1751998637736 0.017910644947313967 15
1751998645901 0.03308008221150648 16
1751998659982 0.0264290078755793 17
1751998671240 0.01504042576804259 18
1751998677394 0.018162360293949725 19
1751998689598 0.016962516245720857 20
1751998696102 0.017533783395227414 21
1751998701749 0.015920048808363816 22
1751998707722 0.015439668757646139 23
1751998715538 0.027107012578749673 24
1751998718321 0.03442350668369726 25
1751998726679 0.03159587305664275 26
1751998734293 0.018627945808371998 27
1751998740611 0.011626528065609959 28
1751998754356 0.016529977686553968 29
1751998764740 37.98206900807268 30
1751998776983 0.013368924739460143 31
1751998790842 0.009389268166549745 32
1751998800560 0.01760735234857199 33
1751998803961 0.011155914060912653 34
