1752170651019 0.0 0
1752170661252 28.9 1
1752170671464 31.5 2
1752170681623 29.3 3
1752170691803 28.3 4
1752170701968 40.0 5
1752170712107 31.7 6
1752170722323 29.2 7
1752170732493 30.4 8
1752170742595 23.3 9
1752170752716 33.1 10
1752170762848 40.3 11
1752170772994 25.4 12
1752170783102 36.8 13
1752170793199 27.9 14
1752170803301 39.2 15
1752170813412 29.0 16
1752170823492 39.9 17
1752170833580 35.3 18
1752170843700 45.9 19
1752170853806 29.4 20
1752170863914 28.1 21
1752170874017 28.7 22
1752170884129 28.6 23
1752170894279 38.8 24
1752170904392 32.9 25
1752170914481 28.7 26
1752170924586 39.2 27
1752170934700 26.6 28
1752170944793 34.9 29
1752170954894 26.5 30
1752170964983 39.1 31
1752170975073 41.0 32
1752170985153 27.9 33
1752170995260 35.6 34
1752171005351 26.5 35
1752171015509 26.8 36
1752171025627 47.1 37
1752171035720 26.5 38
1752171045809 35.5 39
1752171055919 29.1 40
1752171066032 27.5 41
1752171076520 28.1 42
1752171086622 30.4 43
1752171096743 27.9 44
1752171106835 35.0 45
1752171116926 31.2 46
1752171127022 30.0 47
1752171137117 24.9 48
1752171147233 37.7 49
1752171157342 26.6 50
1752171167440 26.7 51
1752171177951 34.0 52
1752171188034 34.0 53
1752171198145 27.1 54
1752171208608 35.0 55
1752171218687 39.1 56
1752171228784 27.1 57
1752171238879 27.4 58
1752171248972 26.9 59
1752171259073 32.6 60
1752171269175 27.6 61
1752171279273 37.0 62
1752171289369 26.5 63
1752171299476 35.3 64
1752171309576 25.5 65
1752171319678 25.7 66
1752171329765 33.5 67
1752171339845 22.5 68
1752171349913 10.4 69
1752171360149 11.3 70
