1752170651019 25.4 0
1752170661252 25.4 1
1752170671464 25.4 2
1752170681623 25.4 3
1752170691803 25.4 4
1752170701968 25.4 5
1752170712107 25.4 6
1752170722323 25.4 7
1752170732493 25.4 8
1752170742595 25.4 9
1752170752716 25.4 10
1752170762848 25.4 11
1752170772994 25.4 12
1752170783102 25.4 13
1752170793199 25.4 14
1752170803301 25.4 15
1752170813412 25.4 16
1752170823492 25.4 17
1752170833580 25.4 18
1752170843700 25.4 19
1752170853806 25.4 20
1752170863914 25.4 21
1752170874017 25.4 22
1752170884129 25.4 23
1752170894279 25.4 24
1752170904392 25.4 25
1752170914481 25.4 26
1752170924586 25.4 27
1752170934700 25.4 28
1752170944793 25.4 29
1752170954894 25.4 30
1752170964983 25.4 31
1752170975073 25.4 32
1752170985153 25.4 33
1752170995260 25.4 34
1752171005351 25.4 35
1752171015509 25.4 36
1752171025627 25.4 37
1752171035720 25.4 38
1752171045809 25.4 39
1752171055919 25.4 40
1752171066032 25.4 41
1752171076520 25.4 42
1752171086622 25.4 43
1752171096743 25.4 44
1752171106835 25.4 45
1752171116926 25.4 46
1752171127022 25.4 47
1752171137117 25.4 48
1752171147233 25.4 49
1752171157342 25.4 50
1752171167440 25.4 51
1752171177951 25.4 52
1752171188034 25.4 53
1752171198145 25.4 54
1752171208608 25.4 55
1752171218687 25.4 56
1752171228784 25.4 57
1752171238879 25.4 58
1752171248972 25.4 59
1752171259073 25.4 60
1752171269175 25.4 61
1752171279273 25.4 62
1752171289369 25.4 63
1752171299476 25.4 64
1752171309576 25.4 65
1752171319678 25.4 66
1752171329765 25.4 67
1752171339845 25.4 68
1752171349913 25.4 69
1752171360149 25.4 70
