1752170651019 763777.3 0
1752170661252 763775.3 1
1752170671464 763774.5 2
1752170681623 763772.5 3
1752170691803 763762.5 4
1752170701968 763720.1 5
1752170712107 763727.9 6
1752170722323 763728.0 7
1752170732493 763727.7 8
1752170742595 763727.5 9
1752170752716 763727.3 10
1752170762848 763727.2 11
1752170772994 763727.0 12
1752170783102 763726.8 13
1752170793199 763726.7 14
1752170803301 763726.4 15
1752170813412 763726.2 16
1752170823492 763726.1 17
1752170833580 763726.0 18
1752170843700 763725.8 19
1752170853806 763725.7 20
1752170863914 763725.5 21
1752170874017 763725.2 22
1752170884129 763725.1 23
1752170894279 763726.4 24
1752170904392 763726.1 25
1752170914481 763726.0 26
1752170924586 763725.9 27
1752170934700 763725.7 28
1752170944793 763725.6 29
1752170954894 763725.5 30
1752170964983 763725.3 31
1752170975073 763724.9 32
1752170985153 763724.8 33
1752170995260 763724.7 34
1752171005351 763724.6 35
1752171015509 763724.4 36
1752171025627 763724.3 37
1752171035720 763724.1 38
1752171045809 763723.8 39
1752171055919 763723.6 40
1752171066032 763723.4 41
1752171076520 763723.3 42
1752171086622 763723.0 43
1752171096743 763722.9 44
1752171106835 763722.7 45
1752171116926 763722.5 46
1752171127022 763722.4 47
1752171137117 763722.2 48
1752171147233 763722.1 49
1752171157342 763721.6 50
1752171167440 763721.5 51
1752171177951 763721.4 52
1752171188034 763721.1 53
1752171198145 763720.9 54
1752171208608 763720.8 55
1752171218687 763720.5 56
1752171228784 763720.4 57
1752171238879 763720.3 58
1752171248972 763720.0 59
1752171259073 763719.9 60
1752171269175 763719.8 61
1752171279273 763719.6 62
1752171289369 763719.5 63
1752171299476 763718.9 64
1752171309576 763718.7 65
1752171319678 763718.6 66
1752171329765 763718.5 67
1752171339845 763718.3 68
1752171349913 763718.2 69
1752171360149 763718.0 70
