1752170651019 259616.3 0
1752170661252 259618.4 1
1752170671464 259619.2 2
1752170681623 259621.1 3
1752170691803 259631.1 4
1752170701968 259673.5 5
1752170712107 259665.7 6
1752170722323 259665.6 7
1752170732493 259665.9 8
1752170742595 259666.1 9
1752170752716 259666.3 10
1752170762848 259666.4 11
1752170772994 259666.6 12
1752170783102 259666.8 13
1752170793199 259666.9 14
1752170803301 259667.3 15
1752170813412 259667.4 16
1752170823492 259667.5 17
1752170833580 259667.7 18
1752170843700 259667.8 19
1752170853806 259667.9 20
1752170863914 259668.1 21
1752170874017 259668.4 22
1752170884129 259668.5 23
1752170894279 259667.2 24
1752170904392 259667.5 25
1752170914481 259667.6 26
1752170924586 259667.7 27
1752170934700 259667.9 28
1752170944793 259668.0 29
1752170954894 259668.2 30
1752170964983 259668.3 31
1752170975073 259668.7 32
1752170985153 259668.8 33
1752170995260 259668.9 34
1752171005351 259669.1 35
1752171015509 259669.2 36
1752171025627 259669.3 37
1752171035720 259669.5 38
1752171045809 259669.9 39
1752171055919 259670.0 40
1752171066032 259670.2 41
1752171076520 259670.3 42
1752171086622 259670.6 43
1752171096743 259670.7 44
1752171106835 259670.9 45
1752171116926 259671.1 46
1752171127022 259671.2 47
1752171137117 259671.4 48
1752171147233 259671.5 49
1752171157342 259672.0 50
1752171167440 259672.1 51
1752171177951 259672.2 52
1752171188034 259672.5 53
1752171198145 259672.7 54
1752171208608 259672.8 55
1752171218687 259673.1 56
1752171228784 259673.2 57
1752171238879 259673.3 58
1752171248972 259673.6 59
1752171259073 259673.7 60
1752171269175 259673.8 61
1752171279273 259674.0 62
1752171289369 259674.1 63
1752171299476 259674.8 64
1752171309576 259674.9 65
1752171319678 259675.0 66
1752171329765 259675.2 67
1752171339845 259675.3 68
1752171349913 259675.4 69
1752171360149 259675.6 70
