1752170651019 0.0 0
1752170661252 0.1611549999999511 1
1752170671464 0.36924599999997554 2
1752170681623 0.920172999999977 3
1752170691803 1.1159289999999942 4
1752170701968 1.4910699999999792 5
1752170712107 1.5271449999999618 6
1752170722323 1.567056999999977 7
1752170732493 1.584626999999955 8
1752170742595 1.6072529999999574 9
1752170752716 1.6347619999999665 10
1752170762848 1.663659999999993 11
1752170772994 1.6819849999999974 12
1752170783102 1.7140099999999734 13
1752170793199 1.7206019999999853 14
1752170803301 1.7476219999999785 15
1752170813412 1.781157999999948 16
1752170823492 1.7889059999999972 17
1752170833580 1.8043329999999855 18
1752170843700 1.90185299999996 19
1752170853806 1.9098689999999579 20
1752170863914 1.933640999999966 21
1752170874017 1.96031899999997 22
1752170884129 1.9692809999999668 23
1752170894279 1.9762759999999844 24
1752170904392 1.9916509999999903 25
1752170914481 2.0064649999999915 26
1752170924586 2.0172619999999597 27
1752170934700 2.0537989999999695 28
1752170944793 2.0572159999999826 29
1752170954894 2.0644269999999665 30
1752170964983 2.0713759999999866 31
1752170975073 2.0879429999999957 32
1752170985153 2.1011089999999513 33
1752170995260 2.129913999999985 34
1752171005351 2.145825000000002 35
1752171015509 2.1648349999999823 36
1752171025627 2.2705029999999624 37
1752171035720 2.301187999999968 38
1752171045809 2.3279289999999833 39
1752171055919 2.3621629999999527 40
1752171066032 2.3700719999999933 41
1752171076520 2.3788659999999595 42
1752171086622 2.387428 43
1752171096743 2.389958999999976 44
1752171106835 2.419839999999965 45
1752171116926 2.467658999999969 46
1752171127022 2.4871109999999703 47
1752171137117 2.494169999999997 48
1752171147233 2.5020250000000033 49
1752171157342 2.510407999999984 50
1752171167440 2.5222349999999665 51
1752171177951 2.558316999999988 52
1752171188034 2.5725119999999606 53
1752171198145 2.5848629999999844 54
1752171208608 2.6854569999999853 55
1752171218687 2.7283219999999915 56
1752171228784 2.749446999999975 57
1752171238879 2.7670309999999745 58
1752171248972 2.7724230000000034 59
1752171259073 2.7882929999999533 60
1752171269175 2.7919689999999946 61
1752171279273 2.7944909999999936 62
1752171289369 2.8060029999999756 63
1752171299476 2.8415239999999926 64
1752171309576 2.844714999999951 65
1752171319678 2.8510329999999726 66
1752171329765 2.8667629999999917 67
1752171339845 2.87579599999998 68
1752171349913 2.8847769999999855 69
1752171360149 2.926760999999999 70
