1752170651019 0.0 0
1752170661252 0.10460299999999734 1
1752170671464 0.2040119999999206 2
1752170681623 8.855342999999948 3
1752170691803 14.491287000000057 4
1752170701968 14.754950999999892 5
1752170712107 14.775996000000077 6
1752170722323 14.828719999999976 7
1752170732493 14.844403000000057 8
1752170742595 14.863366999999926 9
1752170752716 14.92442600000004 10
1752170762848 14.948247999999921 11
1752170772994 14.970002000000022 12
1752170783102 14.992397999999866 13
1752170793199 14.999821999999995 14
1752170803301 15.015308999999888 15
1752170813412 15.091306999999915 16
1752170823492 15.100259999999935 17
1752170833580 15.109236999999894 18
1752170843700 15.135127999999895 19
1752170853806 15.139345000000048 20
1752170863914 15.19436399999995 21
1752170874017 15.231641999999965 22
1752170884129 15.238693000000012 23
1752170894279 15.24611200000004 24
1752170904392 15.314840999999888 25
1752170914481 15.332267000000002 26
1752170924586 15.339880999999878 27
1752170934700 15.36837700000001 28
1752170944793 15.371535999999878 29
1752170954894 15.378971999999976 30
1752170964983 15.382266999999956 31
1752170975073 15.398897000000034 32
1752170985153 15.41003099999989 33
1752170995260 15.43785099999991 34
1752171005351 15.450683000000026 35
1752171015509 15.469331000000011 36
1752171025627 15.50320499999998 37
1752171035720 15.522903999999926 38
1752171045809 15.534318999999869 39
1752171055919 15.608277000000044 40
1752171066032 15.611957999999959 41
1752171076520 15.624399999999923 42
1752171086622 15.627792 43
1752171096743 15.630183999999872 44
1752171106835 15.65070199999991 45
1752171116926 15.695134999999937 46
1752171127022 15.704146000000037 47
1752171137117 15.711690999999973 48
1752171147233 15.717241999999942 49
1752171157342 15.731043 50
1752171167440 15.738822999999911 51
1752171177951 15.785536999999977 52
1752171188034 15.795029999999997 53
1752171198145 15.805080999999973 54
1752171208608 15.898717999999917 55
1752171218687 15.949382000000014 56
1752171228784 15.968873999999914 57
1752171238879 15.992539999999963 58
1752171248972 15.995634999999993 59
1752171259073 16.012680000000046 60
1752171269175 16.017125999999962 61
1752171279273 16.019260999999915 62
1752171289369 16.027485999999953 63
1752171299476 16.056781 64
1752171309576 16.060645999999906 65
1752171319678 16.067246999999952 66
1752171329765 16.083628999999974 67
1752171339845 16.09199999999987 68
1752171349913 16.09482099999991 69
1752171360149 16.124376999999868 70
