1752170651019 25226.8 0
1752170661252 26012.2 1
1752170671464 25701.8 2
1752170681623 26123.9 3
1752170691803 25877.5 4
1752170701968 25772.1 5
1752170712107 25756.2 6
1752170722323 25643.6 7
1752170732493 25976.7 8
1752170742595 25479.7 9
1752170752716 25667.2 10
1752170762848 25705.7 11
1752170772994 25745.8 12
1752170783102 25993.2 13
1752170793199 26044.8 14
1752170803301 25808.0 15
1752170813412 25841.9 16
1752170823492 25799.2 17
1752170833580 25689.6 18
1752170843700 25692.9 19
1752170853806 25839.5 20
1752170863914 25829.1 21
1752170874017 25836.3 22
1752170884129 26051.6 23
1752170894279 26020.5 24
1752170904392 25754.9 25
1752170914481 25864.4 26
1752170924586 25929.9 27
1752170934700 26039.3 28
1752170944793 26029.8 29
1752170954894 25973.1 30
1752170964983 25854.2 31
1752170975073 25429.6 32
1752170985153 25510.4 33
1752170995260 25542.3 34
1752171005351 25725.9 35
1752171015509 25657.1 36
1752171025627 25914.9 37
1752171035720 25748.3 38
1752171045809 25826.4 39
1752171055919 26004.8 40
1752171066032 26011.9 41
1752171076520 25981.3 42
1752171086622 25992.3 43
1752171096743 26210.3 44
1752171106835 26152.4 45
1752171116926 26144.3 46
1752171127022 26327.1 47
1752171137117 26298.6 48
1752171147233 26095.3 49
1752171157342 26231.4 50
1752171167440 26185.7 51
1752171177951 26255.7 52
1752171188034 26133.4 53
1752171198145 26352.6 54
1752171208608 26694.3 55
1752171218687 26311.9 56
1752171228784 26380.0 57
1752171238879 26444.1 58
1752171248972 26568.9 59
1752171259073 26588.6 60
1752171269175 26743.2 61
1752171279273 26253.0 62
1752171289369 26336.9 63
1752171299476 26391.5 64
1752171309576 26499.0 65
1752171319678 26512.1 66
1752171329765 26554.9 67
1752171339845 26578.5 68
1752171349913 26718.8 69
1752171360149 26903.6 70
