1752170651019 74.1 0
1752170661252 76.4 1
1752170671464 75.5 2
1752170681623 76.8 3
1752170691803 76.0 4
1752170701968 75.7 5
1752170712107 75.7 6
1752170722323 75.4 7
1752170732493 76.3 8
1752170742595 74.9 9
1752170752716 75.4 10
1752170762848 75.5 11
1752170772994 75.7 12
1752170783102 76.4 13
1752170793199 76.5 14
1752170803301 75.8 15
1752170813412 75.9 16
1752170823492 75.8 17
1752170833580 75.5 18
1752170843700 75.5 19
1752170853806 75.9 20
1752170863914 75.9 21
1752170874017 75.9 22
1752170884129 76.6 23
1752170894279 76.5 24
1752170904392 75.7 25
1752170914481 76.0 26
1752170924586 76.2 27
1752170934700 76.5 28
1752170944793 76.5 29
1752170954894 76.3 30
1752170964983 76.0 31
1752170975073 74.7 32
1752170985153 75.0 33
1752170995260 75.1 34
1752171005351 75.6 35
1752171015509 75.4 36
1752171025627 76.2 37
1752171035720 75.7 38
1752171045809 75.9 39
1752171055919 76.4 40
1752171066032 76.4 41
1752171076520 76.4 42
1752171086622 76.4 43
1752171096743 77.0 44
1752171106835 76.9 45
1752171116926 76.8 46
1752171127022 77.4 47
1752171137117 77.3 48
1752171147233 76.7 49
1752171157342 77.1 50
1752171167440 77.0 51
1752171177951 77.2 52
1752171188034 76.8 53
1752171198145 77.4 54
1752171208608 78.4 55
1752171218687 77.3 56
1752171228784 77.5 57
1752171238879 77.7 58
1752171248972 78.1 59
1752171259073 78.1 60
1752171269175 78.6 61
1752171279273 77.1 62
1752171289369 77.4 63
1752171299476 77.6 64
1752171309576 77.9 65
1752171319678 77.9 66
1752171329765 78.0 67
1752171339845 78.1 68
1752171349913 78.5 69
1752171360149 79.1 70
