1752539246745 0.0 0
1752539256879 9.4 1
1752539267033 32.2 2
1752539277163 31.1 3
1752539287274 30.3 4
1752539297382 19.4 5
1752539307468 31.6 6
1752539317558 26.1 7
1752539327679 21.6 8
1752539337795 27.9 9
1752539347920 22.2 10
1752539358023 29.5 11
1752539368116 19.3 12
1752539378245 24.4 13
1752539388365 21.9 14
1752539398440 19.1 15
1752539408528 22.8 16
1752539418627 25.1 17
1752539428719 27.4 18
1752539438816 26.6 19
1752539448898 27.0 20
1752539458987 25.6 21
1752539469070 38.9 22
1752539479192 28.7 23
1752539489271 29.2 24
1752539499348 35.8 25
1752539509456 35.8 26
1752539519546 27.9 27
1752539529646 39.5 28
1752539539733 27.7 29
1752539549810 33.7 30
1752539559932 33.3 31
1752539570041 29.8 32
1752539580149 28.3 33
1752539590373 29.0 34
1752539600470 37.7 35
1752539610568 31.4 36
1752539620661 28.8 37
1752539630767 26.7 38
1752539640859 30.4 39
1752539650964 28.0 40
1752539661057 36.9 41
1752539671169 27.9 42
1752539681254 33.6 43
1752539691377 32.3 44
1752539701490 28.8 45
1752539711570 27.1 46
1752539721670 29.9 47
1752539731787 31.4 48
1752539741899 29.8 49
1752539752011 26.3 50
1752539762120 37.2 51
1752539772218 27.2 52
1752539782345 30.1 53
1752539792456 29.3 54
1752539802562 28.6 55
1752539812681 26.7 56
1752539822787 29.3 57
1752539832873 28.2 58
1752539842996 29.2 59
1752539853114 29.4 60
1752539863241 34.3 61
1752539873356 40.1 62
1752539883473 18.9 63
1752539893589 28.7 64
1752539903678 37.4 65
1752539913774 24.4 66
1752539923854 27.2 67
1752539933930 16.6 68
1752539944326 10.3 69
1752539954396 10.7 70
1752539964462 9.9 71
