1752539246745 763690.6 0
1752539256879 763689.7 1
1752539267033 763689.5 2
1752539277163 763689.3 3
1752539287274 763689.2 4
1752539297382 763688.9 5
1752539307468 763688.7 6
1752539317558 763688.7 7
1752539327679 763688.8 8
1752539337795 763688.8 9
1752539347920 763688.9 10
1752539358023 763688.9 11
1752539368116 763688.9 12
1752539378245 763688.8 13
1752539388365 763688.8 14
1752539398440 763688.7 15
1752539408528 763688.6 16
1752539418627 763688.0 17
1752539428719 763687.7 18
1752539438816 763687.7 19
1752539448898 763687.7 20
1752539458987 763687.7 21
1752539469070 763687.7 22
1752539479192 763687.7 23
1752539489271 763686.9 24
1752539499348 763687.0 25
1752539509456 763686.9 26
1752539519546 763686.9 27
1752539529646 763687.0 28
1752539539733 763686.9 29
1752539549810 763686.9 30
1752539559932 763686.8 31
1752539570041 763686.8 32
1752539580149 763686.6 33
1752539590373 763686.5 34
1752539600470 763686.5 35
1752539610568 763686.5 36
1752539620661 763686.5 37
1752539630767 763686.5 38
1752539640859 763686.5 39
1752539650964 763686.5 40
1752539661057 763686.5 41
1752539671169 763686.3 42
1752539681254 763686.1 43
1752539691377 763686.0 44
1752539701490 763686.0 45
1752539711570 763686.0 46
1752539721670 763685.9 47
1752539731787 763685.9 48
1752539741899 763685.9 49
1752539752011 763685.8 50
1752539762120 763686.0 51
1752539772218 763686.0 52
1752539782345 763686.1 53
1752539792456 763686.0 54
1752539802562 763686.0 55
1752539812681 763686.0 56
1752539822787 763685.9 57
1752539832873 763685.8 58
1752539842996 763685.8 59
1752539853114 763685.8 60
1752539863241 763685.6 61
1752539873356 763685.0 62
1752539883473 763684.9 63
1752539893589 763684.8 64
1752539903678 763684.8 65
1752539913774 763684.8 66
1752539923854 763684.9 67
1752539933930 763684.9 68
1752539944326 763687.5 69
1752539954396 763687.3 70
1752539964462 763687.3 71
