1752539246745 259703.1 0
1752539256879 259704.0 1
1752539267033 259704.1 2
1752539277163 259704.3 3
1752539287274 259704.5 4
1752539297382 259704.7 5
1752539307468 259704.9 6
1752539317558 259704.9 7
1752539327679 259704.8 8
1752539337795 259704.8 9
1752539347920 259704.7 10
1752539358023 259704.7 11
1752539368116 259704.7 12
1752539378245 259704.8 13
1752539388365 259704.8 14
1752539398440 259704.9 15
1752539408528 259705.0 16
1752539418627 259705.6 17
1752539428719 259705.9 18
1752539438816 259705.9 19
1752539448898 259705.9 20
1752539458987 259705.9 21
1752539469070 259705.9 22
1752539479192 259705.9 23
1752539489271 259706.7 24
1752539499348 259706.7 25
1752539509456 259706.7 26
1752539519546 259706.7 27
1752539529646 259706.7 28
1752539539733 259706.8 29
1752539549810 259706.7 30
1752539559932 259706.9 31
1752539570041 259706.9 32
1752539580149 259707.0 33
1752539590373 259707.1 34
1752539600470 259707.1 35
1752539610568 259707.1 36
1752539620661 259707.1 37
1752539630767 259707.1 38
1752539640859 259707.1 39
1752539650964 259707.1 40
1752539661057 259707.1 41
1752539671169 259707.3 42
1752539681254 259707.6 43
1752539691377 259707.6 44
1752539701490 259707.6 45
1752539711570 259707.6 46
1752539721670 259707.7 47
1752539731787 259707.8 48
1752539741899 259707.8 49
1752539752011 259707.8 50
1752539762120 259707.6 51
1752539772218 259707.6 52
1752539782345 259707.5 53
1752539792456 259707.6 54
1752539802562 259707.6 55
1752539812681 259707.6 56
1752539822787 259707.7 57
1752539832873 259707.8 58
1752539842996 259707.8 59
1752539853114 259707.8 60
1752539863241 259708.0 61
1752539873356 259708.6 62
1752539883473 259708.7 63
1752539893589 259708.8 64
1752539903678 259708.8 65
1752539913774 259708.8 66
1752539923854 259708.7 67
1752539933930 259708.7 68
1752539944326 259706.1 69
1752539954396 259706.3 70
1752539964462 259706.3 71
