1752539246745 25.4 0
1752539256879 25.4 1
1752539267033 25.4 2
1752539277163 25.4 3
1752539287274 25.4 4
1752539297382 25.4 5
1752539307468 25.4 6
1752539317558 25.4 7
1752539327679 25.4 8
1752539337795 25.4 9
1752539347920 25.4 10
1752539358023 25.4 11
1752539368116 25.4 12
1752539378245 25.4 13
1752539388365 25.4 14
1752539398440 25.4 15
1752539408528 25.4 16
1752539418627 25.4 17
1752539428719 25.4 18
1752539438816 25.4 19
1752539448898 25.4 20
1752539458987 25.4 21
1752539469070 25.4 22
1752539479192 25.4 23
1752539489271 25.4 24
1752539499348 25.4 25
1752539509456 25.4 26
1752539519546 25.4 27
1752539529646 25.4 28
1752539539733 25.4 29
1752539549810 25.4 30
1752539559932 25.4 31
1752539570041 25.4 32
1752539580149 25.4 33
1752539590373 25.4 34
1752539600470 25.4 35
1752539610568 25.4 36
1752539620661 25.4 37
1752539630767 25.4 38
1752539640859 25.4 39
1752539650964 25.4 40
1752539661057 25.4 41
1752539671169 25.4 42
1752539681254 25.4 43
1752539691377 25.4 44
1752539701490 25.4 45
1752539711570 25.4 46
1752539721670 25.4 47
1752539731787 25.4 48
1752539741899 25.4 49
1752539752011 25.4 50
1752539762120 25.4 51
1752539772218 25.4 52
1752539782345 25.4 53
1752539792456 25.4 54
1752539802562 25.4 55
1752539812681 25.4 56
1752539822787 25.4 57
1752539832873 25.4 58
1752539842996 25.4 59
1752539853114 25.4 60
1752539863241 25.4 61
1752539873356 25.4 62
1752539883473 25.4 63
1752539893589 25.4 64
1752539903678 25.4 65
1752539913774 25.4 66
1752539923854 25.4 67
1752539933930 25.4 68
1752539944326 25.4 69
1752539954396 25.4 70
1752539964462 25.4 71
