1752539246745 0.0 0
1752539256879 0.18124500000000054 1
1752539267033 0.2014320000000005 2
1752539277163 0.21330700000000036 3
1752539287274 0.21560200000000052 4
1752539297382 0.2338160000000009 5
1752539307468 0.26078000000000046 6
1752539317558 0.3086200000000012 7
1752539327679 0.3193710000000003 8
1752539337795 0.3269700000000011 9
1752539347920 0.33498100000000086 10
1752539358023 0.36936500000000017 11
1752539368116 0.37979699999999994 12
1752539378245 0.38662799999999997 13
1752539388365 0.4005609999999997 14
1752539398440 0.43358700000000105 15
1752539408528 0.43657400000000024 16
1752539418627 0.43961200000000034 17
1752539428719 0.507397000000001 18
1752539438816 0.5151710000000005 19
1752539448898 0.5422260000000012 20
1752539458987 0.5561869999999995 21
1752539469070 0.5766650000000002 22
1752539479192 0.5789740000000005 23
1752539489271 0.5862600000000011 24
1752539499348 0.6430540000000011 25
1752539509456 0.6607040000000008 26
1752539519546 0.6672370000000001 27
1752539529646 0.6781459999999999 28
1752539539733 0.680809 29
1752539549810 0.6885399999999997 30
1752539559932 0.7184090000000012 31
1752539570041 0.7222500000000007 32
1752539580149 0.728117000000001 33
1752539590373 0.7412220000000005 34
1752539600470 0.7521690000000003 35
1752539610568 0.7594310000000011 36
1752539620661 0.7662300000000002 37
1752539630767 0.7730990000000002 38
1752539640859 0.7878450000000008 39
1752539650964 0.7952670000000008 40
1752539661057 0.7997580000000006 41
1752539671169 0.810728000000001 42
1752539681254 0.8874620000000011 43
1752539691377 0.898022000000001 44
1752539701490 0.9128559999999997 45
1752539711570 0.920395000000001 46
1752539721670 0.9244240000000001 47
1752539731787 0.9310740000000006 48
1752539741899 0.9393950000000011 49
1752539752011 0.9681930000000012 50
1752539762120 0.9900830000000003 51
1752539772218 1.0061060000000008 52
1752539782345 1.0088450000000009 53
1752539792456 1.0113880000000002 54
1752539802562 1.0230420000000002 55
1752539812681 1.0431609999999996 56
1752539822787 1.052982 57
1752539832873 1.067196000000001 58
1752539842996 1.0738140000000005 59
1752539853114 1.0860400000000006 60
1752539863241 1.288851000000001 61
1752539873356 1.3629250000000006 62
1752539883473 1.3708770000000001 63
1752539893589 1.3925400000000003 64
1752539903678 1.3967100000000006 65
1752539913774 1.3985660000000006 66
1752539923854 1.4270440000000004 67
1752539933930 1.440353 68
1752539944326 1.4617920000000009 69
1752539954396 1.4916530000000012 70
1752539964462 1.4987440000000003 71
