1752539246745 0.0 0
1752539256879 0.08198999999999934 1
1752539267033 0.10180599999999984 2
1752539277163 0.13900600000000018 3
1752539287274 0.1441359999999996 4
1752539297382 0.15692299999999904 5
1752539307468 0.17554999999999943 6
1752539317558 0.20713499999999918 7
1752539327679 0.21814099999999925 8
1752539337795 0.23050899999999963 9
1752539347920 0.23819499999999927 10
1752539358023 0.2764930000000003 11
1752539368116 0.29018999999999906 12
1752539378245 0.29743599999999937 13
1752539388365 0.3101149999999997 14
1752539398440 0.3822739999999989 15
1752539408528 0.3883270000000003 16
1752539418627 0.39146399999999915 17
1752539428719 0.4704529999999991 18
1752539438816 0.48052099999999953 19
1752539448898 0.505903 20
1752539458987 0.5275529999999993 21
1752539469070 0.5536630000000002 22
1752539479192 0.5583390000000001 23
1752539489271 0.5692139999999988 24
1752539499348 0.5995829999999991 25
1752539509456 0.6170469999999995 26
1752539519546 0.6268379999999993 27
1752539529646 0.640839999999999 28
1752539539733 0.6458539999999999 29
1752539549810 0.6566340000000004 30
1752539559932 0.759091999999999 31
1752539570041 0.7635760000000005 32
1752539580149 0.7718569999999989 33
1752539590373 0.7993209999999991 34
1752539600470 0.8110859999999995 35
1752539610568 0.8212949999999992 36
1752539620661 0.8251270000000002 37
1752539630767 0.8307769999999994 38
1752539640859 0.8584129999999988 39
1752539650964 0.8669560000000001 40
1752539661057 0.8729399999999998 41
1752539671169 0.8862869999999994 42
1752539681254 0.9487009999999998 43
1752539691377 0.9603380000000001 44
1752539701490 0.9818540000000002 45
1752539711570 0.9938839999999995 46
1752539721670 0.9996609999999997 47
1752539731787 1.0099199999999993 48
1752539741899 1.0148289999999989 49
1752539752011 1.0390669999999993 50
1752539762120 1.061166 51
1752539772218 1.0865069999999992 52
1752539782345 1.090904 53
1752539792456 1.095955 54
1752539802562 1.111122 55
1752539812681 1.130872 56
1752539822787 1.1372579999999992 57
1752539832873 1.156428 58
1752539842996 1.249618 59
1752539853114 1.2705570000000002 60
1752539863241 1.6928780000000003 61
1752539873356 1.749917 62
1752539883473 1.7641829999999992 63
1752539893589 1.7751450000000002 64
1752539903678 1.780016999999999 65
1752539913774 1.7856159999999992 66
1752539923854 1.8188759999999995 67
1752539933930 1.8370300000000004 68
1752539944326 1.852404 69
1752539954396 1.8897469999999998 70
1752539964462 1.896374999999999 71
