1752539246745 51.4 0
1752539256879 52.4 1
1752539267033 52.4 2
1752539277163 52.8 3
1752539287274 52.3 4
1752539297382 52.4 5
1752539307468 52.8 6
1752539317558 53.0 7
1752539327679 52.7 8
1752539337795 52.8 9
1752539347920 52.9 10
1752539358023 53.6 11
1752539368116 53.4 12
1752539378245 53.3 13
1752539388365 53.4 14
1752539398440 53.7 15
1752539408528 53.6 16
1752539418627 53.8 17
1752539428719 54.1 18
1752539438816 54.4 19
1752539448898 54.4 20
1752539458987 54.5 21
1752539469070 54.9 22
1752539479192 54.8 23
1752539489271 55.3 24
1752539499348 55.3 25
1752539509456 55.2 26
1752539519546 55.3 27
1752539529646 55.3 28
1752539539733 55.4 29
1752539549810 55.3 30
1752539559932 55.5 31
1752539570041 56.2 32
1752539580149 55.8 33
1752539590373 55.4 34
1752539600470 55.1 35
1752539610568 55.5 36
1752539620661 55.7 37
1752539630767 55.7 38
1752539640859 56.0 39
1752539650964 56.0 40
1752539661057 56.4 41
1752539671169 56.3 42
1752539681254 57.5 43
1752539691377 56.8 44
1752539701490 57.2 45
1752539711570 57.4 46
1752539721670 57.1 47
1752539731787 57.6 48
1752539741899 57.8 49
1752539752011 57.7 50
1752539762120 58.0 51
1752539772218 58.2 52
1752539782345 58.0 53
1752539792456 58.3 54
1752539802562 58.5 55
1752539812681 58.9 56
1752539822787 59.1 57
1752539832873 59.0 58
1752539842996 59.3 59
1752539853114 59.5 60
1752539863241 60.1 61
1752539873356 60.2 62
1752539883473 60.0 63
1752539893589 60.5 64
1752539903678 60.5 65
1752539913774 60.3 66
1752539923854 60.9 67
1752539933930 60.8 68
1752539944326 61.4 69
1752539954396 62.0 70
1752539964462 62.5 71
