1752539246745 17485.3 0
1752539256879 17834.4 1
1752539267033 17845.2 2
1752539277163 17960.8 3
1752539287274 17786.3 4
1752539297382 17846.4 5
1752539307468 17955.6 6
1752539317558 18030.4 7
1752539327679 17946.9 8
1752539337795 17957.0 9
1752539347920 18005.2 10
1752539358023 18239.3 11
1752539368116 18157.9 12
1752539378245 18127.1 13
1752539388365 18163.6 14
1752539398440 18283.2 15
1752539408528 18242.6 16
1752539418627 18315.0 17
1752539428719 18398.8 18
1752539438816 18501.7 19
1752539448898 18498.8 20
1752539458987 18529.8 21
1752539469070 18689.9 22
1752539479192 18653.0 23
1752539489271 18824.4 24
1752539499348 18807.9 25
1752539509456 18778.4 26
1752539519546 18813.3 27
1752539529646 18816.6 28
1752539539733 18840.5 29
1752539549810 18828.1 30
1752539559932 18899.0 31
1752539570041 19116.0 32
1752539580149 18978.5 33
1752539590373 18866.7 34
1752539600470 18753.1 35
1752539610568 18888.9 36
1752539620661 18957.4 37
1752539630767 18958.5 38
1752539640859 19064.0 39
1752539650964 19040.1 40
1752539661057 19185.0 41
1752539671169 19148.3 42
1752539681254 19577.4 43
1752539691377 19341.5 44
1752539701490 19461.8 45
1752539711570 19534.4 46
1752539721670 19414.2 47
1752539731787 19591.4 48
1752539741899 19666.4 49
1752539752011 19646.0 50
1752539762120 19750.8 51
1752539772218 19796.8 52
1752539782345 19724.8 53
1752539792456 19854.9 54
1752539802562 19893.6 55
1752539812681 20039.6 56
1752539822787 20099.0 57
1752539832873 20089.8 58
1752539842996 20180.3 59
1752539853114 20260.4 60
1752539863241 20442.7 61
1752539873356 20491.7 62
1752539883473 20419.0 63
1752539893589 20584.9 64
1752539903678 20574.7 65
1752539913774 20519.0 66
1752539923854 20737.0 67
1752539933930 20697.1 68
1752539944326 20888.9 69
1752539954396 21092.0 70
1752539964462 21267.0 71
