1749845457986 0.013401572246173853 0
1749845469710 0.006607084535343569 1
1749845479198 0.005137561616634931 2
1749845489995 0.004883341724635085 3
1749845500322 0.003831705126890049 4
1749845508153 0.0030587278426815728 5
1749845517099 0.0026052185738445702 6
1749845527344 0.0035063865211241475 7
1749845537111 0.0034632125988670105 8
1749845547206 0.004896224446712887 9
1749845557755 0.0042626061419079216 10
1749845568617 0.0034208414069487386 11
1749845577657 0.003482983162744803 12
1749845587773 0.004097691139881174 13
1749845597365 0.0036743692426548444 14
1749845606632 0.004500042791461085 15
1749845615335 0.005498132783545202 16
1749845630327 8.835388601516096 17
1749845635387 0.010492059714078954 18
1749845647250 0.007242471453042762 19
1749845679342 0.022548455747378925 0
1749845688536 0.022741637049341804 0
1749845691428 0.02355371992870177 0
1749845695341 0.01887105799527755 0
