1753105845716 0.0 0
1753105855952 40.9 1
1753105866262 56.9 2
1753105876428 69.4 3
1753105886577 50.9 4
1753105896681 57.5 5
1753105906941 50.9 6
1753105917138 52.5 7
1753105927401 51.3 8
1753105937509 61.5 9
1753105947685 48.3 10
1753105957780 56.7 11
1753105967908 43.9 12
1753105977993 55.1 13
1753105988122 49.9 14
1753105998254 50.6 15
1753106008404 56.3 16
1753106018690 53.7 17
1753106028836 45.4 18
1753106038995 54.7 19
1753106049137 56.0 20
1753106059302 54.6 21
1753106069391 54.8 22
1753106079513 56.1 23
1753106089626 63.7 24
1753106099826 56.3 25
1753106109946 56.1 26
1753106120056 63.5 27
1753106130211 57.8 28
1753106140394 54.6 29
1753106150517 53.7 30
1753106160680 58.9 31
1753106170911 55.1 32
1753106181046 55.3 33
1753106191280 55.7 34
1753106201488 55.3 35
1753106211639 66.8 36
1753106221853 61.0 37
1753106232071 55.3 38
1753106242263 54.9 39
1753106252451 55.7 40
1753106262626 55.7 41
1753106272741 56.3 42
1753106282865 55.4 43
1753106293002 55.8 44
1753106303098 48.9 45
1753106313193 55.7 46
1753106323310 49.3 47
1753106333472 56.2 48
1753106343635 56.5 49
1753106353894 56.0 50
1753106364046 55.5 51
1753106374193 55.1 52
1753106384315 55.2 53
1753106394484 57.9 54
1753106404619 56.8 55
