1753105845716 25.6 0
1753105855952 25.6 1
1753105866262 25.6 2
1753105876428 25.6 3
1753105886577 25.6 4
1753105896681 25.6 5
1753105906941 25.6 6
1753105917138 25.6 7
1753105927401 25.6 8
1753105937509 25.6 9
1753105947685 25.6 10
1753105957780 25.6 11
1753105967908 25.6 12
1753105977993 25.6 13
1753105988122 25.6 14
1753105998254 25.6 15
1753106008404 25.6 16
1753106018690 25.6 17
1753106028836 25.6 18
1753106038995 25.6 19
1753106049137 25.6 20
1753106059302 25.6 21
1753106069391 25.6 22
1753106079513 25.6 23
1753106089626 25.6 24
1753106099826 25.6 25
1753106109946 25.6 26
1753106120056 25.6 27
1753106130211 25.6 28
1753106140394 25.6 29
1753106150517 25.6 30
1753106160680 25.6 31
1753106170911 25.6 32
1753106181046 25.6 33
1753106191280 25.6 34
1753106201488 25.6 35
1753106211639 25.6 36
1753106221853 25.6 37
1753106232071 25.6 38
1753106242263 25.6 39
1753106252451 25.6 40
1753106262626 25.6 41
1753106272741 25.6 42
1753106282865 25.6 43
1753106293002 25.6 44
1753106303098 25.6 45
1753106313193 25.6 46
1753106323310 25.6 47
1753106333472 25.6 48
1753106343635 25.6 49
1753106353894 25.6 50
1753106364046 25.6 51
1753106374193 25.6 52
1753106384315 25.6 53
1753106394484 25.6 54
1753106404619 25.6 55
