1753105845716 262256.6 0
1753105855952 262257.1 1
1753105866262 262257.2 2
1753105876428 262257.3 3
1753105886577 262257.3 4
1753105896681 262257.3 5
1753105906941 262257.0 6
1753105917138 262257.1 7
1753105927401 262257.1 8
1753105937509 262257.1 9
1753105947685 262257.1 10
1753105957780 262257.1 11
1753105967908 262257.2 12
1753105977993 262257.3 13
1753105988122 262257.3 14
1753105998254 262258.0 15
1753106008404 262258.0 16
1753106018690 262258.0 17
1753106028836 262258.2 18
1753106038995 262258.2 19
1753106049137 262258.1 20
1753106059302 262258.1 21
1753106069391 262258.1 22
1753106079513 262258.1 23
1753106089626 262263.5 24
1753106099826 262262.8 25
1753106109946 262263.0 26
1753106120056 262263.0 27
1753106130211 262263.1 28
1753106140394 262263.1 29
1753106150517 262263.1 30
1753106160680 262263.1 31
1753106170911 262263.3 32
1753106181046 262263.4 33
1753106191280 262263.8 34
1753106201488 262263.9 35
1753106211639 262264.8 36
1753106221853 262264.2 37
1753106232071 262264.3 38
1753106242263 262264.2 39
1753106252451 262264.3 40
1753106262626 262264.3 41
1753106272741 262249.3 42
1753106282865 262249.3 43
1753106293002 262249.4 44
1753106303098 262249.4 45
1753106313193 262249.4 46
1753106323310 262249.3 47
1753106333472 262249.5 48
1753106343635 262247.8 49
1753106353894 262247.6 50
1753106364046 262247.7 51
1753106374193 262247.7 52
1753106384315 262248.3 53
1753106394484 262248.3 54
1753106404619 262248.3 55
