1753105845716 761137.0 0
1753105855952 761136.5 1
1753105866262 761136.4 2
1753105876428 761136.3 3
1753105886577 761136.3 4
1753105896681 761136.3 5
1753105906941 761136.6 6
1753105917138 761136.5 7
1753105927401 761136.5 8
1753105937509 761136.5 9
1753105947685 761136.5 10
1753105957780 761136.5 11
1753105967908 761136.4 12
1753105977993 761136.3 13
1753105988122 761136.3 14
1753105998254 761135.6 15
1753106008404 761135.6 16
1753106018690 761135.6 17
1753106028836 761135.4 18
1753106038995 761135.4 19
1753106049137 761135.5 20
1753106059302 761135.5 21
1753106069391 761135.5 22
1753106079513 761135.5 23
1753106089626 761130.1 24
1753106099826 761130.8 25
1753106109946 761130.7 26
1753106120056 761130.6 27
1753106130211 761130.5 28
1753106140394 761130.5 29
1753106150517 761130.5 30
1753106160680 761130.5 31
1753106170911 761130.4 32
1753106181046 761130.3 33
1753106191280 761129.8 34
1753106201488 761129.8 35
1753106211639 761128.8 36
1753106221853 761129.4 37
1753106232071 761129.3 38
1753106242263 761129.4 39
1753106252451 761129.4 40
1753106262626 761129.3 41
1753106272741 761144.3 42
1753106282865 761144.4 43
1753106293002 761144.2 44
1753106303098 761144.2 45
1753106313193 761144.2 46
1753106323310 761144.3 47
1753106333472 761144.1 48
1753106343635 761145.8 49
1753106353894 761146.0 50
1753106364046 761145.9 51
1753106374193 761145.9 52
1753106384315 761145.3 53
1753106394484 761145.3 54
1753106404619 761145.3 55
