1753105845716 0.0 0
1753105855952 0.2337050000000005 1
1753105866262 0.2506389999999996 2
1753105876428 0.2981270000000009 3
1753105886577 0.3092649999999999 4
1753105896681 0.32177700000000087 5
1753105906941 0.35192599999999885 6
1753105917138 0.4128240000000005 7
1753105927401 0.45071399999999784 8
1753105937509 0.47802099999999825 9
1753105947685 0.48918199999999956 10
1753105957780 0.490791999999999 11
1753105967908 0.5067740000000001 12
1753105977993 0.5273029999999999 13
1753105988122 0.547187000000001 14
1753105998254 0.5504849999999983 15
1753106008404 0.5664890000000007 16
1753106018690 0.568048000000001 17
1753106028836 0.5912529999999983 18
1753106038995 0.6185219999999987 19
1753106049137 0.6203590000000005 20
1753106059302 0.630590999999999 21
1753106069391 0.645509999999998 22
1753106079513 0.6501370000000009 23
1753106089626 0.7937219999999989 24
1753106099826 0.8053799999999995 25
1753106109946 0.8081029999999991 26
1753106120056 0.8859099999999991 27
1753106130211 0.9698469999999979 28
1753106140394 0.9797539999999998 29
1753106150517 1.0248209999999993 30
1753106160680 1.060527999999998 31
1753106170911 1.0635919999999999 32
1753106181046 1.0709389999999992 33
1753106191280 1.1072699999999998 34
1753106201488 1.1136519999999983 35
1753106211639 1.2633319999999983 36
1753106221853 1.3441170000000007 37
1753106232071 1.374448000000001 38
1753106242263 1.39133 39
1753106252451 1.4064680000000003 40
1753106262626 1.410347999999999 41
1753106272741 1.4781389999999988 42
1753106282865 1.5348579999999998 43
1753106293002 1.5653070000000007 44
1753106303098 1.6220280000000002 45
1753106313193 1.6551589999999976 46
1753106323310 1.6648209999999999 47
1753106333472 1.7170869999999994 48
1753106343635 1.7294850000000004 49
1753106353894 1.733782999999999 50
1753106364046 1.7494440000000004 51
1753106374193 1.7541100000000007 52
1753106384315 1.7676049999999996 53
1753106394484 1.8075729999999979 54
1753106404619 1.8268309999999985 55
