1753105845716 0.0 0
1753105855952 0.04180099999999243 1
1753105866262 0.050614999999993415 2
1753105876428 0.06484799999998359 3
1753105886577 0.0780680000000018 4
1753105896681 0.08940099999998097 5
1753105906941 0.12696399999998675 6
1753105917138 0.2299899999999866 7
1753105927401 0.24246899999999982 8
1753105937509 0.25944699999999443 9
1753105947685 0.2712489999999832 10
1753105957780 0.2731419999999787 11
1753105967908 0.30406899999999837 12
1753105977993 0.32436500000000024 13
1753105988122 0.3410949999999957 14
1753105998254 0.3451519999999846 15
1753106008404 0.36094900000000507 16
1753106018690 0.3639169999999865 17
1753106028836 0.3849400000000003 18
1753106038995 0.41557000000000244 19
1753106049137 0.4182209999999884 20
1753106059302 0.4283460000000048 21
1753106069391 0.44504499999999325 22
1753106079513 0.45657399999998916 23
1753106089626 4.533196000000004 24
1753106099826 4.545559999999995 25
1753106109946 4.548723999999993 26
1753106120056 4.576369 27
1753106130211 4.630776999999995 28
1753106140394 4.646527999999989 29
1753106150517 4.68951899999999 30
1753106160680 4.729828999999995 31
1753106170911 4.732629000000003 32
1753106181046 4.73906199999999 33
1753106191280 4.765539999999987 34
1753106201488 4.772083999999978 35
1753106211639 8.777314999999987 36
1753106221853 8.854029999999995 37
1753106232071 8.881921000000006 38
1753106242263 8.89808499999998 39
1753106252451 8.902984000000004 40
1753106262626 8.906603999999987 41
1753106272741 8.973770000000002 42
1753106282865 9.018368999999979 43
1753106293002 9.047488999999985 44
1753106303098 9.083630999999997 45
1753106313193 9.105180999999988 46
1753106323310 9.122469999999993 47
1753106333472 9.185148999999996 48
1753106343635 9.200151000000005 49
1753106353894 9.204983999999996 50
1753106364046 9.220975999999979 51
1753106374193 9.224294999999984 52
1753106384315 9.239197999999988 53
1753106394484 9.292417 54
1753106404619 9.305295000000001 55
