1753105845716 29161.9 0
1753105855952 29333.2 1
1753105866262 28718.5 2
1753105876428 29112.3 3
1753105886577 29282.0 4
1753105896681 29093.6 5
1753105906941 28878.6 6
1753105917138 28880.9 7
1753105927401 29033.9 8
1753105937509 28805.4 9
1753105947685 28839.4 10
1753105957780 28790.2 11
1753105967908 28830.6 12
1753105977993 28835.0 13
1753105988122 28749.3 14
1753105998254 28885.1 15
1753106008404 28878.5 16
1753106018690 28934.1 17
1753106028836 28973.2 18
1753106038995 28988.4 19
1753106049137 28985.6 20
1753106059302 28976.1 21
1753106069391 28982.9 22
1753106079513 28970.0 23
1753106089626 29682.1 24
1753106099826 29236.3 25
1753106109946 29229.7 26
1753106120056 29433.2 27
1753106130211 29213.4 28
1753106140394 29198.0 29
1753106150517 29157.8 30
1753106160680 28916.9 31
1753106170911 28926.3 32
1753106181046 28937.7 33
1753106191280 28993.6 34
1753106201488 29001.0 35
1753106211639 29343.2 36
1753106221853 29493.5 37
1753106232071 29496.9 38
1753106242263 29502.1 39
1753106252451 29391.4 40
1753106262626 29390.9 41
1753106272741 29292.4 42
1753106282865 29280.3 43
1753106293002 29295.5 44
1753106303098 29288.5 45
1753106313193 29125.2 46
1753106323310 29224.0 47
1753106333472 29157.1 48
1753106343635 29240.6 49
1753106353894 29251.7 50
1753106364046 29248.5 51
1753106374193 29246.3 52
1753106384315 29238.0 53
1753106394484 28965.1 54
1753106404619 28955.6 55
