1753105845716 85.7 0
1753105855952 86.2 1
1753105866262 84.4 2
1753105876428 85.6 3
1753105886577 86.0 4
1753105896681 85.5 5
1753105906941 84.9 6
1753105917138 84.9 7
1753105927401 85.3 8
1753105937509 84.6 9
1753105947685 84.7 10
1753105957780 84.6 11
1753105967908 84.7 12
1753105977993 84.7 13
1753105988122 84.5 14
1753105998254 84.9 15
1753106008404 84.9 16
1753106018690 85.0 17
1753106028836 85.1 18
1753106038995 85.2 19
1753106049137 85.2 20
1753106059302 85.2 21
1753106069391 85.2 22
1753106079513 85.1 23
1753106089626 87.2 24
1753106099826 85.9 25
1753106109946 85.9 26
1753106120056 86.5 27
1753106130211 85.8 28
1753106140394 85.8 29
1753106150517 85.7 30
1753106160680 85.0 31
1753106170911 85.0 32
1753106181046 85.0 33
1753106191280 85.2 34
1753106201488 85.2 35
1753106211639 86.2 36
1753106221853 86.7 37
1753106232071 86.7 38
1753106242263 86.7 39
1753106252451 86.4 40
1753106262626 86.4 41
1753106272741 86.1 42
1753106282865 86.0 43
1753106293002 86.1 44
1753106303098 86.1 45
1753106313193 85.6 46
1753106323310 85.9 47
1753106333472 85.7 48
1753106343635 85.9 49
1753106353894 86.0 50
1753106364046 86.0 51
1753106374193 85.9 52
1753106384315 85.9 53
1753106394484 85.1 54
1753106404619 85.1 55
