1752255957552 0.0004790250396996583 0
1752255960941 0.0002667532676093498 1
1752255963274 0.000213801186480345 2
1752255965774 0.0010766816542275715 3
1752255968108 0.002947867965487707 4
1752255970357 0.0017744152166498178 5
1752255972346 0.003760937078119914 6
1752255974374 0.0021099238956870012 7
1752255976424 0.004990847235718292 8
1752255978443 0.009506834397433788 9
1752255980740 0.013677304240885374 10
1752255983496 0.03914799084094999 11
1752255987590 0.04809275157801854 12
1752255991839 0.03208148284381295 13
1752255995507 0.03265028640078801 14
