1752179805405 0.0 0
1752179815512 47.2 1
1752179825661 54.9 2
1752179835817 55.0 3
1752179845920 53.2 4
1752179856197 57.6 5
1752179866527 43.6 6
1752179877054 37.1 7
1752179887153 47.6 8
1752179897286 48.0 9
1752179907448 59.3 10
1752179917772 45.1 11
1752179927995 40.5 12
1752179938294 39.5 13
1752179948611 35.1 14
1752179958971 38.8 15
1752179969320 41.3 16
1752179979646 34.9 17
1752179990097 34.9 18
1752180000322 35.9 19
1752180010492 25.4 20
1752180020799 35.6 21
1752180031093 36.0 22
1752180041383 35.8 23
1752180051711 35.6 24
1752180061863 35.6 25
1752180072007 34.7 26
1752180082208 36.4 27
1752180092536 37.0 28
1752180102996 25.8 29
1752180113349 36.2 30
1752180123769 37.8 31
1752180134103 37.7 32
1752180144348 34.5 33
1752180154498 36.4 34
1752180164963 41.6 35
1752180175228 41.6 36
1752180185371 36.4 37
1752180195515 34.7 38
1752180205743 37.9 39
1752180215907 36.3 40
1752180226169 37.3 41
1752180236300 38.0 42
1752180246606 40.3 43
1752180256793 38.6 44
1752180267040 36.5 45
1752180277454 37.5 46
1752180287794 40.1 47
1752180298141 35.1 48
1752180308448 38.2 49
1752180318795 34.7 50
1752180329235 37.8 51
1752180339508 34.9 52
1752180349800 38.1 53
1752180359979 42.6 54
1752180370367 16.1 55
