1752179805405 25.4 0
1752179815512 25.4 1
1752179825661 25.4 2
1752179835817 25.4 3
1752179845920 25.4 4
1752179856197 25.4 5
1752179866527 25.4 6
1752179877054 25.4 7
1752179887153 25.4 8
1752179897286 25.4 9
1752179907448 25.4 10
1752179917772 25.4 11
1752179927995 25.4 12
1752179938294 25.4 13
1752179948611 25.4 14
1752179958971 25.4 15
1752179969320 25.4 16
1752179979646 25.4 17
1752179990097 25.4 18
1752180000322 25.4 19
1752180010492 25.4 20
1752180020799 25.4 21
1752180031093 25.4 22
1752180041383 25.4 23
1752180051711 25.4 24
1752180061863 25.4 25
1752180072007 25.4 26
1752180082208 25.4 27
1752180092536 25.4 28
1752180102996 25.4 29
1752180113349 25.4 30
1752180123769 25.4 31
1752180134103 25.4 32
1752180144348 25.4 33
1752180154498 25.4 34
1752180164963 25.4 35
1752180175228 25.4 36
1752180185371 25.4 37
1752180195515 25.4 38
1752180205743 25.4 39
1752180215907 25.4 40
1752180226169 25.4 41
1752180236300 25.4 42
1752180246606 25.4 43
1752180256793 25.4 44
1752180267040 25.4 45
1752180277454 25.4 46
1752180287794 25.4 47
1752180298141 25.4 48
1752180308448 25.4 49
1752180318795 25.4 50
1752180329235 25.4 51
1752180339508 25.4 52
1752180349800 25.4 53
1752180359979 25.4 54
1752180370367 25.4 55
