1752179805405 260096.9 0
1752179815512 260098.1 1
1752179825661 260098.1 2
1752179835817 260097.9 3
1752179845920 260098.0 4
1752179856197 260098.1 5
1752179866527 260098.1 6
1752179877054 260098.4 7
1752179887153 260098.5 8
1752179897286 260098.6 9
1752179907448 260098.6 10
1752179917772 260098.6 11
1752179927995 260098.7 12
1752179938294 260094.7 13
1752179948611 260094.8 14
1752179958971 260094.6 15
1752179969320 260094.9 16
1752179979646 260095.5 17
1752179990097 260095.5 18
1752180000322 260095.3 19
1752180010492 260095.1 20
1752180020799 260095.6 21
1752180031093 260095.7 22
1752180041383 260095.7 23
1752180051711 260095.7 24
1752180061863 260095.7 25
1752180072007 260095.7 26
1752180082208 260095.8 27
1752180092536 260095.9 28
1752180102996 260096.0 29
1752180113349 260096.0 30
1752180123769 260096.1 31
1752180134103 260096.0 32
1752180144348 260096.1 33
1752180154498 260096.3 34
1752180164963 260100.7 35
1752180175228 260100.5 36
1752180185371 260100.5 37
1752180195515 260100.4 38
1752180205743 260100.5 39
1752180215907 260100.4 40
1752180226169 260100.5 41
1752180236300 260100.4 42
1752180246606 260100.4 43
1752180256793 260100.7 44
1752180267040 260100.8 45
1752180277454 260100.9 46
1752180287794 260100.8 47
1752180298141 260100.8 48
1752180308448 260100.9 49
1752180318795 260101.4 50
1752180329235 260101.5 51
1752180339508 260101.4 52
1752180349800 260101.6 53
1752180359979 260101.8 54
1752180370367 260101.9 55
