1752179805405 763296.7 0
1752179815512 763295.5 1
1752179825661 763295.5 2
1752179835817 763295.7 3
1752179845920 763295.6 4
1752179856197 763295.6 5
1752179866527 763295.5 6
1752179877054 763295.3 7
1752179887153 763295.1 8
1752179897286 763295.1 9
1752179907448 763295.0 10
1752179917772 763295.0 11
1752179927995 763294.9 12
1752179938294 763298.9 13
1752179948611 763298.9 14
1752179958971 763299.0 15
1752179969320 763298.7 16
1752179979646 763298.1 17
1752179990097 763298.1 18
1752180000322 763298.3 19
1752180010492 763298.5 20
1752180020799 763298.1 21
1752180031093 763297.9 22
1752180041383 763297.9 23
1752180051711 763297.9 24
1752180061863 763297.9 25
1752180072007 763297.9 26
1752180082208 763297.9 27
1752180092536 763297.7 28
1752180102996 763297.6 29
1752180113349 763297.6 30
1752180123769 763297.6 31
1752180134103 763297.6 32
1752180144348 763297.5 33
1752180154498 763297.3 34
1752180164963 763292.9 35
1752180175228 763293.1 36
1752180185371 763293.1 37
1752180195515 763293.2 38
1752180205743 763293.2 39
1752180215907 763293.2 40
1752180226169 763293.2 41
1752180236300 763293.2 42
1752180246606 763293.2 43
1752180256793 763293.0 44
1752180267040 763292.8 45
1752180277454 763292.7 46
1752180287794 763292.8 47
1752180298141 763292.8 48
1752180308448 763292.7 49
1752180318795 763292.3 50
1752180329235 763292.1 51
1752180339508 763292.3 52
1752180349800 763292.0 53
1752180359979 763291.9 54
1752180370367 763291.7 55
