1752179805405 0.0 0
1752179815512 0.6240999999999985 1
1752179825661 0.7051050000000032 2
1752179835817 0.7838509999999701 3
1752179845920 0.8189570000000117 4
1752179856197 0.8718630000000189 5
1752179866527 0.9377149999999688 6
1752179877054 1.0427530000000047 7
1752179887153 1.2113459999999918 8
1752179897286 1.2437830000000076 9
1752179907448 1.3024750000000154 10
1752179917772 1.350168999999994 11
1752179927995 1.4481809999999768 12
1752179938294 1.6775329999999826 13
1752179948611 1.7092660000000137 14
1752179958971 1.8174659999999676 15
1752179969320 1.915659000000005 16
1752179979646 1.954445000000021 17
1752179990097 1.9919909999999845 18
1752180000322 2.0651189999999815 19
1752180010492 2.120806000000016 20
1752180020799 2.1568359999999984 21
1752180031093 2.1900890000000004 22
1752180041383 2.2298529999999914 23
1752180051711 2.2556260000000066 24
1752180061863 2.2988849999999843 25
1752180072007 2.3070189999999684 26
1752180082208 2.340200999999979 27
1752180092536 2.370903999999996 28
1752180102996 2.3975389999999948 29
1752180113349 2.4516249999999786 30
1752180123769 2.5896700000000124 31
1752180134103 2.666202999999996 32
1752180144348 2.6984259999999836 33
1752180154498 2.786282999999969 34
1752180164963 3.044002999999975 35
1752180175228 3.228923000000009 36
1752180185371 3.3238359999999716 37
1752180195515 3.3436780000000113 38
1752180205743 3.3760149999999953 39
1752180215907 3.443061 40
1752180226169 3.5241530000000125 41
1752180236300 3.6967450000000213 42
1752180246606 3.8181089999999926 43
1752180256793 3.8857659999999896 44
1752180267040 3.946435000000008 45
1752180277454 4.072549999999978 46
1752180287794 4.178984000000014 47
1752180298141 4.2918280000000095 48
1752180308448 4.371982000000003 49
1752180318795 4.398656000000017 50
1752180329235 4.475448999999969 51
1752180339508 4.528467999999975 52
1752180349800 4.636251000000016 53
1752180359979 4.8449039999999854 54
1752180370367 4.877166999999986 55
