1752179805405 0.0 0
1752179815512 0.6186280000001716 1
1752179825661 1.0887350000000424 2
1752179835817 1.5119760000000042 3
1752179845920 1.924596000000065 4
1752179856197 2.3248180000000502 5
1752179866527 3.1915579999999864 6
1752179877054 3.6095910000001368 7
1752179887153 4.08076200000005 8
1752179897286 4.489395000000059 9
1752179907448 4.920211999999992 10
1752179917772 5.469965000000002 11
1752179927995 6.413768000000118 12
1752179938294 6.874765000000025 13
1752179948611 7.275325000000066 14
1752179958971 7.826025999999956 15
1752179969320 7.902753000000075 16
1752179979646 7.958266000000094 17
1752179990097 8.002909000000045 18
1752180000322 8.073015000000169 19
1752180010492 8.12455 20
1752180020799 8.155320000000074 21
1752180031093 8.188086999999996 22
1752180041383 8.239467000000104 23
1752180051711 8.270935000000009 24
1752180061863 8.318513000000166 25
1752180072007 8.325962000000118 26
1752180082208 8.356040000000121 27
1752180092536 8.39336900000012 28
1752180102996 8.776957000000039 29
1752180113349 9.628503000000137 30
1752180123769 10.114593000000013 31
1752180134103 10.544576000000006 32
1752180144348 10.958913000000166 33
1752180154498 11.394815999999992 34
1752180164963 12.77782100000013 35
1752180175228 13.060259999999971 36
1752180185371 13.530340000000024 37
1752180195515 13.92410400000017 38
1752180205743 14.333513000000039 39
1752180215907 14.898562000000084 40
1752180226169 15.374743999999964 41
1752180236300 16.804358999999977 42
1752180246606 18.853159000000005 43
1752180256793 19.77492099999995 44
1752180267040 21.10152600000015 45
1752180277454 22.506842000000006 46
1752180287794 23.38856899999996 47
1752180298141 23.84857000000011 48
1752180308448 24.641282000000047 49
1752180318795 25.046685000000025 50
1752180329235 25.83074499999998 51
1752180339508 26.3191240000001 52
1752180349800 27.42470800000001 53
1752180359979 28.86244600000009 54
1752180370367 29.21765800000003 55
