1752179805405 24467.1 0
1752179815512 25202.5 1
1752179825661 25065.6 2
1752179835817 25049.4 3
1752179845920 24957.8 4
1752179856197 24859.5 5
1752179866527 24894.8 6
1752179877054 24933.3 7
1752179887153 24913.8 8
1752179897286 24849.3 9
1752179907448 24771.0 10
1752179917772 24877.6 11
1752179927995 24908.6 12
1752179938294 24536.6 13
1752179948611 24461.2 14
1752179958971 24362.3 15
1752179969320 24704.8 16
1752179979646 24721.6 17
1752179990097 24611.3 18
1752180000322 24636.3 19
1752180010492 24719.3 20
1752180020799 24862.0 21
1752180031093 24919.4 22
1752180041383 24915.5 23
1752180051711 24918.4 24
1752180061863 24824.1 25
1752180072007 24760.6 26
1752180082208 24773.5 27
1752180092536 24787.5 28
1752180102996 25075.0 29
1752180113349 24919.5 30
1752180123769 25012.5 31
1752180134103 25349.9 32
1752180144348 25113.8 33
1752180154498 25007.4 34
1752180164963 25096.2 35
1752180175228 25312.1 36
1752180185371 25080.0 37
1752180195515 25083.7 38
1752180205743 24956.5 39
1752180215907 25057.8 40
1752180226169 25073.4 41
1752180236300 25071.7 42
1752180246606 25211.0 43
1752180256793 25095.1 44
1752180267040 25043.4 45
1752180277454 25118.8 46
1752180287794 24878.6 47
1752180298141 24826.5 48
1752180308448 24926.8 49
1752180318795 24818.6 50
1752180329235 24750.6 51
1752180339508 24692.0 52
1752180349800 24821.7 53
1752180359979 24775.4 54
1752180370367 24643.6 55
