1752179805405 71.9 0
1752179815512 74.1 1
1752179825661 73.7 2
1752179835817 73.6 3
1752179845920 73.3 4
1752179856197 73.1 5
1752179866527 73.2 6
1752179877054 73.3 7
1752179887153 73.2 8
1752179897286 73.0 9
1752179907448 72.8 10
1752179917772 73.1 11
1752179927995 73.2 12
1752179938294 72.1 13
1752179948611 71.9 14
1752179958971 71.6 15
1752179969320 72.6 16
1752179979646 72.6 17
1752179990097 72.3 18
1752180000322 72.4 19
1752180010492 72.6 20
1752180020799 73.1 21
1752180031093 73.2 22
1752180041383 73.2 23
1752180051711 73.2 24
1752180061863 72.9 25
1752180072007 72.8 26
1752180082208 72.8 27
1752180092536 72.8 28
1752180102996 73.7 29
1752180113349 73.2 30
1752180123769 73.5 31
1752180134103 74.5 32
1752180144348 73.8 33
1752180154498 73.5 34
1752180164963 73.7 35
1752180175228 74.4 36
1752180185371 73.7 37
1752180195515 73.7 38
1752180205743 73.3 39
1752180215907 73.6 40
1752180226169 73.7 41
1752180236300 73.7 42
1752180246606 74.1 43
1752180256793 73.7 44
1752180267040 73.6 45
1752180277454 73.8 46
1752180287794 73.1 47
1752180298141 73.0 48
1752180308448 73.3 49
1752180318795 72.9 50
1752180329235 72.7 51
1752180339508 72.6 52
1752180349800 72.9 53
1752180359979 72.8 54
1752180370367 72.4 55
