1752518144352 0.006323000000001855 0
1752518154490 0.20058200000000426 1
1752518164722 0.2177599999999984 2
1752518174945 0.22378900000000357 3
1752518185204 0.2692120000000031 4
1752518195421 0.27285000000000537 5
1752518205572 0.2840589999999992 6
1752518215734 0.29186100000000437 7
1752518225918 0.31422900000000453 8
1752518236108 0.3267489999999995 9
1752518246279 0.3371610000000018 10
1752518256436 0.34322300000000183 11
1752518266632 0.42332199999999887 12
1752518276761 0.42783100000000474 13
