1752335250422 0.0 0
1752335260553 0.05578700000000936 1
1752335270653 0.09618799999998373 2
1752335280776 0.30824699999993754 3
1752335290983 0.333011999999826 4
1752335301099 0.4120229999998628 5
1752335311208 0.4447860000000219 6
1752335321463 0.4523309999999583 7
1752335331542 0.5015539999999419 8
1752335341721 0.5650439999999435 9
1752335351945 0.589240000000018 10
1752335362037 0.6169619999998304 11
1752335372129 0.6448809999999412 12
1752335382270 0.6562879999999041 13
1752335392397 0.6830339999999069 14
1752335402664 0.7518330000000333 15
