1752335250422 0.0 0
1752335260553 0.05794300000002295 1
1752335270653 0.08287399999994705 2
1752335280776 0.1516429999999218 3
1752335290983 0.21004899999991267 4
1752335301099 0.3346950000000106 5
1752335311208 0.3747439999999642 6
1752335321463 0.3825160000000096 7
1752335331542 0.42166199999996934 8
1752335341721 0.48670499999991534 9
1752335351945 0.5128169999999272 10
1752335362037 0.5367969999999787 11
1752335372129 0.5549139999999397 12
1752335382270 0.5672409999999672 13
1752335392397 0.5893899999999803 14
1752335402664 0.6645369999999957 15
