1752294400064 0.0 0
1752294410176 9.0 1
1752294420269 47.5 2
1752294430351 45.1 3
1752294440424 47.2 4
1752294450524 45.2 5
1752294460688 44.8 6
1752294470788 50.0 7
1752294480875 49.5 8
1752294491017 44.7 9
1752294501191 44.3 10
1752294511318 45.8 11
1752294521406 44.1 12
1752294531567 43.6 13
1752294541676 44.7 14
1752294551809 44.3 15
1752294561897 44.1 16
1752294572035 44.4 17
1752294582230 44.7 18
1752294592406 44.6 19
1752294602574 50.6 20
1752294612720 43.8 21
1752294622808 44.3 22
1752294632896 43.8 23
1752294642983 48.7 24
1752294653403 47.0 25
