1752294400064 25.5 0
1752294410176 25.5 1
1752294420269 25.5 2
1752294430351 25.5 3
1752294440424 25.5 4
1752294450524 25.5 5
1752294460688 25.5 6
1752294470788 25.5 7
1752294480875 25.5 8
1752294491017 25.5 9
1752294501191 25.5 10
1752294511318 25.5 11
1752294521406 25.5 12
1752294531567 25.5 13
1752294541676 25.5 14
1752294551809 25.5 15
1752294561897 25.5 16
1752294572035 25.5 17
1752294582230 25.5 18
1752294592406 25.5 19
1752294602574 25.5 20
1752294612720 25.5 21
1752294622808 25.5 22
1752294632896 25.5 23
1752294642983 25.5 24
1752294653403 25.5 25
