1752294400064 762046.8 0
1752294410176 762045.6 1
1752294420269 762045.4 2
1752294430351 762045.4 3
1752294440424 762045.4 4
1752294450524 762045.4 5
1752294460688 762045.3 6
1752294470788 762045.3 7
1752294480875 762045.3 8
1752294491017 762045.3 9
1752294501191 762045.3 10
1752294511318 762041.4 11
1752294521406 762041.3 12
1752294531567 762041.2 13
1752294541676 762041.3 14
1752294551809 762041.2 15
1752294561897 762041.2 16
1752294572035 762040.6 17
1752294582230 762040.6 18
1752294592406 762040.6 19
1752294602574 762040.6 20
1752294612720 762040.6 21
1752294622808 762040.5 22
1752294632896 762040.5 23
1752294642983 762040.1 24
1752294653403 762040.0 25
