1752294400064 261346.8 0
1752294410176 261348.1 1
1752294420269 261348.2 2
1752294430351 261348.2 3
1752294440424 261348.2 4
1752294450524 261348.2 5
1752294460688 261348.3 6
1752294470788 261348.3 7
1752294480875 261348.3 8
1752294491017 261348.3 9
1752294501191 261348.4 10
1752294511318 261352.2 11
1752294521406 261352.3 12
1752294531567 261352.4 13
1752294541676 261352.4 14
1752294551809 261352.4 15
1752294561897 261352.4 16
1752294572035 261353.0 17
1752294582230 261353.0 18
1752294592406 261353.1 19
1752294602574 261353.1 20
1752294612720 261353.1 21
1752294622808 261353.1 22
1752294632896 261353.1 23
1752294642983 261353.5 24
1752294653403 261353.6 25
