1752294400064 0.0 0
1752294410176 0.03742999999985841 1
1752294420269 0.16242099999999482 2
1752294430351 0.18255999999996675 3
1752294440424 0.22219399999994494 4
1752294450524 0.3964179999998123 5
1752294460688 0.42133899999998903 6
1752294470788 0.437930999999935 7
1752294480875 0.6566209999998591 8
1752294491017 0.7141419999998107 9
1752294501191 0.7313329999999496 10
1752294511318 0.8639369999998507 11
1752294521406 0.9038599999998951 12
1752294531567 0.9284559999998692 13
1752294541676 1.013725999999906 14
1752294551809 1.0455629999999019 15
1752294561897 1.0631509999998343 16
1752294572035 1.106269999999995 17
1752294582230 1.122616999999991 18
1752294592406 1.155118999999786 19
1752294602574 1.2684069999997973 20
1752294612720 1.3302969999999732 21
1752294622808 1.348700000000008 22
1752294632896 1.3679319999998825 23
1752294642983 1.4104169999998248 24
1752294653403 1.4428100000000086 25
