1752294400064 0.0 0
1752294410176 0.15105899999991834 1
1752294420269 0.3296789999999419 2
1752294430351 0.35525299999994786 3
1752294440424 0.40376099999991766 4
1752294450524 0.4405669999999873 5
1752294460688 0.4556450000000041 6
1752294470788 0.48549900000000434 7
1752294480875 2.479133999999931 8
1752294491017 2.5207719999999654 9
1752294501191 2.5398519999999962 10
1752294511318 2.592954999999961 11
1752294521406 2.624364000000014 12
1752294531567 2.6467440000000124 13
1752294541676 2.7475449999999455 14
1752294551809 2.7856899999999314 15
1752294561897 2.800391999999988 16
1752294572035 2.831062999999972 17
1752294582230 2.842901999999981 18
1752294592406 2.8773199999999406 19
1752294602574 3.0164949999999635 20
1752294612720 3.0683649999999716 21
1752294622808 3.076069999999959 22
1752294632896 3.092448999999988 23
1752294642983 3.1316909999999325 24
1752294653403 3.159631999999988 25
