1752294400064 19951.8 0
1752294410176 20565.4 1
1752294420269 20734.6 2
1752294430351 20985.8 3
1752294440424 20719.4 4
1752294450524 20181.7 5
1752294460688 20224.9 6
1752294470788 20353.9 7
1752294480875 20777.0 8
1752294491017 20383.2 9
1752294501191 20398.2 10
1752294511318 20491.2 11
1752294521406 20763.5 12
1752294531567 20372.5 13
1752294541676 20430.1 14
1752294551809 20510.2 15
1752294561897 20769.8 16
1752294572035 20671.4 17
1752294582230 20367.7 18
1752294592406 20482.3 19
1752294602574 20922.0 20
1752294612720 20503.9 21
1752294622808 20757.4 22
1752294632896 20758.2 23
1752294642983 20554.1 24
1752294653403 20643.3 25
