1752294400064 58.6 0
1752294410176 60.4 1
1752294420269 60.9 2
1752294430351 61.7 3
1752294440424 60.9 4
1752294450524 59.3 5
1752294460688 59.4 6
1752294470788 59.8 7
1752294480875 61.1 8
1752294491017 59.9 9
1752294501191 59.9 10
1752294511318 60.2 11
1752294521406 61.0 12
1752294531567 59.9 13
1752294541676 60.0 14
1752294551809 60.3 15
1752294561897 61.0 16
1752294572035 60.7 17
1752294582230 59.9 18
1752294592406 60.2 19
1752294602574 61.5 20
1752294612720 60.3 21
1752294622808 61.0 22
1752294632896 61.0 23
1752294642983 60.4 24
1752294653403 60.7 25
