1752254299146 0.0006132485532032138 0
1752254302163 0.00025212942134479686 1
1752254304395 0.00025222409035961313 2
1752254307445 0.001503076115348473 3
1752254310444 0.0010350464962337316 4
1752254312750 0.0017997445937076766 5
1752254314984 0.0019291237947449953 6
1752254317282 0.0019072189737319944 7
1752254319727 0.005260833665739859 8
1752254322411 0.006850196698234582 9
1752254325177 0.012973139292971586 10
1752254328387 0.041765731159043355 11
1752254331450 0.0524786929610056 12
1752254333949 0.0353435792007301 13
1752254336009 0.036275147015234786 14
