1752271893588 0.0 0
1752271903708 0.03634599999998045 1
1752271913801 0.0594780000000128 2
1752271923893 0.2642989999999372 3
1752271934009 0.32224699999994755 4
1752271944123 0.3605529999999817 5
1752271954329 0.37257499999998345 6
1752271964484 0.43084299999998166 7
1752271974615 0.5225570000000062 8
1752271984710 0.6104309999999487 9
1752271994847 0.6546109999999317 10
1752272005043 0.7008170000000291 11
1752272015184 0.7245580000000018 12
1752272025313 0.7357190000000173 13
1752272035451 0.7619469999999637 14
1752272045610 0.7996090000000322 15
