1752271893588 0.0 0
1752271903708 0.03000099999997019 1
1752271913801 0.05828499999995529 2
1752271923893 0.16332699999998113 3
1752271934009 0.41371899999995776 4
1752271944123 0.44736199999999826 5
1752271954329 0.45434399999999187 6
1752271964484 0.5564579999999637 7
1752271974615 0.6463039999999864 8
1752271984710 0.7267640000000029 9
1752271994847 0.7788979999999697 10
1752272005043 0.8189820000000054 11
1752272015184 0.8384869999999864 12
1752272025313 0.8498129999999833 13
1752272035451 0.8784709999999905 14
1752272045610 0.9171309999999835 15
