1750647241064 0.0 0
1750647251234 24.7 1
1750647261344 36.1 2
1750647271461 33.7 3
1750647281543 46.3 4
1750647291626 27.9 5
1750647301725 33.0 6
1750647312442 34.2 7
1750647322565 33.2 8
1750647332690 38.7 9
1750647342798 34.6 10
1750647352876 39.5 11
1750647362972 40.7 12
1750647373080 30.3 13
1750647383187 27.9 14
1750647393303 31.8 15
1750647403428 30.4 16
1750647413536 34.7 17
1750647423652 24.8 18
1750647433801 34.0 19
1750647443911 34.7 20
1750647454010 34.4 21
1750647464083 31.6 22
1750647474183 30.8 23
1750647484299 37.0 24
1750647494440 43.0 25
1750647504551 32.4 26
1750647514693 43.5 27
1750647524797 33.2 28
1750647534916 45.1 29
1750647545054 34.5 30
1750647555133 44.6 31
1750647565286 27.8 32
1750647575361 16.1 33
1750647585677 11.4 34
1750647596166 11.0 35
