1750647241064 765552.4 0
1750647251234 765551.9 1
1750647261344 765552.0 2
1750647271461 765551.9 3
1750647281543 765551.5 4
1750647291626 765551.5 5
1750647301725 765551.5 6
1750647312442 765551.3 7
1750647322565 765551.3 8
1750647332690 765551.3 9
1750647342798 765551.2 10
1750647352876 765551.2 11
1750647362972 765551.2 12
1750647373080 765551.2 13
1750647383187 765551.2 14
1750647393303 765551.2 15
1750647403428 765551.1 16
1750647413536 765550.8 17
1750647423652 765550.7 18
1750647433801 765550.7 19
1750647443911 765550.8 20
1750647454010 765550.8 21
1750647464083 765550.8 22
1750647474183 765550.7 23
1750647484299 765550.7 24
1750647494440 765551.0 25
1750647504551 765550.8 26
1750647514693 765550.9 27
1750647524797 765551.0 28
1750647534916 765550.9 29
1750647545054 765550.9 30
1750647555133 765551.0 31
1750647565286 765550.9 32
1750647575361 765550.8 33
1750647585677 765551.2 34
1750647596166 765551.0 35
