1750647241064 257841.3 0
1750647251234 257841.7 1
1750647261344 257841.6 2
1750647271461 257841.7 3
1750647281543 257842.1 4
1750647291626 257842.1 5
1750647301725 257842.1 6
1750647312442 257842.3 7
1750647322565 257842.3 8
1750647332690 257842.3 9
1750647342798 257842.4 10
1750647352876 257842.4 11
1750647362972 257842.4 12
1750647373080 257842.4 13
1750647383187 257842.4 14
1750647393303 257842.4 15
1750647403428 257842.5 16
1750647413536 257842.8 17
1750647423652 257842.9 18
1750647433801 257842.9 19
1750647443911 257842.8 20
1750647454010 257842.9 21
1750647464083 257842.9 22
1750647474183 257842.9 23
1750647484299 257842.9 24
1750647494440 257842.6 25
1750647504551 257842.8 26
1750647514693 257842.7 27
1750647524797 257842.7 28
1750647534916 257842.7 29
1750647545054 257842.7 30
1750647555133 257842.7 31
1750647565286 257842.7 32
1750647575361 257842.8 33
1750647585677 257842.4 34
1750647596166 257842.6 35
