1750647241064 25.2 0
1750647251234 25.2 1
1750647261344 25.2 2
1750647271461 25.2 3
1750647281543 25.2 4
1750647291626 25.2 5
1750647301725 25.2 6
1750647312442 25.2 7
1750647322565 25.2 8
1750647332690 25.2 9
1750647342798 25.2 10
1750647352876 25.2 11
1750647362972 25.2 12
1750647373080 25.2 13
1750647383187 25.2 14
1750647393303 25.2 15
1750647403428 25.2 16
1750647413536 25.2 17
1750647423652 25.2 18
1750647433801 25.2 19
1750647443911 25.2 20
1750647454010 25.2 21
1750647464083 25.2 22
1750647474183 25.2 23
1750647484299 25.2 24
1750647494440 25.2 25
1750647504551 25.2 26
1750647514693 25.2 27
1750647524797 25.2 28
1750647534916 25.2 29
1750647545054 25.2 30
1750647555133 25.2 31
1750647565286 25.2 32
1750647575361 25.2 33
1750647585677 25.2 34
1750647596166 25.2 35
