1750647241064 0.0 0
1750647251234 0.0771310000000085 1
1750647261344 0.09257900000000063 2
1750647271461 0.10637600000001157 3
1750647281543 0.15744300000000067 4
1750647291626 0.17933400000001143 5
1750647301725 0.19808399999999438 6
1750647312442 0.22426200000001018 7
1750647322565 0.2396439999999984 8
1750647332690 0.3244100000000003 9
1750647342798 0.3766960000000097 10
1750647352876 0.41431700000001115 11
1750647362972 0.44508899999999585 12
1750647373080 0.5080560000000105 13
1750647383187 0.5202440000000195 14
1750647393303 0.5794400000000053 15
1750647403428 0.6582559999999944 16
1750647413536 0.6815260000000194 17
1750647423652 0.7020250000000203 18
1750647433801 0.7301680000000204 19
1750647443911 0.7532439999999951 20
1750647454010 0.8010720000000049 21
1750647464083 0.8370079999999973 22
1750647474183 0.8816970000000026 23
1750647484299 0.9074280000000101 24
1750647494440 0.9303660000000207 25
1750647504551 0.9579240000000198 26
1750647514693 0.9946439999999939 27
1750647524797 1.0267709999999965 28
1750647534916 1.0619350000000054 29
1750647545054 1.0762610000000166 30
1750647555133 1.1012190000000146 31
1750647565286 1.13230200000001 32
1750647575361 1.199860000000001 33
1750647585677 1.2238040000000012 34
1750647596166 1.2665960000000211 35
