1750647241064 0.0 0
1750647251234 0.03651999999999589 1
1750647261344 0.04363499999999476 2
1750647271461 0.0863030000000009 3
1750647281543 0.11835700000000315 4
1750647291626 0.14517299999999977 5
1750647301725 0.15717599999999265 6
1750647312442 0.17332600000000298 7
1750647322565 0.18070799999999565 8
1750647332690 0.1983939999999933 9
1750647342798 0.24731699999999535 10
1750647352876 0.3320629999999909 11
1750647362972 0.35733600000000365 12
1750647373080 0.7086809999999986 13
1750647383187 0.7146709999999956 14
1750647393303 0.7799739999999957 15
1750647403428 0.8349469999999997 16
1750647413536 0.8597209999999933 17
1750647423652 0.8755809999999968 18
1750647433801 0.8906910000000039 19
1750647443911 0.9019440000000003 20
1750647454010 0.9171759999999978 21
1750647464083 0.9330439999999953 22
1750647474183 0.9621989999999983 23
1750647484299 0.9784800000000047 24
1750647494440 0.9873499999999922 25
1750647504551 1.0114349999999916 26
1750647514693 1.032549000000003 27
1750647524797 1.0627700000000004 28
1750647534916 1.0888949999999937 29
1750647545054 1.0972069999999974 30
1750647555133 1.109072999999995 31
1750647565286 1.1360090000000014 32
1750647575361 1.200887999999992 33
1750647585677 1.2218620000000016 34
1750647596166 1.2582999999999913 35
