1750647241064 16864.8 0
1750647251234 17159.4 1
1750647261344 17165.6 2
1750647271461 17165.9 3
1750647281543 17205.9 4
1750647291626 17232.8 5
1750647301725 17038.7 6
1750647312442 17040.9 7
1750647322565 17056.5 8
1750647332690 17063.5 9
1750647342798 17312.3 10
1750647352876 17308.8 11
1750647362972 17365.0 12
1750647373080 17180.1 13
1750647383187 17173.7 14
1750647393303 17293.6 15
1750647403428 17374.6 16
1750647413536 17398.8 17
1750647423652 17306.7 18
1750647433801 17334.2 19
1750647443911 17337.6 20
1750647454010 17383.8 21
1750647464083 17381.8 22
1750647474183 16796.3 23
1750647484299 16893.3 24
1750647494440 16776.8 25
1750647504551 16808.1 26
1750647514693 16819.9 27
1750647524797 16807.7 28
1750647534916 16849.1 29
1750647545054 16893.9 30
1750647555133 16892.7 31
1750647565286 16929.6 32
1750647575361 17243.1 33
1750647585677 17285.0 34
1750647596166 17418.5 35
