1750647241064 49.6 0
1750647251234 50.4 1
1750647261344 50.4 2
1750647271461 50.4 3
1750647281543 50.6 4
1750647291626 50.6 5
1750647301725 50.1 6
1750647312442 50.1 7
1750647322565 50.1 8
1750647332690 50.1 9
1750647342798 50.9 10
1750647352876 50.9 11
1750647362972 51.0 12
1750647373080 50.5 13
1750647383187 50.5 14
1750647393303 50.8 15
1750647403428 51.1 16
1750647413536 51.1 17
1750647423652 50.9 18
1750647433801 50.9 19
1750647443911 50.9 20
1750647454010 51.1 21
1750647464083 51.1 22
1750647474183 49.4 23
1750647484299 49.6 24
1750647494440 49.3 25
1750647504551 49.4 26
1750647514693 49.4 27
1750647524797 49.4 28
1750647534916 49.5 29
1750647545054 49.6 30
1750647555133 49.6 31
1750647565286 49.8 32
1750647575361 50.7 33
1750647585677 50.8 34
1750647596166 51.2 35
