1750083446761 0.0 0
1750083456900 19.1 1
1750083467025 37.8 2
1750083477157 44.8 3
1750083487331 33.5 4
1750083497461 28.9 5
1750083507591 34.4 6
1750083518380 32.4 7
1750083528501 21.4 8
1750083538669 25.7 9
1750083548804 33.8 10
1750083558919 31.1 11
1750083569056 21.5 12
1750083579278 24.0 13
1750083589530 29.7 14
1750083599662 28.3 15
1750083609767 22.0 16
1750083619882 40.9 17
1750083630007 29.9 18
1750083640122 36.2 19
1750083650961 23.3 20
1750083661083 31.8 21
1750083671205 24.6 22
1750083681314 29.9 23
1750083692250 26.4 24
1750083702823 26.5 25
1750083712944 31.2 26
1750083723276 26.2 27
1750083733384 32.8 28
1750083743480 23.5 29
1750083753587 28.5 30
1750083763682 27.7 31
1750083773799 31.7 32
1750083784100 25.3 33
1750083794219 30.4 34
1750083804351 30.7 35
1750083814460 30.5 36
1750083824577 27.1 37
1750083834697 23.4 38
1750083844806 32.6 39
1750083855649 23.1 40
1750083865798 29.2 41
1750083877016 26.2 42
1750083887105 28.6 43
1750083897785 22.9 44
1750083907923 29.4 45
1750083918039 33.6 46
1750083928169 30.7 47
1750083938259 32.5 48
1750083948356 46.0 49
1750083958475 31.7 50
1750083968642 36.6 51
1750083978741 36.5 52
1750083989059 35.5 53
1750083999256 39.5 54
1750084009594 19.8 55
1750084019691 20.8 56
1750084029782 21.4 57
1750084040052 14.4 58
1750084050867 14.7 59
1750084061560 13.9 60
1750084071873 13.7 61
1750084083348 11.5 62
1750084093450 12.4 63
1750084103572 12.8 64
1750084113685 11.6 65
1750084123774 11.6 66
1750084133962 12.2 67
1750084144084 18.8 68
