1750083446761 252888.4 0
1750083456900 252889.1 1
1750083467025 252888.9 2
1750083477157 252889.0 3
1750083487331 252889.0 4
1750083497461 252889.0 5
1750083507591 252889.0 6
1750083518380 252889.0 7
1750083528501 252889.1 8
1750083538669 252889.1 9
1750083548804 252889.2 10
1750083558919 252889.2 11
1750083569056 252889.3 12
1750083579278 252889.2 13
1750083589530 252889.3 14
1750083599662 252889.3 15
1750083609767 252889.3 16
1750083619882 252888.4 17
1750083630007 252888.5 18
1750083640122 252888.1 19
1750083650961 252888.0 20
1750083661083 252888.0 21
1750083671205 252888.0 22
1750083681314 252888.0 23
1750083692250 252887.9 24
1750083702823 252888.0 25
1750083712944 252888.0 26
1750083723276 252888.1 27
1750083733384 252888.4 28
1750083743480 252888.4 29
1750083753587 252888.8 30
1750083763682 252888.8 31
1750083773799 252888.7 32
1750083784100 252889.0 33
1750083794219 252888.9 34
1750083804351 252889.3 35
1750083814460 252889.1 36
1750083824577 252889.3 37
1750083834697 252889.5 38
1750083844806 252889.7 39
1750083855649 252889.8 40
1750083865798 252889.7 41
1750083877016 252889.7 42
1750083887105 252889.7 43
1750083897785 252889.9 44
1750083907923 252889.9 45
1750083918039 252889.9 46
1750083928169 252890.1 47
1750083938259 252890.4 48
1750083948356 252890.8 49
1750083958475 252890.8 50
1750083968642 252891.3 51
1750083978741 252891.4 52
1750083989059 252891.4 53
1750083999256 252891.4 54
1750084009594 252891.5 55
1750084019691 252891.6 56
1750084029782 252892.8 57
1750084040052 252892.7 58
1750084050867 252892.8 59
1750084061560 252892.9 60
1750084071873 252892.9 61
1750084083348 252892.9 62
1750084093450 252892.9 63
1750084103572 252893.0 64
1750084113685 252893.0 65
1750084123774 252892.8 66
1750084133962 252892.8 67
1750084144084 252892.8 68
