1750083446761 770505.2 0
1750083456900 770504.6 1
1750083467025 770504.7 2
1750083477157 770504.7 3
1750083487331 770504.7 4
1750083497461 770504.6 5
1750083507591 770504.6 6
1750083518380 770504.7 7
1750083528501 770504.5 8
1750083538669 770504.5 9
1750083548804 770504.4 10
1750083558919 770504.4 11
1750083569056 770504.4 12
1750083579278 770504.4 13
1750083589530 770504.4 14
1750083599662 770504.4 15
1750083609767 770504.3 16
1750083619882 770505.2 17
1750083630007 770505.2 18
1750083640122 770505.6 19
1750083650961 770505.6 20
1750083661083 770505.6 21
1750083671205 770505.6 22
1750083681314 770505.6 23
1750083692250 770505.7 24
1750083702823 770505.6 25
1750083712944 770505.6 26
1750083723276 770505.5 27
1750083733384 770505.2 28
1750083743480 770505.2 29
1750083753587 770504.8 30
1750083763682 770504.8 31
1750083773799 770504.9 32
1750083784100 770504.6 33
1750083794219 770504.7 34
1750083804351 770504.3 35
1750083814460 770504.5 36
1750083824577 770504.3 37
1750083834697 770504.1 38
1750083844806 770504.0 39
1750083855649 770503.8 40
1750083865798 770503.9 41
1750083877016 770503.9 42
1750083887105 770503.9 43
1750083897785 770503.7 44
1750083907923 770503.7 45
1750083918039 770503.7 46
1750083928169 770503.5 47
1750083938259 770503.2 48
1750083948356 770502.8 49
1750083958475 770502.8 50
1750083968642 770502.4 51
1750083978741 770502.2 52
1750083989059 770502.2 53
1750083999256 770502.2 54
1750084009594 770502.1 55
1750084019691 770502.0 56
1750084029782 770500.8 57
1750084040052 770500.9 58
1750084050867 770500.8 59
1750084061560 770500.8 60
1750084071873 770500.7 61
1750084083348 770500.7 62
1750084093450 770500.7 63
1750084103572 770500.7 64
1750084113685 770500.7 65
1750084123774 770500.9 66
1750084133962 770500.9 67
1750084144084 770500.9 68
