1750083446761 24.7 0
1750083456900 24.7 1
1750083467025 24.7 2
1750083477157 24.7 3
1750083487331 24.7 4
1750083497461 24.7 5
1750083507591 24.7 6
1750083518380 24.7 7
1750083528501 24.7 8
1750083538669 24.7 9
1750083548804 24.7 10
1750083558919 24.7 11
1750083569056 24.7 12
1750083579278 24.7 13
1750083589530 24.7 14
1750083599662 24.7 15
1750083609767 24.7 16
1750083619882 24.7 17
1750083630007 24.7 18
1750083640122 24.7 19
1750083650961 24.7 20
1750083661083 24.7 21
1750083671205 24.7 22
1750083681314 24.7 23
1750083692250 24.7 24
1750083702823 24.7 25
1750083712944 24.7 26
1750083723276 24.7 27
1750083733384 24.7 28
1750083743480 24.7 29
1750083753587 24.7 30
1750083763682 24.7 31
1750083773799 24.7 32
1750083784100 24.7 33
1750083794219 24.7 34
1750083804351 24.7 35
1750083814460 24.7 36
1750083824577 24.7 37
1750083834697 24.7 38
1750083844806 24.7 39
1750083855649 24.7 40
1750083865798 24.7 41
1750083877016 24.7 42
1750083887105 24.7 43
1750083897785 24.7 44
1750083907923 24.7 45
1750083918039 24.7 46
1750083928169 24.7 47
1750083938259 24.7 48
1750083948356 24.7 49
1750083958475 24.7 50
1750083968642 24.7 51
1750083978741 24.7 52
1750083989059 24.7 53
1750083999256 24.7 54
1750084009594 24.7 55
1750084019691 24.7 56
1750084029782 24.7 57
1750084040052 24.7 58
1750084050867 24.7 59
1750084061560 24.7 60
1750084071873 24.7 61
1750084083348 24.7 62
1750084093450 24.7 63
1750084103572 24.7 64
1750084113685 24.7 65
1750084123774 24.7 66
1750084133962 24.7 67
1750084144084 24.7 68
