1750083446761 0.0 0
1750083456900 0.28255500000000033 1
1750083467025 0.36430900000000044 2
1750083477157 0.511667000000001 3
1750083487331 0.5976040000000005 4
1750083497461 0.8856180000000009 5
1750083507591 0.966526 6
1750083518380 1.0396150000000013 7
1750083528501 1.156194000000001 8
1750083538669 1.2096879999999999 9
1750083548804 1.2758020000000005 10
1750083558919 1.4353290000000012 11
1750083569056 1.5517350000000008 12
1750083579278 1.692552000000001 13
1750083589530 1.7688760000000006 14
1750083599662 1.8373869999999997 15
1750083609767 1.9780840000000008 16
1750083619882 2.066763 17
1750083630007 2.109953000000001 18
1750083640122 2.322706000000002 19
1750083650961 2.355698000000002 20
1750083661083 2.5180960000000017 21
1750083671205 2.5682920000000014 22
1750083681314 2.7264269999999993 23
1750083692250 2.8041810000000016 24
1750083702823 2.9052750000000014 25
1750083712944 3.299047 26
1750083723276 3.611753000000002 27
1750083733384 4.312376000000002 28
1750083743480 4.501012000000001 29
1750083753587 5.095212000000002 30
1750083763682 5.425057000000001 31
1750083773799 5.631769 32
1750083784100 5.835417999999999 33
1750083794219 6.555935 34
1750083804351 7.319853 35
1750083814460 7.940968 36
1750083824577 8.576451 37
1750083834697 9.030121 38
1750083844806 9.409461000000002 39
1750083855649 9.855559000000001 40
1750083865798 10.119569 41
1750083877016 10.147074000000002 42
1750083887105 10.663200000000002 43
1750083897785 10.708447999999999 44
1750083907923 10.905889 45
1750083918039 10.961292000000002 46
1750083928169 11.611474 47
1750083938259 12.435007 48
1750083948356 13.867671 49
1750083958475 14.106217 50
1750083968642 14.662180000000001 51
1750083978741 14.880434 52
1750083989059 15.106806 53
1750083999256 15.245878 54
1750084009594 15.469351000000001 55
1750084019691 15.507159 56
1750084029782 15.761199 57
1750084040052 15.832056 58
1750084050867 15.994418000000001 59
1750084061560 16.143132 60
1750084071873 16.210905000000004 61
1750084083348 16.256431 62
1750084093450 16.376595000000002 63
1750084103572 16.441730999999997 64
1750084113685 16.476093 65
1750084123774 16.520912000000003 66
1750084133962 16.663501000000004 67
1750084144084 16.705696000000003 68
