1750083446761 0.00041900000000083537 0
1750083456900 0.2920960000000008 1
1750083467025 0.5809819999999988 2
1750083477157 0.9099080000000015 3
1750083487331 1.1157499999999985 4
1750083497461 1.575088000000001 5
1750083507591 1.7870540000000013 6
1750083518380 1.9843769999999985 7
1750083528501 2.2315809999999985 8
1750083538669 2.4365029999999983 9
1750083548804 2.5970720000000007 10
1750083558919 2.9825429999999997 11
1750083569056 3.5520829999999997 12
1750083579278 3.9960069999999988 13
1750083589530 4.213038999999998 14
1750083599662 4.439947 15
1750083609767 5.070561999999999 16
1750083619882 5.311444000000002 17
1750083630007 5.500727000000001 18
1750083640122 5.999182999999999 19
1750083650961 6.3361589999999985 20
1750083661083 6.649643000000001 21
1750083671205 6.862154 22
1750083681314 7.171868 23
1750083692250 7.391991999999998 24
1750083702823 7.630403000000001 25
1750083712944 7.9721350000000015 26
1750083723276 8.177496999999999 27
1750083733384 8.451908 28
1750083743480 8.689596000000002 29
1750083753587 9.011772 30
1750083763682 9.231295 31
1750083773799 9.619822 32
1750083784100 9.976855 33
1750083794219 10.508578 34
1750083804351 10.821963 35
1750083814460 11.223662999999998 36
1750083824577 11.514592 37
1750083834697 11.732353 38
1750083844806 12.027353999999999 39
1750083855649 12.342270000000003 40
1750083865798 12.626524 41
1750083877016 12.949487999999999 42
1750083887105 13.649862000000002 43
1750083897785 14.147551000000004 44
1750083907923 14.496548 45
1750083918039 14.723186000000002 46
1750083928169 15.054533000000003 47
1750083938259 15.304711999999999 48
1750083948356 15.584801000000002 49
1750083958475 15.938807999999998 50
1750083968642 16.401252000000003 51
1750083978741 16.620023 52
1750083989059 16.810691000000002 53
1750083999256 17.055127000000002 54
1750084009594 17.207733 55
1750084019691 17.373589999999997 56
1750084029782 17.951573999999997 57
1750084040052 18.167334999999998 58
1750084050867 18.448282000000003 59
1750084061560 18.731529 60
1750084071873 18.953277000000003 61
1750084083348 19.178872000000002 62
1750084093450 19.517193000000002 63
1750084103572 19.740815 64
1750084113685 19.94125 65
1750084123774 20.149998999999998 66
1750084133962 20.456439 67
1750084144084 20.645815000000002 68
