1750083446761 29345.3 0
1750083456900 29585.7 1
1750083467025 29603.7 2
1750083477157 29607.1 3
1750083487331 29538.1 4
1750083497461 29606.3 5
1750083507591 29709.9 6
1750083518380 29680.7 7
1750083528501 29779.2 8
1750083538669 29776.7 9
1750083548804 29631.5 10
1750083558919 29752.7 11
1750083569056 29885.6 12
1750083579278 29954.8 13
1750083589530 29997.3 14
1750083599662 29970.0 15
1750083609767 30123.1 16
1750083619882 30238.3 17
1750083630007 30276.1 18
1750083640122 30213.0 19
1750083650961 30217.7 20
1750083661083 30297.6 21
1750083671205 30363.9 22
1750083681314 30418.6 23
1750083692250 29407.9 24
1750083702823 29522.0 25
1750083712944 29560.7 26
1750083723276 29341.0 27
1750083733384 29269.1 28
1750083743480 29392.9 29
1750083753587 29458.3 30
1750083763682 29552.2 31
1750083773799 29562.2 32
1750083784100 29676.7 33
1750083794219 29719.4 34
1750083804351 29814.5 35
1750083814460 29874.2 36
1750083824577 29793.2 37
1750083834697 29869.3 38
1750083844806 29963.2 39
1750083855649 30014.5 40
1750083865798 30063.7 41
1750083877016 29964.3 42
1750083887105 30028.1 43
1750083897785 30099.9 44
1750083907923 30176.7 45
1750083918039 30354.5 46
1750083928169 30392.9 47
1750083938259 30520.4 48
1750083948356 30541.0 49
1750083958475 30329.2 50
1750083968642 30456.4 51
1750083978741 30602.0 52
1750083989059 30807.6 53
1750083999256 30470.2 54
1750084009594 30593.0 55
1750084019691 30423.6 56
1750084029782 30416.4 57
1750084040052 30558.1 58
1750084050867 30810.6 59
1750084061560 31003.6 60
1750084071873 30866.1 61
1750084083348 30956.6 62
1750084093450 31118.4 63
1750084103572 31078.2 64
1750084113685 31196.9 65
1750084123774 31315.3 66
1750084133962 31440.2 67
1750084144084 31531.6 68
