1750083446761 86.2 0
1750083456900 86.9 1
1750083467025 87.0 2
1750083477157 87.0 3
1750083487331 86.8 4
1750083497461 87.0 5
1750083507591 87.3 6
1750083518380 87.2 7
1750083528501 87.5 8
1750083538669 87.5 9
1750083548804 87.1 10
1750083558919 87.4 11
1750083569056 87.8 12
1750083579278 88.0 13
1750083589530 88.2 14
1750083599662 88.1 15
1750083609767 88.5 16
1750083619882 88.9 17
1750083630007 89.0 18
1750083640122 88.8 19
1750083650961 88.8 20
1750083661083 89.0 21
1750083671205 89.2 22
1750083681314 89.4 23
1750083692250 86.4 24
1750083702823 86.8 25
1750083712944 86.9 26
1750083723276 86.2 27
1750083733384 86.0 28
1750083743480 86.4 29
1750083753587 86.6 30
1750083763682 86.8 31
1750083773799 86.9 32
1750083784100 87.2 33
1750083794219 87.3 34
1750083804351 87.6 35
1750083814460 87.8 36
1750083824577 87.6 37
1750083834697 87.8 38
1750083844806 88.1 39
1750083855649 88.2 40
1750083865798 88.3 41
1750083877016 88.1 42
1750083887105 88.2 43
1750083897785 88.5 44
1750083907923 88.7 45
1750083918039 89.2 46
1750083928169 89.3 47
1750083938259 89.7 48
1750083948356 89.7 49
1750083958475 89.1 50
1750083968642 89.5 51
1750083978741 89.9 52
1750083989059 90.5 53
1750083999256 89.5 54
1750084009594 89.9 55
1750084019691 89.4 56
1750084029782 89.4 57
1750084040052 89.8 58
1750084050867 90.5 59
1750084061560 91.1 60
1750084071873 90.7 61
1750084083348 91.0 62
1750084093450 91.4 63
1750084103572 91.3 64
1750084113685 91.7 65
1750084123774 92.0 66
1750084133962 92.4 67
1750084144084 92.7 68
