1726596414793 0.0 0
1726596424868 7.8 1
1726596434941 18.2 2
1726596445015 19.3 3
1726596455094 31.0 4
1726596465172 22.9 5
1726596475278 25.3 6
1726596485378 26.0 7
1726596495445 25.3 8
1726596505525 23.1 9
1726596515611 25.5 10
1726596525694 30.0 11
1726596535783 24.5 12
1726596545877 25.8 13
1726596555961 29.0 14
1726596566042 27.4 15
1726596576122 25.0 16
1726596586203 22.6 17
1726596596302 28.6 18
1726596606420 30.5 19
1726596616515 28.0 20
1726596626594 29.0 21
1726596636691 26.6 22
1726596646783 29.5 23
1726596656885 22.9 24
1726596666970 26.2 25
1726596677061 24.2 26
1726596687126 23.4 27
1726596697205 25.2 28
1726596707302 26.2 29
1726596717383 19.6 30
1726596727481 27.5 31
1726596737562 27.5 32
1726596747648 32.8 33
1726596758056 27.1 34
