1726596414793 13.3 0
1726596424868 13.3 1
1726596434941 13.3 2
1726596445015 13.3 3
1726596455094 13.3 4
1726596465172 13.3 5
1726596475278 13.3 6
1726596485378 13.3 7
1726596495445 13.3 8
1726596505525 13.3 9
1726596515611 13.3 10
1726596525694 13.3 11
1726596535783 13.3 12
1726596545877 13.3 13
1726596555961 13.3 14
1726596566042 13.3 15
1726596576122 13.3 16
1726596586203 13.3 17
1726596596302 13.3 18
1726596606420 13.3 19
1726596616515 13.3 20
1726596626594 13.3 21
1726596636691 13.3 22
1726596646783 13.3 23
1726596656885 13.3 24
1726596666970 13.3 25
1726596677061 13.3 26
1726596687126 13.3 27
1726596697205 13.3 28
1726596707302 13.3 29
1726596717383 13.3 30
1726596727481 13.3 31
1726596737562 13.3 32
1726596747648 13.3 33
1726596758056 13.3 34
