1726596414793 136475.8 0
1726596424868 136476.7 1
1726596434941 136476.8 2
1726596445015 136477.0 3
1726596455094 136477.9 4
1726596465172 136477.1 5
1726596475278 136477.2 6
1726596485378 136476.8 7
1726596495445 136476.8 8
1726596505525 136477.2 9
1726596515611 136477.4 10
1726596525694 136478.7 11
1726596535783 136478.8 12
1726596545877 136479.4 13
1726596555961 136480.6 14
1726596566042 136480.7 15
1726596576122 136476.8 16
1726596586203 136476.9 17
1726596596302 136476.0 18
1726596606420 136477.3 19
1726596616515 136477.5 20
1726596626594 136478.2 21
1726596636691 136477.8 22
1726596646783 136478.5 23
1726596656885 136479.1 24
1726596666970 136479.6 25
1726596677061 136479.6 26
1726596687126 136479.6 27
1726596697205 136481.7 28
1726596707302 136487.1 29
1726596717383 136487.0 30
1726596727481 136484.1 31
1726596737562 136484.2 32
1726596747648 136488.7 33
1726596758056 136489.2 34
