1726596414793 886917.9 0
1726596424868 886916.9 1
1726596434941 886916.8 2
1726596445015 886916.7 3
1726596455094 886915.7 4
1726596465172 886916.5 5
1726596475278 886916.4 6
1726596485378 886916.8 7
1726596495445 886916.8 8
1726596505525 886916.5 9
1726596515611 886916.2 10
1726596525694 886914.9 11
1726596535783 886914.9 12
1726596545877 886914.2 13
1726596555961 886913.0 14
1726596566042 886912.9 15
1726596576122 886916.8 16
1726596586203 886916.8 17
1726596596302 886917.6 18
1726596606420 886916.4 19
1726596616515 886916.1 20
1726596626594 886915.4 21
1726596636691 886915.8 22
1726596646783 886915.1 23
1726596656885 886914.5 24
1726596666970 886914.1 25
1726596677061 886914.1 26
1726596687126 886914.1 27
1726596697205 886912.0 28
1726596707302 886906.6 29
1726596717383 886906.6 30
1726596727481 886909.5 31
1726596737562 886909.4 32
1726596747648 886905.0 33
1726596758056 886904.4 34
