1726596414793 0.0 0
1726596424868 0.019248000000004595 1
1726596434941 0.03307999999999822 2
1726596445015 0.044870000000003074 3
1726596455094 0.0643790000000024 4
1726596465172 0.06562199999999052 5
1726596475278 0.08235700000000179 6
1726596485378 0.08751499999999623 7
1726596495445 0.09393000000000029 8
1726596505525 0.09883299999999906 9
1726596515611 0.10835699999999804 10
1726596525694 0.10943299999999567 11
1726596535783 0.11881699999999285 12
1726596545877 0.1294070000000005 13
1726596555961 0.1391529999999932 14
1726596566042 0.14145599999999092 15
1726596576122 0.1634639999999905 16
1726596586203 0.17043599999999515 17
1726596596302 0.1844549999999998 18
1726596606420 0.19078399999999363 19
1726596616515 0.19858499999999424 20
1726596626594 0.2025289999999984 21
1726596636691 0.21697499999999081 22
1726596646783 0.2323729999999955 23
1726596656885 0.23628300000000024 24
1726596666970 0.25898699999999053 25
1726596677061 0.25983999999999696 26
1726596687126 0.27037500000000136 27
1726596697205 0.36135699999999815 28
1726596707302 0.3885760000000005 29
1726596717383 0.4131179999999972 30
1726596727481 1.0546360000000021 31
1726596737562 1.0770969999999949 32
1726596747648 1.1055829999999958 33
1726596758056 1.1416699999999906 34
