1726596414793 0.0 0
1726596424868 0.0174119999999931 1
1726596434941 0.026990999999995324 2
1726596445015 0.038938000000001693 3
1726596455094 0.07001499999999794 4
1726596465172 0.07262899999999206 5
1726596475278 0.09188199999999824 6
1726596485378 0.09525099999999043 7
1726596495445 0.10147599999999102 8
1726596505525 0.10665099999999939 9
1726596515611 0.11133900000000096 10
1726596525694 0.11206799999999362 11
1726596535783 0.12460399999999083 12
1726596545877 0.13428299999999638 13
1726596555961 0.1428980000000024 14
1726596566042 0.1454119999999932 15
1726596576122 0.16499899999999457 16
1726596586203 0.16864400000000046 17
1726596596302 0.18152399999999602 18
1726596606420 0.18487499999999102 19
1726596616515 0.1929749999999899 20
1726596626594 0.1956169999999986 21
1726596636691 0.2028669999999977 22
1726596646783 0.2147289999999913 23
1726596656885 0.21806300000000078 24
1726596666970 0.23206499999999153 25
1726596677061 0.23424199999999473 26
1726596687126 0.2451729999999941 27
1726596697205 0.3545529999999957 28
1726596707302 0.3698009999999954 29
1726596717383 0.40036899999999775 30
1726596727481 0.4845370000000031 31
1726596737562 0.5059480000000036 32
1726596747648 0.5591629999999981 33
1726596758056 0.5842059999999947 34
