1726596414793 14737.7 0
1726596424868 14839.3 1
1726596434941 14953.8 2
1726596445015 15226.1 3
1726596455094 14976.5 4
1726596465172 15033.6 5
1726596475278 14960.4 6
1726596485378 14967.7 7
1726596495445 14859.9 8
1726596505525 14846.9 9
1726596515611 14888.7 10
1726596525694 15030.1 11
1726596535783 15016.8 12
1726596545877 14997.9 13
1726596555961 15025.4 14
1726596566042 14980.5 15
1726596576122 14971.7 16
1726596586203 14941.7 17
1726596596302 14968.7 18
1726596606420 15043.7 19
1726596616515 15041.7 20
1726596626594 15028.8 21
1726596636691 15035.1 22
1726596646783 15009.0 23
1726596656885 14970.3 24
1726596666970 14913.0 25
1726596677061 15004.0 26
1726596687126 15023.3 27
1726596697205 14951.4 28
1726596707302 15108.5 29
1726596717383 15078.3 30
1726596727481 14982.6 31
1726596737562 14947.8 32
1726596747648 15157.6 33
1726596758056 14995.0 34
