1726596414793 43.3 0
1726596424868 43.6 1
1726596434941 43.9 2
1726596445015 44.7 3
1726596455094 44.0 4
1726596465172 44.2 5
1726596475278 44.0 6
1726596485378 44.0 7
1726596495445 43.7 8
1726596505525 43.6 9
1726596515611 43.8 10
1726596525694 44.2 11
1726596535783 44.1 12
1726596545877 44.1 13
1726596555961 44.2 14
1726596566042 44.0 15
1726596576122 44.0 16
1726596586203 43.9 17
1726596596302 44.0 18
1726596606420 44.2 19
1726596616515 44.2 20
1726596626594 44.2 21
1726596636691 44.2 22
1726596646783 44.1 23
1726596656885 44.0 24
1726596666970 43.8 25
1726596677061 44.1 26
1726596687126 44.1 27
1726596697205 43.9 28
1726596707302 44.4 29
1726596717383 44.3 30
1726596727481 44.0 31
1726596737562 43.9 32
1726596747648 44.5 33
1726596758056 44.1 34
