1752282746047 0.0 0
1752282756262 9.5 1
1752282766382 23.0 2
1752282776684 33.5 3
1752282786815 35.0 4
1752282796922 33.3 5
1752282807156 35.7 6
1752282817345 34.5 7
1752282827449 33.8 8
1752282837553 36.1 9
1752282847696 34.0 10
1752282857812 35.5 11
1752282867902 35.8 12
1752282878002 36.7 13
1752282888154 33.8 14
1752282898337 34.4 15
1752282908462 36.2 16
1752282918548 38.9 17
1752282928654 51.8 18
1752282938747 52.3 19
1752282948838 44.3 20
1752282959015 46.8 21
1752282969120 45.2 22
1752282979233 43.1 23
1752282989333 44.2 24
1752282999466 44.1 25
1752283009552 45.7 26
1752283019701 44.5 27
1752283029841 45.4 28
1752283039960 45.1 29
1752283050091 44.2 30
1752283060727 44.0 31
1752283070820 41.0 32
1752283080920 25.6 33
1752283091042 44.0 34
1752283101118 44.6 35
1752283111230 46.5 36
1752283121370 43.6 37
1752283131485 43.9 38
1752283141573 44.8 39
1752283151658 43.1 40
1752283161813 44.0 41
1752283171923 44.8 42
1752283182006 46.1 43
1752283192138 43.4 44
1752283202236 43.8 45
1752283212372 44.6 46
1752283222468 44.7 47
1752283232562 44.9 48
1752283242659 44.8 49
1752283252765 47.1 50
1752283262887 45.3 51
1752283273004 44.6 52
1752283283121 43.7 53
1752283293335 51.7 54
1752283303494 45.2 55
1752283313579 44.8 56
1752283323706 44.1 57
1752283333895 45.6 58
1752283343986 44.6 59
1752283354104 44.7 60
1752283364188 44.9 61
1752283374287 45.0 62
1752283384374 44.8 63
1752283394611 44.1 64
