1752282746047 762171.3 0
1752282756262 762166.8 1
1752282766382 762166.8 2
1752282776684 762166.8 3
1752282786815 762166.8 4
1752282796922 762166.8 5
1752282807156 762166.6 6
1752282817345 762166.7 7
1752282827449 762166.6 8
1752282837553 762166.6 9
1752282847696 762166.6 10
1752282857812 762166.6 11
1752282867902 762166.6 12
1752282878002 762166.6 13
1752282888154 762166.6 14
1752282898337 762166.5 15
1752282908462 762166.6 16
1752282918548 762166.6 17
1752282928654 762166.1 18
1752282938747 762164.8 19
1752282948838 762164.7 20
1752282959015 762164.6 21
1752282969120 762164.5 22
1752282979233 762164.5 23
1752282989333 762164.6 24
1752282999466 762164.5 25
1752283009552 762164.5 26
1752283019701 762164.5 27
1752283029841 762164.5 28
1752283039960 762164.5 29
1752283050091 762164.5 30
1752283060727 762164.6 31
1752283070820 762164.5 32
1752283080920 762164.4 33
1752283091042 762164.4 34
1752283101118 762164.4 35
1752283111230 762164.4 36
1752283121370 762164.4 37
1752283131485 762164.4 38
1752283141573 762164.4 39
1752283151658 762164.4 40
1752283161813 762164.4 41
1752283171923 762164.3 42
1752283182006 762164.2 43
1752283192138 762164.2 44
1752283202236 762164.1 45
1752283212372 762164.1 46
1752283222468 762163.9 47
1752283232562 762165.6 48
1752283242659 762165.3 49
1752283252765 762165.2 50
1752283262887 762165.0 51
1752283273004 762165.1 52
1752283283121 762165.1 53
1752283293335 762165.2 54
1752283303494 762165.1 55
1752283313579 762166.7 56
1752283323706 762166.7 57
1752283333895 762166.7 58
1752283343986 762166.7 59
1752283354104 762166.6 60
1752283364188 762166.5 61
1752283374287 762166.5 62
1752283384374 762166.5 63
1752283394611 762166.6 64
