1752282746047 261222.3 0
1752282756262 261226.8 1
1752282766382 261226.9 2
1752282776684 261226.9 3
1752282786815 261226.9 4
1752282796922 261226.9 5
1752282807156 261227.0 6
1752282817345 261226.9 7
1752282827449 261227.0 8
1752282837553 261227.0 9
1752282847696 261227.0 10
1752282857812 261227.0 11
1752282867902 261227.0 12
1752282878002 261227.0 13
1752282888154 261227.0 14
1752282898337 261227.1 15
1752282908462 261227.1 16
1752282918548 261227.1 17
1752282928654 261227.5 18
1752282938747 261228.8 19
1752282948838 261228.9 20
1752282959015 261229.0 21
1752282969120 261229.1 22
1752282979233 261229.1 23
1752282989333 261229.0 24
1752282999466 261229.1 25
1752283009552 261229.1 26
1752283019701 261229.1 27
1752283029841 261229.1 28
1752283039960 261229.1 29
1752283050091 261229.1 30
1752283060727 261229.0 31
1752283070820 261229.1 32
1752283080920 261229.2 33
1752283091042 261229.2 34
1752283101118 261229.2 35
1752283111230 261229.2 36
1752283121370 261229.2 37
1752283131485 261229.2 38
1752283141573 261229.2 39
1752283151658 261229.2 40
1752283161813 261229.2 41
1752283171923 261229.3 42
1752283182006 261229.4 43
1752283192138 261229.4 44
1752283202236 261229.5 45
1752283212372 261229.6 46
1752283222468 261229.7 47
1752283232562 261228.0 48
1752283242659 261228.3 49
1752283252765 261228.4 50
1752283262887 261228.6 51
1752283273004 261228.5 52
1752283283121 261228.5 53
1752283293335 261228.4 54
1752283303494 261228.5 55
1752283313579 261227.0 56
1752283323706 261227.0 57
1752283333895 261226.9 58
1752283343986 261227.0 59
1752283354104 261227.0 60
1752283364188 261227.1 61
1752283374287 261227.1 62
1752283384374 261227.1 63
1752283394611 261227.0 64
