1752282746047 25.5 0
1752282756262 25.5 1
1752282766382 25.5 2
1752282776684 25.5 3
1752282786815 25.5 4
1752282796922 25.5 5
1752282807156 25.5 6
1752282817345 25.5 7
1752282827449 25.5 8
1752282837553 25.5 9
1752282847696 25.5 10
1752282857812 25.5 11
1752282867902 25.5 12
1752282878002 25.5 13
1752282888154 25.5 14
1752282898337 25.5 15
1752282908462 25.5 16
1752282918548 25.5 17
1752282928654 25.5 18
1752282938747 25.5 19
1752282948838 25.5 20
1752282959015 25.5 21
1752282969120 25.5 22
1752282979233 25.5 23
1752282989333 25.5 24
1752282999466 25.5 25
1752283009552 25.5 26
1752283019701 25.5 27
1752283029841 25.5 28
1752283039960 25.5 29
1752283050091 25.5 30
1752283060727 25.5 31
1752283070820 25.5 32
1752283080920 25.5 33
1752283091042 25.5 34
1752283101118 25.5 35
1752283111230 25.5 36
1752283121370 25.5 37
1752283131485 25.5 38
1752283141573 25.5 39
1752283151658 25.5 40
1752283161813 25.5 41
1752283171923 25.5 42
1752283182006 25.5 43
1752283192138 25.5 44
1752283202236 25.5 45
1752283212372 25.5 46
1752283222468 25.5 47
1752283232562 25.5 48
1752283242659 25.5 49
1752283252765 25.5 50
1752283262887 25.5 51
1752283273004 25.5 52
1752283283121 25.5 53
1752283293335 25.5 54
1752283303494 25.5 55
1752283313579 25.5 56
1752283323706 25.5 57
1752283333895 25.5 58
1752283343986 25.5 59
1752283354104 25.5 60
1752283364188 25.5 61
1752283374287 25.5 62
1752283384374 25.5 63
1752283394611 25.5 64
