1752282746047 0.0 0
1752282756262 0.05508000000008906 1
1752282766382 0.1182410000001255 2
1752282776684 0.19486099999994622 3
1752282786815 0.2390410000000429 4
1752282796922 0.2507110000001376 5
1752282807156 0.28216199999997116 6
1752282817345 0.3101719999999659 7
1752282827449 0.3257740000001377 8
1752282837553 0.41372599999999693 9
1752282847696 0.4432600000000093 10
1752282857812 0.46326700000008714 11
1752282867902 0.4884700000000066 12
1752282878002 0.5150200000000495 13
1752282888154 0.5388430000000426 14
1752282898337 0.619907000000012 15
1752282908462 0.6541939999999613 16
1752282918548 0.7438380000000961 17
1752282928654 0.8600570000000971 18
1752282938747 0.8907130000000052 19
1752282948838 0.9699530000000323 20
1752282959015 1.1165619999999308 21
1752282969120 1.1295860000000175 22
1752282979233 1.285919000000149 23
1752282989333 1.3354190000000017 24
1752282999466 1.4408840000000964 25
1752283009552 1.4618480000001455 26
1752283019701 1.5301710000001094 27
1752283029841 1.6022950000001401 28
1752283039960 1.8470780000000104 29
1752283050091 1.8861420000000635 30
1752283060727 1.8998730000000705 31
1752283070820 1.9268939999999475 32
1752283080920 2.025620000000117 33
1752283091042 2.0586490000000595 34
1752283101118 2.10029099999997 35
1752283111230 2.15214600000013 36
1752283121370 2.1764140000000225 37
1752283131485 2.208699000000024 38
1752283141573 2.2534800000000814 39
1752283151658 2.32511599999998 40
1752283161813 2.3471150000000307 41
1752283171923 2.3675419999999576 42
1752283182006 2.3978870000000825 43
1752283192138 2.4331059999999525 44
1752283202236 2.472298000000137 45
1752283212372 2.492179999999962 46
1752283222468 2.539111000000048 47
1752283232562 2.554552000000058 48
1752283242659 2.6444460000000163 49
1752283252765 2.702363000000105 50
1752283262887 2.78774999999996 51
1752283273004 2.8151860000000397 52
1752283283121 2.8786810000001424 53
1752283293335 2.967840000000024 54
1752283303494 2.980679000000009 55
1752283313579 3.012818000000152 56
1752283323706 3.0667889999999716 57
1752283333895 3.216318000000001 58
1752283343986 3.2663380000001325 59
1752283354104 3.3086100000000442 60
1752283364188 3.348510000000033 61
1752283374287 3.364138000000139 62
1752283384374 3.494459000000006 63
1752283394611 3.550995999999941 64
