1752282746047 0.0 0
1752282756262 0.04762100000004921 1
1752282766382 0.09970900000001848 2
1752282776684 0.15874000000002297 3
1752282786815 0.186362000000031 4
1752282796922 0.19183500000002596 5
1752282807156 0.20741200000003346 6
1752282817345 0.22117200000002413 7
1752282827449 0.23655200000001742 8
1752282837553 0.3325430000000438 9
1752282847696 0.3756190000000288 10
1752282857812 0.39341300000000956 11
1752282867902 0.4064910000000168 12
1752282878002 0.4229530000000068 13
1752282888154 0.44917700000002014 14
1752282898337 0.5253730000000019 15
1752282908462 0.5654180000000224 16
1752282918548 0.6758590000000027 17
1752282928654 0.8164280000000304 18
1752282938747 0.8250850000000014 19
1752282948838 0.9026140000000282 20
1752282959015 1.0219020000000114 21
1752282969120 1.032017000000053 22
1752282979233 1.1007060000000024 23
1752282989333 1.1278250000000298 24
1752282999466 1.1672700000000304 25
1752283009552 1.1925370000000157 26
1752283019701 1.336257000000046 27
1752283029841 1.4228370000000155 28
1752283039960 1.5003810000000044 29
1752283050091 1.5429260000000227 30
1752283060727 1.5624120000000516 31
1752283070820 1.5919850000000224 32
1752283080920 1.668999000000042 33
1752283091042 1.701861000000008 34
1752283101118 1.7504200000000196 35
1752283111230 1.8141390000000115 36
1752283121370 1.8342939999999999 37
1752283131485 1.8629720000000134 38
1752283141573 1.908676000000014 39
1752283151658 1.9744930000000522 40
1752283161813 1.99285500000002 41
1752283171923 2.0110440000000267 42
1752283182006 2.043689000000029 43
1752283192138 2.0902490000000284 44
1752283202236 2.1329240000000027 45
1752283212372 2.140995000000032 46
1752283222468 2.180803000000026 47
1752283232562 2.194103000000041 48
1752283242659 2.2378930000000423 49
1752283252765 2.2973630000000185 50
1752283262887 2.3970050000000356 51
1752283273004 2.429065000000037 52
1752283283121 2.490722000000005 53
1752283293335 2.5879150000000095 54
1752283303494 2.599317000000042 55
1752283313579 2.6341240000000425 56
1752283323706 2.6849339999999984 57
1752283333895 2.7173740000000066 58
1752283343986 2.761085000000037 59
1752283354104 2.7960460000000467 60
1752283364188 2.8376250000000027 61
1752283374287 2.8571380000000204 62
1752283384374 2.94751100000002 63
1752283394611 3.004591000000005 64
