1752282746047 18298.0 0
1752282756262 18700.9 1
1752282766382 19066.5 2
1752282776684 18925.3 3
1752282786815 19051.5 4
1752282796922 18876.8 5
1752282807156 19021.2 6
1752282817345 19291.4 7
1752282827449 18915.7 8
1752282837553 19135.3 9
1752282847696 18744.7 10
1752282857812 18938.5 11
1752282867902 19036.6 12
1752282878002 18546.8 13
1752282888154 18637.1 14
1752282898337 18444.2 15
1752282908462 18640.2 16
1752282918548 19020.4 17
1752282928654 19079.5 18
1752282938747 18966.5 19
1752282948838 18815.0 20
1752282959015 18742.3 21
1752282969120 18723.9 22
1752282979233 18987.8 23
1752282989333 18517.0 24
1752282999466 18671.2 25
1752283009552 18737.7 26
1752283019701 18432.2 27
1752283029841 18614.7 28
1752283039960 18674.4 29
1752283050091 18917.9 30
1752283060727 18527.1 31
1752283070820 18312.0 32
1752283080920 18713.9 33
1752283091042 18816.7 34
1752283101118 19077.5 35
1752283111230 19161.2 36
1752283121370 18599.9 37
1752283131485 18711.4 38
1752283141573 18935.1 39
1752283151658 19205.0 40
1752283161813 18787.8 41
1752283171923 18824.1 42
1752283182006 18939.1 43
1752283192138 19206.2 44
1752283202236 18764.5 45
1752283212372 18877.9 46
1752283222468 18969.1 47
1752283232562 19219.1 48
1752283242659 19309.9 49
1752283252765 18852.9 50
1752283262887 18970.2 51
1752283273004 19080.9 52
1752283283121 18840.6 53
1752283293335 18989.8 54
1752283303494 18865.6 55
1752283313579 19014.8 56
1752283323706 19274.3 57
1752283333895 18883.5 58
1752283343986 18993.7 59
1752283354104 19256.7 60
1752283364188 18830.2 61
1752283374287 18933.9 62
1752283384374 19032.2 63
1752283394611 19275.1 64
