1752282746047 53.8 0
1752282756262 55.0 1
1752282766382 56.0 2
1752282776684 55.6 3
1752282786815 56.0 4
1752282796922 55.5 5
1752282807156 55.9 6
1752282817345 56.7 7
1752282827449 55.6 8
1752282837553 56.2 9
1752282847696 55.1 10
1752282857812 55.7 11
1752282867902 55.9 12
1752282878002 54.5 13
1752282888154 54.8 14
1752282898337 54.2 15
1752282908462 54.8 16
1752282918548 55.9 17
1752282928654 56.1 18
1752282938747 55.7 19
1752282948838 55.3 20
1752282959015 55.1 21
1752282969120 55.0 22
1752282979233 55.8 23
1752282989333 54.4 24
1752282999466 54.9 25
1752283009552 55.1 26
1752283019701 54.2 27
1752283029841 54.7 28
1752283039960 54.9 29
1752283050091 55.6 30
1752283060727 54.4 31
1752283070820 53.8 32
1752283080920 55.0 33
1752283091042 55.3 34
1752283101118 56.1 35
1752283111230 56.3 36
1752283121370 54.7 37
1752283131485 55.0 38
1752283141573 55.6 39
1752283151658 56.4 40
1752283161813 55.2 41
1752283171923 55.3 42
1752283182006 55.7 43
1752283192138 56.4 44
1752283202236 55.1 45
1752283212372 55.5 46
1752283222468 55.7 47
1752283232562 56.5 48
1752283242659 56.7 49
1752283252765 55.4 50
1752283262887 55.7 51
1752283273004 56.1 52
1752283283121 55.4 53
1752283293335 55.8 54
1752283303494 55.4 55
1752283313579 55.9 56
1752283323706 56.6 57
1752283333895 55.5 58
1752283343986 55.8 59
1752283354104 56.6 60
1752283364188 55.3 61
1752283374287 55.6 62
1752283384374 55.9 63
1752283394611 56.6 64
