1750795129558 0.004368433800272153 0
1750795136749 0.007253266102546011 1
1750795147035 0.008033459918841563 2
1750795161217 0.022907266080277194 3
1750795170649 0.007187491683646864 4
1750795181974 0.04012477212910046 5
1750795193131 0.0062425111520096185 6
1750795199586 0.007720017660808565 7
1750795210933 0.005552832928166765 8
1750795219858 0.008601172571755642 9
1750795231176 0.009202297305036392 10
1750795240333 0.007047527997150428 11
1750795252845 0.008276542840024222 12
1750795263180 0.008294964259007005 13
1750795282617 0.01984692496958008 14
1750795292114 0.045389571665458775 15
1750795301911 0.006131178365897013 16
1750795317084 0.03246056720146274 17
1750795330963 0.028660427079045335 18
1750795343791 0.008043147413505543 19
1750795358242 0.008166146459905326 20
1750795366249 0.019888342739012792 21
1750795371795 0.042062017369311096 22
1750795393289 0.048921124124693884 23
1750795400469 0.03922204836784733 24
