1752280561894 0.0 0
1752280572092 13.4 1
1752280582231 30.2 2
1752280592379 44.7 3
1752280602486 38.2 4
1752280612651 35.4 5
1752280623012 35.4 6
1752280633161 36.5 7
1752280643325 39.3 8
1752280653608 40.1 9
1752280663872 35.5 10
1752280673985 36.1 11
1752280684266 34.4 12
1752280694368 36.5 13
1752280704498 34.9 14
1752280714570 37.0 15
1752280724667 37.5 16
1752280734776 46.4 17
1752280744883 37.4 18
1752280755033 36.2 19
1752280765146 36.0 20
1752280775253 37.4 21
1752280785422 34.4 22
1752280795587 34.8 23
1752280805726 35.8 24
1752280815824 37.8 25
1752280825981 34.4 26
1752280836153 34.9 27
