1752280561894 762209.7 0
1752280572092 762208.5 1
1752280582231 762208.5 2
1752280592379 762208.2 3
1752280602486 762208.2 4
1752280612651 762208.2 5
1752280623012 762208.3 6
1752280633161 762208.1 7
1752280643325 762208.1 8
1752280653608 762207.3 9
1752280663872 762207.3 10
1752280673985 762207.2 11
1752280684266 762207.2 12
1752280694368 762207.2 13
1752280704498 762207.2 14
1752280714570 762207.2 15
1752280724667 762207.7 16
1752280734776 762207.3 17
1752280744883 762207.3 18
1752280755033 762207.2 19
1752280765146 762207.2 20
1752280775253 762207.2 21
1752280785422 762207.2 22
1752280795587 762207.2 23
1752280805726 762207.1 24
1752280815824 762207.0 25
1752280825981 762206.9 26
1752280836153 762206.9 27
