1752280561894 25.5 0
1752280572092 25.5 1
1752280582231 25.5 2
1752280592379 25.5 3
1752280602486 25.5 4
1752280612651 25.5 5
1752280623012 25.5 6
1752280633161 25.5 7
1752280643325 25.5 8
1752280653608 25.5 9
1752280663872 25.5 10
1752280673985 25.5 11
1752280684266 25.5 12
1752280694368 25.5 13
1752280704498 25.5 14
1752280714570 25.5 15
1752280724667 25.5 16
1752280734776 25.5 17
1752280744883 25.5 18
1752280755033 25.5 19
1752280765146 25.5 20
1752280775253 25.5 21
1752280785422 25.5 22
1752280795587 25.5 23
1752280805726 25.5 24
1752280815824 25.5 25
1752280825981 25.5 26
1752280836153 25.5 27
