1752280561894 261184.0 0
1752280572092 261185.2 1
1752280582231 261185.1 2
1752280592379 261185.4 3
1752280602486 261185.4 4
1752280612651 261185.4 5
1752280623012 261185.4 6
1752280633161 261185.5 7
1752280643325 261185.5 8
1752280653608 261186.4 9
1752280663872 261186.3 10
1752280673985 261186.4 11
1752280684266 261186.4 12
1752280694368 261186.4 13
1752280704498 261186.4 14
1752280714570 261186.4 15
1752280724667 261185.9 16
1752280734776 261186.4 17
1752280744883 261186.4 18
1752280755033 261186.4 19
1752280765146 261186.4 20
1752280775253 261186.4 21
1752280785422 261186.4 22
1752280795587 261186.4 23
1752280805726 261186.5 24
1752280815824 261186.6 25
1752280825981 261186.7 26
1752280836153 261186.7 27
