1752280561894 0.0 0
1752280572092 0.029799999999966076 1
1752280582231 0.17842600000000175 2
1752280592379 0.28301699999997254 3
1752280602486 0.2918559999999957 4
1752280612651 0.3170680000000061 5
1752280623012 0.37623700000000326 6
1752280633161 0.4518749999999727 7
1752280643325 0.4748669999999606 8
1752280653608 0.6591899999999669 9
1752280663872 0.6848229999999944 10
1752280673985 0.7004179999999565 11
1752280684266 0.7553800000000024 12
1752280694368 0.7933469999999829 13
1752280704498 0.8612749999999778 14
1752280714570 0.8805969999999661 15
1752280724667 0.9032849999999826 16
1752280734776 0.9856919999999718 17
1752280744883 1.0144179999999778 18
1752280755033 1.0472299999999564 19
1752280765146 1.0527969999999982 20
1752280775253 1.0910359999999741 21
1752280785422 1.1201399999999921 22
1752280795587 1.1238899999999603 23
1752280805726 1.2010689999999613 24
1752280815824 1.3873009999999795 25
1752280825981 1.3928229999999644 26
1752280836153 1.4147399999999948 27
