1752280561894 0.0 0
1752280572092 0.024286000000074637 1
1752280582231 0.0777299999999741 2
1752280592379 0.1957910000000993 3
1752280602486 0.21993300000008276 4
1752280612651 0.2599840000000313 5
1752280623012 0.3309280000000854 6
1752280633161 0.5150539999999637 7
1752280643325 0.5390050000000883 8
1752280653608 0.6647809999999481 9
1752280663872 0.6794390000000021 10
1752280673985 0.7064479999999094 11
1752280684266 0.7844070000001011 12
1752280694368 0.8266020000000935 13
1752280704498 0.8632869999999002 14
1752280714570 0.8985620000000836 15
1752280724667 0.9337940000000344 16
1752280734776 0.9999700000000757 17
1752280744883 1.0415100000000166 18
1752280755033 1.0747650000000704 19
1752280765146 1.1000659999999698 20
1752280775253 1.1491100000000642 21
1752280785422 1.1815500000000156 22
1752280795587 1.1974620000000868 23
1752280805726 1.2743290000000798 24
1752280815824 1.4431210000000192 25
1752280825981 1.459667999999965 26
1752280836153 1.4946999999999662 27
