1752280561894 19053.5 0
1752280572092 19471.0 1
1752280582231 19677.2 2
1752280592379 20025.0 3
1752280602486 19866.5 4
1752280612651 19876.8 5
1752280623012 19720.4 6
1752280633161 19843.0 7
1752280643325 19830.0 8
1752280653608 19882.4 9
1752280663872 19744.6 10
1752280673985 19824.5 11
1752280684266 19670.0 12
1752280694368 19810.5 13
1752280704498 19533.3 14
1752280714570 19697.8 15
1752280724667 19848.6 16
1752280734776 20232.8 17
1752280744883 19770.3 18
1752280755033 20083.1 19
1752280765146 19686.0 20
1752280775253 19842.6 21
1752280785422 20086.8 22
1752280795587 19694.9 23
1752280805726 20095.3 24
1752280815824 19762.4 25
1752280825981 19657.9 26
1752280836153 19695.7 27
