1752280561894 56.0 0
1752280572092 57.2 1
1752280582231 57.8 2
1752280592379 58.8 3
1752280602486 58.4 4
1752280612651 58.4 5
1752280623012 58.0 6
1752280633161 58.3 7
1752280643325 58.3 8
1752280653608 58.4 9
1752280663872 58.0 10
1752280673985 58.3 11
1752280684266 57.8 12
1752280694368 58.2 13
1752280704498 57.4 14
1752280714570 57.9 15
1752280724667 58.3 16
1752280734776 59.5 17
1752280744883 58.1 18
1752280755033 59.0 19
1752280765146 57.9 20
1752280775253 58.3 21
1752280785422 59.0 22
1752280795587 57.9 23
1752280805726 59.1 24
1752280815824 58.1 25
1752280825981 57.8 26
1752280836153 57.9 27
