1752772712653 0.0 0
1752772722725 13.9 1
1752772732809 46.5 2
1752772742951 46.1 3
1752772753103 47.9 4
1752772763240 47.6 5
1752772773336 53.3 6
1752772783495 54.3 7
1752772793596 50.0 8
1752772803685 52.0 9
1752772813824 50.7 10
1752772823935 51.0 11
1752772834047 50.4 12
1752772844136 51.9 13
1752772854237 49.4 14
1752772864353 47.9 15
1752772874453 48.7 16
1752772884632 47.0 17
1752772894822 53.4 18
1752772905005 50.5 19
1752772915123 52.1 20
1752772925222 47.3 21
1752772935360 48.9 22
1752772945580 49.8 23
1752772955883 47.0 24
1752772966039 49.3 25
1752772976143 47.4 26
1752772986327 47.8 27
1752772996428 48.2 28
1752773006611 55.5 29
1752773016769 51.7 30
1752773026888 46.0 31
1752773037033 46.8 32
1752773047254 46.7 33
1752773057414 48.0 34
1752773067621 48.9 35
1752773077783 50.1 36
