1752772712653 262132.0 0
1752772722725 262133.2 1
1752772732809 262133.8 2
1752772742951 262134.1 3
1752772753103 262133.6 4
1752772763240 262133.8 5
1752772773336 262134.5 6
1752772783495 262133.7 7
1752772793596 262134.0 8
1752772803685 262134.7 9
1752772813824 262135.2 10
1752772823935 262134.9 11
1752772834047 262135.2 12
1752772844136 262134.9 13
1752772854237 262135.7 14
1752772864353 262135.7 15
1752772874453 262135.5 16
1752772884632 262135.7 17
1752772894822 262135.6 18
1752772905005 262136.0 19
1752772915123 262135.2 20
1752772925222 262135.3 21
1752772935360 262136.2 22
1752772945580 262136.4 23
1752772955883 262136.4 24
1752772966039 262136.6 25
1752772976143 262136.8 26
1752772986327 262135.7 27
1752772996428 262136.6 28
1752773006611 262136.8 29
1752773016769 262137.0 30
1752773026888 262137.2 31
1752773037033 262137.4 32
1752773047254 262137.7 33
1752773057414 262137.8 34
1752773067621 262138.0 35
1752773077783 262138.3 36
