1752772712653 25.6 0
1752772722725 25.6 1
1752772732809 25.6 2
1752772742951 25.6 3
1752772753103 25.6 4
1752772763240 25.6 5
1752772773336 25.6 6
1752772783495 25.6 7
1752772793596 25.6 8
1752772803685 25.6 9
1752772813824 25.6 10
1752772823935 25.6 11
1752772834047 25.6 12
1752772844136 25.6 13
1752772854237 25.6 14
1752772864353 25.6 15
1752772874453 25.6 16
1752772884632 25.6 17
1752772894822 25.6 18
1752772905005 25.6 19
1752772915123 25.6 20
1752772925222 25.6 21
1752772935360 25.6 22
1752772945580 25.6 23
1752772955883 25.6 24
1752772966039 25.6 25
1752772976143 25.6 26
1752772986327 25.6 27
1752772996428 25.6 28
1752773006611 25.6 29
1752773016769 25.6 30
1752773026888 25.6 31
1752773037033 25.6 32
1752773047254 25.6 33
1752773057414 25.6 34
1752773067621 25.6 35
1752773077783 25.6 36
