1752772712653 761261.6 0
1752772722725 761260.4 1
1752772732809 761259.8 2
1752772742951 761259.5 3
1752772753103 761260.0 4
1752772763240 761259.8 5
1752772773336 761259.1 6
1752772783495 761259.9 7
1752772793596 761259.6 8
1752772803685 761259.0 9
1752772813824 761258.4 10
1752772823935 761258.7 11
1752772834047 761258.4 12
1752772844136 761258.7 13
1752772854237 761257.9 14
1752772864353 761257.9 15
1752772874453 761258.1 16
1752772884632 761257.9 17
1752772894822 761258.0 18
1752772905005 761257.6 19
1752772915123 761258.4 20
1752772925222 761258.3 21
1752772935360 761257.5 22
1752772945580 761257.2 23
1752772955883 761257.2 24
1752772966039 761257.0 25
1752772976143 761256.8 26
1752772986327 761257.9 27
1752772996428 761257.0 28
1752773006611 761256.8 29
1752773016769 761256.6 30
1752773026888 761256.4 31
1752773037033 761256.2 32
1752773047254 761256.0 33
1752773057414 761255.8 34
1752773067621 761255.6 35
1752773077783 761255.3 36
