1752772712653 0.0 0
1752772722725 0.3875879999999938 1
1752772732809 0.8089479999999867 2
1752772742951 1.0027549999999792 3
1752772753103 1.3647379999999885 4
1752772763240 1.6375809999999547 5
1752772773336 2.1201059999999643 6
1752772783495 2.879379999999969 7
1752772793596 3.3803139999999985 8
1752772803685 3.519105999999965 9
1752772813824 4.229161999999974 10
1752772823935 5.177550999999994 11
1752772834047 5.689256 12
1752772844136 6.3755389999999466 13
1752772854237 6.959556999999961 14
1752772864353 7.226001999999994 15
1752772874453 7.59460299999995 16
1752772884632 7.738762999999949 17
1752772894822 8.362619999999993 18
1752772905005 8.922935999999993 19
1752772915123 9.517467999999951 20
1752772925222 9.646521999999948 21
1752772935360 10.295106999999973 22
1752772945580 10.62080199999997 23
1752772955883 10.905730999999946 24
1752772966039 11.33723299999997 25
1752772976143 11.558157999999992 26
1752772986327 11.977283 27
1752772996428 12.447741999999948 28
1752773006611 12.896217999999976 29
1752773016769 13.482973999999956 30
1752773026888 13.635209999999972 31
1752773037033 14.585255999999958 32
1752773047254 14.880737999999951 33
1752773057414 15.20365899999996 34
1752773067621 15.664323999999965 35
1752773077783 15.99147499999998 36
