1752772712653 0.0 0
1752772722725 0.14226999999999634 1
1752772732809 0.4576849999999695 2
1752772742951 0.5307730000000106 3
1752772753103 0.6994359999999915 4
1752772763240 0.8256430000000137 5
1752772773336 1.0687149999999974 6
1752772783495 1.427127999999982 7
1752772793596 1.68582600000002 8
1752772803685 1.7363449999999716 9
1752772813824 2.0499039999999695 10
1752772823935 2.187076999999988 11
1752772834047 2.4798640000000205 12
1752772844136 2.8019649999999956 13
1752772854237 3.013575000000003 14
1752772864353 3.1288829999999734 15
1752772874453 3.302913999999987 16
1752772884632 3.4019759999999906 17
1752772894822 3.58280000000002 18
1752772905005 3.8137419999999906 19
1752772915123 4.0529149999999845 20
1752772925222 4.098302999999987 21
1752772935360 4.242627999999968 22
1752772945580 4.344939000000011 23
1752772955883 4.440754999999967 24
1752772966039 4.684182000000021 25
1752772976143 4.804117000000019 26
1752772986327 4.9475929999999835 27
1752772996428 5.207603000000006 28
1752773006611 5.521951000000001 29
1752773016769 5.819632000000013 30
1752773026888 5.891418999999985 31
1752773037033 6.043376000000023 32
1752773047254 6.158030999999994 33
1752773057414 6.332426999999996 34
1752773067621 6.6657749999999965 35
1752773077783 6.794218999999998 36
