1752772712653 80.5 0
1752772722725 82.1 1
1752772732809 82.1 2
1752772742951 82.0 3
1752772753103 82.1 4
1752772763240 81.8 5
1752772773336 81.6 6
1752772783495 80.6 7
1752772793596 80.5 8
1752772803685 81.7 9
1752772813824 81.6 10
1752772823935 80.7 11
1752772834047 80.4 12
1752772844136 81.1 13
1752772854237 81.3 14
1752772864353 81.2 15
1752772874453 81.2 16
1752772884632 81.0 17
1752772894822 80.1 18
1752772905005 79.7 19
1752772915123 80.9 20
1752772925222 80.9 21
1752772935360 81.0 22
1752772945580 79.9 23
1752772955883 80.1 24
1752772966039 80.0 25
1752772976143 79.8 26
1752772986327 79.8 27
1752772996428 79.6 28
1752773006611 81.0 29
1752773016769 79.5 30
1752773026888 79.9 31
1752773037033 79.9 32
1752773047254 79.8 33
1752773057414 80.0 34
1752773067621 80.0 35
1752773077783 79.1 36
