1752772712653 27394.4 0
1752772722725 27953.0 1
1752772732809 27924.6 2
1752772742951 27889.4 3
1752772753103 27934.1 4
1752772763240 27822.3 5
1752772773336 27774.6 6
1752772783495 27415.1 7
1752772793596 27378.4 8
1752772803685 27800.2 9
1752772813824 27758.3 10
1752772823935 27464.3 11
1752772834047 27362.5 12
1752772844136 27600.7 13
1752772854237 27655.8 14
1752772864353 27633.0 15
1752772874453 27616.8 16
1752772884632 27563.7 17
1752772894822 27263.1 18
1752772905005 27124.2 19
1752772915123 27539.8 20
1752772925222 27516.9 21
1752772935360 27547.8 22
1752772945580 27201.4 23
1752772955883 27259.2 24
1752772966039 27209.8 25
1752772976143 27150.5 26
1752772986327 27143.7 27
1752772996428 27080.5 28
1752773006611 27558.1 29
1752773016769 27062.1 30
1752773026888 27181.9 31
1752773037033 27199.4 32
1752773047254 27151.3 33
1752773057414 27218.8 34
1752773067621 27219.6 35
1752773077783 26913.1 36
