1752506149241 0.0 0
1752506159374 36.2 1
1752506169464 57.2 2
1752506179566 57.1 3
1752506189834 59.4 4
1752506199966 64.4 5
1752506210259 63.4 6
1752506220582 55.1 7
1752506231135 69.8 8
1752506241360 81.7 9
1752506251901 77.7 10
1752506262111 72.8 11
1752506272275 69.0 12
1752506282436 55.4 13
1752506292645 56.5 14
1752506302842 55.9 15
1752506313020 61.0 16
1752506323174 60.2 17
1752506333421 59.5 18
1752506343594 54.4 19
1752506353780 62.4 20
1752506363980 64.3 21
1752506374070 57.5 22
1752506384253 50.5 23
1752506394467 67.9 24
1752506404561 58.4 25
1752506414664 55.4 26
1752506424772 54.0 27
1752506434886 55.8 28
1752506445115 44.8 29
1752506455190 59.8 30
1752506465315 48.1 31
1752506475473 49.9 32
1752506486042 53.5 33
