1752506149241 259428.6 0
1752506159374 259429.8 1
1752506169464 259429.7 2
1752506179566 259429.8 3
1752506189834 259431.2 4
1752506199966 259502.0 5
1752506210259 259502.1 6
1752506220582 259502.1 7
1752506231135 259502.2 8
1752506241360 259502.6 9
1752506251901 259502.7 10
1752506262111 259502.6 11
1752506272275 259502.6 12
1752506282436 259502.7 13
1752506292645 259502.7 14
1752506302842 259502.9 15
1752506313020 259502.9 16
1752506323174 259503.0 17
1752506333421 259503.0 18
1752506343594 259503.1 19
1752506353780 259503.2 20
1752506363980 259503.2 21
1752506374070 259503.3 22
1752506384253 259503.3 23
1752506394467 259503.3 24
1752506404561 259501.7 25
1752506414664 259501.8 26
1752506424772 259501.9 27
1752506434886 259501.4 28
1752506445115 259501.5 29
1752506455190 259501.8 30
1752506465315 259501.9 31
1752506475473 259502.3 32
1752506486042 259503.0 33
