1752506149241 25.3 0
1752506159374 25.3 1
1752506169464 25.3 2
1752506179566 25.3 3
1752506189834 25.4 4
1752506199966 25.4 5
1752506210259 25.4 6
1752506220582 25.4 7
1752506231135 25.4 8
1752506241360 25.4 9
1752506251901 25.4 10
1752506262111 25.4 11
1752506272275 25.4 12
1752506282436 25.4 13
1752506292645 25.4 14
1752506302842 25.4 15
1752506313020 25.4 16
1752506323174 25.4 17
1752506333421 25.4 18
1752506343594 25.4 19
1752506353780 25.4 20
1752506363980 25.4 21
1752506374070 25.4 22
1752506384253 25.4 23
1752506394467 25.4 24
1752506404561 25.4 25
1752506414664 25.4 26
1752506424772 25.4 27
1752506434886 25.4 28
1752506445115 25.4 29
1752506455190 25.4 30
1752506465315 25.4 31
1752506475473 25.4 32
1752506486042 25.4 33
