1752506149241 763965.0 0
1752506159374 763963.9 1
1752506169464 763963.9 2
1752506179566 763963.8 3
1752506189834 763962.4 4
1752506199966 763891.6 5
1752506210259 763891.6 6
1752506220582 763891.6 7
1752506231135 763891.4 8
1752506241360 763891.0 9
1752506251901 763891.0 10
1752506262111 763891.0 11
1752506272275 763891.0 12
1752506282436 763890.9 13
1752506292645 763890.9 14
1752506302842 763890.7 15
1752506313020 763890.7 16
1752506323174 763890.6 17
1752506333421 763890.6 18
1752506343594 763890.5 19
1752506353780 763890.4 20
1752506363980 763890.4 21
1752506374070 763890.4 22
1752506384253 763890.4 23
1752506394467 763890.3 24
1752506404561 763891.9 25
1752506414664 763891.8 26
1752506424772 763891.7 27
1752506434886 763892.2 28
1752506445115 763892.1 29
1752506455190 763891.8 30
1752506465315 763891.8 31
1752506475473 763891.3 32
1752506486042 763890.7 33
