1752506149241 0.0 0
1752506159374 0.013446000000001845 1
1752506169464 0.02032400000000223 2
1752506179566 0.023578999999998018 3
1752506189834 0.07407600000000514 4
1752506199966 0.48686100000000465 5
1752506210259 0.5263900000000064 6
1752506220582 0.5306269999999955 7
1752506231135 0.5506759999999957 8
1752506241360 0.582367000000005 9
1752506251901 0.5973550000000074 10
1752506262111 0.631653 11
1752506272275 0.6433269999999993 12
1752506282436 0.6800719999999956 13
1752506292645 0.6926069999999953 14
1752506302842 0.709108999999998 15
1752506313020 0.7304589999999962 16
1752506323174 0.7393440000000027 17
1752506333421 0.7643360000000001 18
1752506343594 0.8493469999999945 19
1752506353780 0.8693700000000035 20
1752506363980 0.8837900000000047 21
1752506374070 0.8876599999999968 22
1752506384253 0.8998030000000057 23
1752506394467 0.9265660000000082 24
1752506404561 0.9306399999999968 25
1752506414664 0.960441000000003 26
1752506424772 1.0001740000000012 27
1752506434886 1.0204509999999942 28
1752506445115 1.034312 29
1752506455190 1.0735659999999996 30
1752506465315 1.0999580000000009 31
1752506475473 1.1045129999999972 32
1752506486042 1.2259229999999945 33
