1752506149241 0.0 0
1752506159374 0.06377299999999764 1
1752506169464 0.07273599999999192 2
1752506179566 0.07606199999999319 3
1752506189834 0.17653500000000122 4
1752506199966 0.27164999999999395 5
1752506210259 0.31976099999999974 6
1752506220582 0.3317569999999961 7
1752506231135 0.37027600000000405 8
1752506241360 0.4515299999999911 9
1752506251901 0.4713959999999986 10
1752506262111 0.4998159999999956 11
1752506272275 0.5188399999999973 12
1752506282436 0.6004489999999976 13
1752506292645 0.6087079999999929 14
1752506302842 0.6774989999999974 15
1752506313020 0.7229349999999926 16
1752506323174 0.7485219999999941 17
1752506333421 0.7708489999999983 18
1752506343594 0.8558929999999947 19
1752506353780 0.9154520000000019 20
1752506363980 0.935136 21
1752506374070 0.9379649999999913 22
1752506384253 0.9528269999999992 23
1752506394467 0.9994959999999935 24
1752506404561 1.022876999999994 25
1752506414664 1.0448749999999905 26
1752506424772 1.064971 27
1752506434886 1.0861599999999925 28
1752506445115 1.0959539999999919 29
1752506455190 1.1278190000000023 30
1752506465315 1.160899999999998 31
1752506475473 1.1671960000000041 32
1752506486042 1.1841969999999975 33
