1752506149241 15570.4 0
1752506159374 15957.0 1
1752506169464 15922.7 2
1752506179566 15920.8 3
1752506189834 15664.3 4
1752506199966 15890.5 5
1752506210259 16528.5 6
1752506220582 16478.7 7
1752506231135 17400.0 8
1752506241360 17289.2 9
1752506251901 17174.8 10
1752506262111 17096.4 11
1752506272275 17278.1 12
1752506282436 16903.0 13
1752506292645 16844.0 14
1752506302842 16861.7 15
1752506313020 17432.4 16
1752506323174 17156.1 17
1752506333421 17028.2 18
1752506343594 16649.9 19
1752506353780 17320.2 20
1752506363980 17037.1 21
1752506374070 17082.2 22
1752506384253 16664.9 23
1752506394467 17219.7 24
1752506404561 16976.4 25
1752506414664 16973.9 26
1752506424772 16601.2 27
1752506434886 16588.3 28
1752506445115 16687.7 29
1752506455190 16761.9 30
1752506465315 16792.5 31
1752506475473 16860.7 32
1752506486042 16865.7 33
