1752506149241 45.8 0
1752506159374 46.9 1
1752506169464 46.8 2
1752506179566 46.8 3
1752506189834 46.0 4
1752506199966 46.7 5
1752506210259 48.6 6
1752506220582 48.4 7
1752506231135 51.1 8
1752506241360 50.8 9
1752506251901 50.5 10
1752506262111 50.2 11
1752506272275 50.8 12
1752506282436 49.7 13
1752506292645 49.5 14
1752506302842 49.6 15
1752506313020 51.2 16
1752506323174 50.4 17
1752506333421 50.0 18
1752506343594 48.9 19
1752506353780 50.9 20
1752506363980 50.1 21
1752506374070 50.2 22
1752506384253 49.0 23
1752506394467 50.6 24
1752506404561 49.9 25
1752506414664 49.9 26
1752506424772 48.8 27
1752506434886 48.7 28
1752506445115 49.0 29
1752506455190 49.3 30
1752506465315 49.3 31
1752506475473 49.5 32
1752506486042 49.6 33
