1750715291018 0.023528946420892004 0
1750715301160 0.044961655265801884 1
1750715316851 0.036558250674813 2
1750715328929 0.03504531461086294 3
1750715347749 0.03995920967801485 4
1750715361970 0.0496836415807259 5
1750715378208 0.02283546806846069 6
1750715394602 0.008996811844305008 7
1750715408167 0.03191533664337917 8
1750715417868 0.006648552099189202 9
1750715434993 0.008302918351730488 10
1750715438143 0.028964577719523776 11
1750715449641 0.030734798873588407 12
1750715465255 0.011720965802048221 13
1750715475888 0.006040543847218603 14
