1752256678075 0.0007572332767899593 0
1752256680005 0.002446297063051803 1
1752256681862 0.0016690224006375106 2
1752256683828 0.0016424305555763027 3
1752256685730 0.0013133144583901241 4
1752256689506 0.0020835645263399183 5
1752256691522 0.003424339466526001 6
1752256693489 0.0030089051573089485 7
1752256695477 0.004947361570014611 8
1752256697378 0.0034068421153012943 9
1752256699299 0.007612492027950256 10
1752256701459 0.012775686443346028 11
1752256703578 0.01974871790333982 12
1752256707195 0.03041728509498685 13
1752256709355 0.05656095802043317 14
1752256711271 0.045384511292687744 15
1752256713723 0.04487716087654117 16
