1751996614255 259808.8 0
1751996624355 259809.7 1
1751996634449 259809.8 2
1751996644539 259810.3 3
1751996654638 259811.1 4
1751996664727 259812.9 5
1751996674818 259812.8 6
1751996684924 259813.1 7
1751996695014 259814.2 8
1751996705117 259813.4 9
1751996715239 259813.7 10
1751996725342 259814.0 11
1751996735424 259814.3 12
1751996745553 259814.6 13
1751996755674 259814.8 14
1751996765764 259815.1 15
1751996775861 259821.7 16
1751996785991 259821.8 17
1751996796087 259817.9 18
1751996806179 259819.6 19
