1751996614255 763584.8 0
1751996624355 763583.9 1
1751996634449 763583.8 2
1751996644539 763583.4 3
1751996654638 763582.5 4
1751996664727 763580.7 5
1751996674818 763580.8 6
1751996684924 763580.5 7
1751996695014 763579.4 8
1751996705117 763580.2 9
1751996715239 763579.9 10
1751996725342 763579.6 11
1751996735424 763579.3 12
1751996745553 763579.0 13
1751996755674 763578.9 14
1751996765764 763578.5 15
1751996775861 763571.9 16
1751996785991 763571.8 17
1751996796087 763575.7 18
1751996806179 763574.1 19
