1751996614255 0.0 0
1751996624355 0.016787999999991143 1
1751996634449 0.018053999999978032 2
1751996644539 0.08452099999999518 3
1751996654638 0.31571199999999067 4
1751996664727 2.025673999999981 5
1751996674818 2.0345820000000003 6
1751996684924 2.049831999999981 7
1751996695014 2.052785 8
1751996705117 2.088144 9
1751996715239 2.129660000000001 10
1751996725342 2.1551589999999976 11
1751996735424 2.1901909999999987 12
1751996745553 2.2403089999999963 13
1751996755674 2.241496999999981 14
1751996765764 2.2565060000000017 15
1751996775861 2.2809179999999856 16
1751996785991 2.283952999999997 17
1751996796087 2.308121 18
1751996806179 2.5525889999999833 19
