1751996614255 0.0 0
1751996624355 0.02198600000000006 1
1751996634449 0.023775000000000546 2
1751996644539 0.10059700000000049 3
1751996654638 0.2070330000000009 4
1751996664727 0.41632900000000106 5
1751996674818 0.42821400000000054 6
1751996684924 0.44706000000000046 7
1751996695014 0.4521309999999996 8
1751996705117 0.49866800000000033 9
1751996715239 0.5716920000000005 10
1751996725342 0.6099200000000007 11
1751996735424 0.6353850000000012 12
1751996745553 0.6781360000000003 13
1751996755674 0.6798450000000003 14
1751996765764 0.7003889999999995 15
1751996775861 0.7252700000000001 16
1751996785991 0.7288290000000011 17
1751996796087 0.7842890000000011 18
1751996806179 1.7011830000000003 19
