1752342203626 0.0 0
1752342213707 24.7 1
1752342223856 44.5 2
1752342233999 49.1 3
1752342244138 51.7 4
1752342254278 51.6 5
1752342264439 52.3 6
1752342274562 48.5 7
1752342284735 46.0 8
1752342295137 45.9 9
1752342305552 54.8 10
1752342315685 63.2 11
1752342325867 61.4 12
1752342336086 44.9 13
1752342346215 44.0 14
1752342356315 43.3 15
1752342366444 45.8 16
1752342376575 43.7 17
1752342386728 43.6 18
1752342396916 44.6 19
1752342407021 43.7 20
1752342417093 42.7 21
1752342427188 44.4 22
1752342437260 29.4 23
1752342447369 33.4 24
1752342457475 45.3 25
1752342467554 44.4 26
1752342477656 42.7 27
1752342487764 42.3 28
1752342497954 43.9 29
1752342508132 43.9 30
1752342518337 42.3 31
1752342528580 43.4 32
1752342538893 42.7 33
1752342549126 49.4 34
1752342559240 44.3 35
1752342569377 45.4 36
1752342579483 48.0 37
1752342589638 49.5 38
1752342599818 45.8 39
1752342609902 44.7 40
1752342620071 43.3 41
1752342630199 42.7 42
1752342640303 42.1 43
1752342650617 42.8 44
