1752342203626 25.3 0
1752342213707 25.3 1
1752342223856 25.3 2
1752342233999 25.3 3
1752342244138 25.3 4
1752342254278 25.3 5
1752342264439 25.3 6
1752342274562 25.3 7
1752342284735 25.3 8
1752342295137 25.3 9
1752342305552 25.3 10
1752342315685 25.3 11
1752342325867 25.3 12
1752342336086 25.3 13
1752342346215 25.3 14
1752342356315 25.3 15
1752342366444 25.3 16
1752342376575 25.3 17
1752342386728 25.3 18
1752342396916 25.3 19
1752342407021 25.3 20
1752342417093 25.3 21
1752342427188 25.3 22
1752342437260 25.3 23
1752342447369 25.3 24
1752342457475 25.3 25
1752342467554 25.3 26
1752342477656 25.3 27
1752342487764 25.3 28
1752342497954 25.3 29
1752342508132 25.3 30
1752342518337 25.3 31
1752342528580 25.3 32
1752342538893 25.3 33
1752342549126 25.3 34
1752342559240 25.3 35
1752342569377 25.3 36
1752342579483 25.3 37
1752342589638 25.4 38
1752342599818 25.3 39
1752342609902 25.3 40
1752342620071 25.3 41
1752342630199 25.3 42
1752342640303 25.3 43
1752342650617 25.4 44
