1752342203626 764000.0 0
1752342213707 763994.1 1
1752342223856 763992.6 2
1752342233999 763992.4 3
1752342244138 763991.6 4
1752342254278 763986.6 5
1752342264439 763986.1 6
1752342274562 763986.1 7
1752342284735 763986.1 8
1752342295137 763983.8 9
1752342305552 763983.5 10
1752342315685 763978.3 11
1752342325867 763978.3 12
1752342336086 763978.3 13
1752342346215 763978.3 14
1752342356315 763977.3 15
1752342366444 763977.3 16
1752342376575 763977.0 17
1752342386728 763977.0 18
1752342396916 763977.0 19
1752342407021 763977.0 20
1752342417093 763977.0 21
1752342427188 763976.9 22
1752342437260 763976.9 23
1752342447369 763976.9 24
1752342457475 763976.9 25
1752342467554 763976.9 26
1752342477656 763976.9 27
1752342487764 763976.8 28
1752342497954 763976.8 29
1752342508132 763976.9 30
1752342518337 763976.7 31
1752342528580 763976.7 32
1752342538893 763976.7 33
1752342549126 763976.5 34
1752342559240 763975.3 35
1752342569377 763975.3 36
1752342579483 763974.2 37
1752342589638 763943.6 38
1752342599818 763964.0 39
1752342609902 763963.5 40
1752342620071 763963.6 41
1752342630199 763963.5 42
1752342640303 763963.4 43
1752342650617 763962.9 44
