1752342203626 259393.6 0
1752342213707 259399.5 1
1752342223856 259401.1 2
1752342233999 259401.2 3
1752342244138 259402.0 4
1752342254278 259407.0 5
1752342264439 259407.5 6
1752342274562 259407.5 7
1752342284735 259407.5 8
1752342295137 259409.8 9
1752342305552 259410.1 10
1752342315685 259415.3 11
1752342325867 259415.3 12
1752342336086 259415.3 13
1752342346215 259415.3 14
1752342356315 259416.3 15
1752342366444 259416.3 16
1752342376575 259416.6 17
1752342386728 259416.6 18
1752342396916 259416.6 19
1752342407021 259416.6 20
1752342417093 259416.6 21
1752342427188 259416.7 22
1752342437260 259416.7 23
1752342447369 259416.8 24
1752342457475 259416.7 25
1752342467554 259416.7 26
1752342477656 259416.7 27
1752342487764 259416.8 28
1752342497954 259416.8 29
1752342508132 259416.8 30
1752342518337 259416.9 31
1752342528580 259416.9 32
1752342538893 259416.9 33
1752342549126 259417.1 34
1752342559240 259418.3 35
1752342569377 259418.3 36
1752342579483 259419.4 37
1752342589638 259450.0 38
1752342599818 259429.6 39
1752342609902 259430.1 40
1752342620071 259430.0 41
1752342630199 259430.1 42
1752342640303 259430.2 43
1752342650617 259430.7 44
