1752342203626 5.999999999772854e-05 0
1752342213707 0.017904000000001474 1
1752342223856 0.07791399999999982 2
1752342233999 0.1401299999999992 3
1752342244138 0.17909499999999667 4
1752342254278 0.37582199999999943 5
1752342264439 1.0024129999999971 6
1752342274562 1.0703299999999984 7
1752342284735 1.088476 8
1752342295137 1.119220999999996 9
1752342305552 1.1588980000000006 10
1752342315685 1.1723160000000021 11
1752342325867 1.186327999999996 12
1752342336086 1.198081000000002 13
1752342346215 1.2148850000000024 14
1752342356315 1.2272040000000004 15
1752342366444 1.2559789999999964 16
1752342376575 1.2925740000000019 17
1752342386728 1.3636569999999963 18
1752342396916 1.3872089999999986 19
1752342407021 1.4088530000000006 20
1752342417093 1.4117740000000012 21
1752342427188 1.4998489999999975 22
1752342437260 1.5215910000000008 23
1752342447369 1.544635999999997 24
1752342457475 1.5569130000000015 25
1752342467554 1.5828950000000006 26
1752342477656 1.6010300000000015 27
1752342487764 1.6195140000000023 28
1752342497954 1.6339889999999997 29
1752342508132 1.6469260000000006 30
1752342518337 1.6594279999999983 31
1752342528580 1.6727259999999973 32
1752342538893 1.674714999999999 33
1752342549126 1.7075519999999997 34
1752342559240 1.739613999999996 35
1752342569377 2.5477670000000003 36
1752342579483 11.302673999999996 37
1752342589638 25.86578 38
1752342599818 29.061097000000004 39
1752342609902 29.083996 40
1752342620071 29.093199999999996 41
1752342630199 29.117287000000005 42
1752342640303 29.128664 43
1752342650617 29.145229999999998 44
