1752342203626 0.0 0
1752342213707 0.0328749999999971 1
1752342223856 0.09463099999999969 2
1752342233999 0.15243099999999998 3
1752342244138 0.1879909999999967 4
1752342254278 0.4698009999999968 5
1752342264439 0.7441109999999966 6
1752342274562 0.8506769999999975 7
1752342284735 0.8775519999999979 8
1752342295137 0.8963919999999987 9
1752342305552 0.9423379999999995 10
1752342315685 0.9741669999999978 11
1752342325867 0.9939479999999996 12
1752342336086 1.008305 13
1752342346215 1.021260999999999 14
1752342356315 1.0368939999999967 15
1752342366444 1.0743369999999999 16
1752342376575 1.0894339999999971 17
1752342386728 1.1184509999999968 18
1752342396916 1.141105999999997 19
1752342407021 1.1615469999999988 20
1752342417093 1.164983999999997 21
1752342427188 1.1711789999999986 22
1752342437260 1.1831619999999994 23
1752342447369 1.2149509999999992 24
1752342457475 1.2239289999999983 25
1752342467554 1.2422599999999981 26
1752342477656 1.2566099999999985 27
1752342487764 1.2659719999999979 28
1752342497954 1.2751739999999998 29
1752342508132 1.295807 30
1752342518337 1.3129829999999991 31
1752342528580 1.3279959999999988 32
1752342538893 1.3312339999999985 33
1752342549126 1.3881399999999964 34
1752342559240 1.414518999999995 35
1752342569377 1.4565449999999949 36
1752342579483 1.5236079999999994 37
1752342589638 1.6250430000000016 38
1752342599818 1.6692149999999977 39
1752342609902 1.7113149999999955 40
1752342620071 1.722339999999999 41
1752342630199 1.7403389999999952 42
1752342640303 1.7570039999999985 43
1752342650617 1.7731369999999949 44
