1752342203626 13623.1 0
1752342213707 14380.5 1
1752342223856 14595.7 2
1752342233999 14966.4 3
1752342244138 14420.9 4
1752342254278 14784.2 5
1752342264439 14474.5 6
1752342274562 14524.3 7
1752342284735 14476.9 8
1752342295137 14515.1 9
1752342305552 15214.9 10
1752342315685 15290.9 11
1752342325867 14787.7 12
1752342336086 14500.8 13
1752342346215 14310.2 14
1752342356315 14727.4 15
1752342366444 14796.8 16
1752342376575 14383.1 17
1752342386728 14310.9 18
1752342396916 14288.5 19
1752342407021 14278.4 20
1752342417093 14201.9 21
1752342427188 14663.8 22
1752342437260 14208.1 23
1752342447369 14303.5 24
1752342457475 14431.9 25
1752342467554 14225.0 26
1752342477656 14015.7 27
1752342487764 14426.7 28
1752342497954 14415.5 29
1752342508132 14335.4 30
1752342518337 14215.5 31
1752342528580 14219.8 32
1752342538893 14206.0 33
1752342549126 14620.2 34
1752342559240 14217.0 35
1752342569377 14597.3 36
1752342579483 14292.9 37
1752342589638 14434.7 38
1752342599818 14259.2 39
1752342609902 14672.0 40
1752342620071 14409.8 41
1752342630199 14287.8 42
1752342640303 14270.0 43
1752342650617 14262.1 44
