1752342203626 40.0 0
1752342213707 42.3 1
1752342223856 42.9 2
1752342233999 44.0 3
1752342244138 42.4 4
1752342254278 43.4 5
1752342264439 42.5 6
1752342274562 42.7 7
1752342284735 42.5 8
1752342295137 42.7 9
1752342305552 44.7 10
1752342315685 44.9 11
1752342325867 43.5 12
1752342336086 42.6 13
1752342346215 42.1 14
1752342356315 43.3 15
1752342366444 43.5 16
1752342376575 42.3 17
1752342386728 42.1 18
1752342396916 42.0 19
1752342407021 42.0 20
1752342417093 41.7 21
1752342427188 43.1 22
1752342437260 41.8 23
1752342447369 42.0 24
1752342457475 42.4 25
1752342467554 41.8 26
1752342477656 41.2 27
1752342487764 42.4 28
1752342497954 42.4 29
1752342508132 42.1 30
1752342518337 41.8 31
1752342528580 41.8 32
1752342538893 41.7 33
1752342549126 43.0 34
1752342559240 41.8 35
1752342569377 42.9 36
1752342579483 42.0 37
1752342589638 42.4 38
1752342599818 41.9 39
1752342609902 43.1 40
1752342620071 42.3 41
1752342630199 42.0 42
1752342640303 41.9 43
1752342650617 41.9 44
