1750715288478 765035.2 0
1750715298634 765034.3 1
1750715308777 765033.8 2
1750715318889 765033.0 3
1750715329008 765033.0 4
1750715339116 765032.8 5
1750715349209 765032.5 6
1750715359304 765032.5 7
1750715369441 765032.4 8
1750715379526 765032.3 9
1750715389608 765032.3 10
1750715399717 765032.2 11
1750715409824 765031.3 12
1750715419900 765030.6 13
1750715430004 765030.6 14
1750715440093 765030.6 15
1750715450283 765030.6 16
1750715460381 765030.6 17
1750715470505 765030.6 18
1750715480616 765030.5 19
1750715490677 765030.5 20
