1750715288478 258358.4 0
1750715298634 258359.3 1
1750715308777 258359.8 2
1750715318889 258360.7 3
1750715329008 258360.7 4
1750715339116 258360.8 5
1750715349209 258361.1 6
1750715359304 258361.1 7
1750715369441 258361.3 8
1750715379526 258361.3 9
1750715389608 258361.3 10
1750715399717 258361.4 11
1750715409824 258362.3 12
1750715419900 258363.0 13
1750715430004 258363.0 14
1750715440093 258363.1 15
1750715450283 258363.0 16
1750715460381 258363.0 17
1750715470505 258363.0 18
1750715480616 258363.1 19
1750715490677 258363.1 20
