1750715288478 0.0 0
1750715298634 0.33368300000006457 1
1750715308777 0.5811500000000933 2
1750715318889 0.7487020000000939 3
1750715329008 1.0971270000000004 4
1750715339116 1.2312239999999974 5
1750715349209 1.3773100000000795 6
1750715359304 1.4296980000000303 7
1750715369441 1.5824150000000827 8
1750715379526 1.7439330000000837 9
1750715389608 1.8948880000000372 10
1750715399717 2.0529510000000073 11
1750715409824 2.4476210000000265 12
1750715419900 2.605378000000087 13
1750715430004 2.809692000000041 14
1750715440093 3.0045070000001033 15
1750715450283 3.185497000000055 16
1750715460381 3.299510000000055 17
1750715470505 3.4617660000000114 18
1750715480616 3.5281490000000986 19
1750715490677 3.6517430000000104 20
