1750715288478 0.00018000000000029104 0
1750715298634 1.0194589999999835 1
1750715308777 1.169286999999997 2
1750715318889 1.2223840000000337 3
1750715329008 1.612954000000002 4
1750715339116 1.6323919999999816 5
1750715349209 1.6717310000000225 6
1750715359304 1.7125639999999862 7
1750715369441 1.7480990000000247 8
1750715379526 1.815731000000028 9
1750715389608 1.880738000000008 10
1750715399717 1.9277620000000297 11
1750715409824 2.5329459999999813 12
1750715419900 3.0105290000000196 13
1750715430004 3.090828999999985 14
1750715440093 3.177925000000016 15
1750715450283 3.3398940000000152 16
1750715460381 3.3496529999999893 17
1750715470505 3.3940559999999778 18
1750715480616 3.452956000000029 19
1750715490677 3.470371 20
