1750715288478 24820.8 0
1750715298634 25102.5 1
1750715308777 25224.1 2
1750715318889 25481.4 3
1750715329008 25504.7 4
1750715339116 25392.7 5
1750715349209 25421.2 6
1750715359304 25397.7 7
1750715369441 25457.5 8
1750715379526 25531.5 9
1750715389608 25527.3 10
1750715399717 25590.9 11
1750715409824 25704.7 12
1750715419900 26402.0 13
1750715430004 26188.1 14
1750715440093 26188.7 15
1750715450283 26225.5 16
1750715460381 26232.4 17
1750715470505 26281.3 18
1750715480616 25071.5 19
1750715490677 24456.1 20
