1750646602713 0.0 0
1750646612863 23.1 1
1750646622987 37.2 2
1750646633078 36.8 3
1750646643186 37.3 4
1750646653286 37.4 5
1750646663391 35.4 6
1750646673501 33.3 7
1750646683578 34.3 8
1750646693692 39.5 9
1750646703791 39.9 10
1750646713891 33.7 11
1750646723983 41.0 12
1750646734081 36.2 13
1750646744239 31.7 14
1750646754322 26.2 15
1750646764415 31.9 16
1750646774512 26.3 17
1750646784642 30.9 18
1750646794744 25.4 19
1750646804822 35.1 20
1750646815243 33.6 21
1750646825351 27.7 22
1750646835855 26.6 23
1750646845944 42.8 24
1750646856033 33.8 25
1750646866166 40.7 26
1750646876290 35.3 27
1750646886398 47.4 28
1750646896474 37.4 29
1750646906549 11.1 30
1750646916621 12.8 31
1750646926715 10.1 32
