1750646602713 257833.9 0
1750646612863 257834.3 1
1750646622987 257834.3 2
1750646633078 257834.3 3
1750646643186 257834.3 4
1750646653286 257834.3 5
1750646663391 257834.5 6
1750646673501 257834.5 7
1750646683578 257834.5 8
1750646693692 257834.6 9
1750646703791 257834.7 10
1750646713891 257834.7 11
1750646723983 257834.6 12
1750646734081 257834.6 13
1750646744239 257834.6 14
1750646754322 257834.6 15
1750646764415 257834.6 16
1750646774512 257834.6 17
1750646784642 257834.5 18
1750646794744 257834.5 19
1750646804822 257834.5 20
1750646815243 257834.5 21
1750646825351 257834.5 22
1750646835855 257834.5 23
1750646845944 257834.8 24
1750646856033 257834.6 25
1750646866166 257834.6 26
1750646876290 257835.0 27
1750646886398 257834.7 28
1750646896474 257834.8 29
1750646906549 257834.8 30
1750646916621 257835.0 31
1750646926715 257835.0 32
