1750646602713 25.2 0
1750646612863 25.2 1
1750646622987 25.2 2
1750646633078 25.2 3
1750646643186 25.2 4
1750646653286 25.2 5
1750646663391 25.2 6
1750646673501 25.2 7
1750646683578 25.2 8
1750646693692 25.2 9
1750646703791 25.2 10
1750646713891 25.2 11
1750646723983 25.2 12
1750646734081 25.2 13
1750646744239 25.2 14
1750646754322 25.2 15
1750646764415 25.2 16
1750646774512 25.2 17
1750646784642 25.2 18
1750646794744 25.2 19
1750646804822 25.2 20
1750646815243 25.2 21
1750646825351 25.2 22
1750646835855 25.2 23
1750646845944 25.2 24
1750646856033 25.2 25
1750646866166 25.2 26
1750646876290 25.2 27
1750646886398 25.2 28
1750646896474 25.2 29
1750646906549 25.2 30
1750646916621 25.2 31
1750646926715 25.2 32
