1750646602713 765559.7 0
1750646612863 765559.3 1
1750646622987 765559.3 2
1750646633078 765559.3 3
1750646643186 765559.3 4
1750646653286 765559.3 5
1750646663391 765559.1 6
1750646673501 765559.1 7
1750646683578 765559.1 8
1750646693692 765559.0 9
1750646703791 765558.9 10
1750646713891 765558.9 11
1750646723983 765559.0 12
1750646734081 765559.0 13
1750646744239 765559.0 14
1750646754322 765559.0 15
1750646764415 765559.0 16
1750646774512 765559.0 17
1750646784642 765559.1 18
1750646794744 765559.1 19
1750646804822 765559.1 20
1750646815243 765559.1 21
1750646825351 765559.1 22
1750646835855 765559.1 23
1750646845944 765558.9 24
1750646856033 765559.0 25
1750646866166 765559.0 26
1750646876290 765558.7 27
1750646886398 765558.9 28
1750646896474 765558.8 29
1750646906549 765558.8 30
1750646916621 765558.7 31
1750646926715 765558.7 32
