1750646602713 0.0 0
1750646612863 0.04457599999997797 1
1750646622987 0.10558799999998314 2
1750646633078 0.13576999999997952 3
1750646643186 0.14961599999998043 4
1750646653286 0.1808889999999792 5
1750646663391 0.24898600000000215 6
1750646673501 0.27597799999998074 7
1750646683578 0.3154779999999846 8
1750646693692 0.3538379999999961 9
1750646703791 0.36710699999997587 10
1750646713891 0.37741599999998243 11
1750646723983 0.40343500000000176 12
1750646734081 0.5103099999999756 13
1750646744239 0.5200359999999762 14
1750646754322 0.5569429999999898 15
1750646764415 0.5704719999999952 16
1750646774512 0.6169160000000034 17
1750646784642 0.6571099999999888 18
1750646794744 0.6891430000000014 19
1750646804822 0.7257769999999937 20
1750646815243 0.7676649999999938 21
1750646825351 0.7883980000000008 22
1750646835855 0.8118109999999774 23
1750646845944 0.8662759999999992 24
1750646856033 0.9751320000000021 25
1750646866166 1.0469369999999856 26
1750646876290 1.0939229999999895 27
1750646886398 1.1029999999999802 28
1750646896474 1.128405999999984 29
1750646906549 1.1709539999999947 30
1750646916621 1.2555909999999812 31
1750646926715 1.283976999999993 32
