1750646602713 0.0 0
1750646612863 0.22163600000000372 1
1750646622987 0.2667250000000081 2
1750646633078 0.29910200000000486 3
1750646643186 0.3421550000000053 4
1750646653286 0.3611840000000086 5
1750646663391 0.4005110000000087 6
1750646673501 0.42756699999999626 7
1750646683578 0.4480800000000045 8
1750646693692 0.4828820000000036 9
1750646703791 0.4902129999999971 10
1750646713891 0.4927720000000022 11
1750646723983 0.5108579999999989 12
1750646734081 0.5514179999999982 13
1750646744239 0.5518679999999989 14
1750646754322 0.5905320000000103 15
1750646764415 0.5928329999999988 16
1750646774512 0.6207610000000017 17
1750646784642 0.6556489999999968 18
1750646794744 0.6707070000000073 19
1750646804822 0.6905440000000027 20
1750646815243 0.7207970000000046 21
1750646825351 0.7236730000000051 22
1750646835855 0.7260240000000096 23
1750646845944 0.7620990000000063 24
1750646856033 0.8133260000000035 25
1750646866166 0.846461000000005 26
1750646876290 0.8820150000000098 27
1750646886398 0.8831690000000094 28
1750646896474 0.8927989999999966 29
1750646906549 0.9250339999999966 30
1750646916621 1.005549000000002 31
1750646926715 1.0278480000000059 32
