1750646602713 50.4 0
1750646612863 51.0 1
1750646622987 51.1 2
1750646633078 51.1 3
1750646643186 51.2 4
1750646653286 51.5 5
1750646663391 51.6 6
1750646673501 51.7 7
1750646683578 51.7 8
1750646693692 51.6 9
1750646703791 51.7 10
1750646713891 51.8 11
1750646723983 50.7 12
1750646734081 50.9 13
1750646744239 51.0 14
1750646754322 51.3 15
1750646764415 51.3 16
1750646774512 52.2 17
1750646784642 51.9 18
1750646794744 52.2 19
1750646804822 52.5 20
1750646815243 52.5 21
1750646825351 52.6 22
1750646835855 53.0 23
1750646845944 52.9 24
1750646856033 53.3 25
1750646866166 53.4 26
1750646876290 53.5 27
1750646886398 53.2 28
1750646896474 53.2 29
1750646906549 53.5 30
1750646916621 54.0 31
1750646926715 54.3 32
