1750646602713 17134.6 0
1750646612863 17353.8 1
1750646622987 17390.5 2
1750646633078 17396.0 3
1750646643186 17429.1 4
1750646653286 17512.8 5
1750646663391 17547.2 6
1750646673501 17583.0 7
1750646683578 17600.1 8
1750646693692 17570.9 9
1750646703791 17588.0 10
1750646713891 17634.7 11
1750646723983 17249.2 12
1750646734081 17314.6 13
1750646744239 17367.6 14
1750646754322 17453.4 15
1750646764415 17463.1 16
1750646774512 17764.4 17
1750646784642 17657.6 18
1750646794744 17747.4 19
1750646804822 17873.0 20
1750646815243 17865.3 21
1750646825351 17912.1 22
1750646835855 18040.1 23
1750646845944 18005.3 24
1750646856033 18122.2 25
1750646866166 18172.4 26
1750646876290 18200.0 27
1750646886398 18094.2 28
1750646896474 18115.6 29
1750646906549 18212.0 30
1750646916621 18374.4 31
1750646926715 18485.7 32
