1750649226513 0.0 0
1750649236629 0.23721600000000365 1
1750649246723 0.2467760000000112 2
1750649257419 0.3347930000000048 3
1750649267494 0.3873099999999994 4
1750649277568 0.39746500000001106 5
1750649287684 0.4141970000000015 6
1750649297768 0.44284199999999885 7
1750649307900 0.46433199999999886 8
1750649317970 0.5020250000000033 9
1750649328089 0.5311760000000021 10
1750649338377 0.5474049999999977 11
1750649348481 0.5632010000000065 12
1750649358614 0.5902680000000089 13
1750649368754 0.6116410000000059 14
1750649378847 0.6261470000000031 15
1750649388921 0.6600820000000027 16
1750649399013 0.6666370000000086 17
