1750649226513 0.000549000000006572 0
1750649236629 0.07812999999998738 1
1750649246723 0.09161900000000855 2
1750649257419 0.16249099999998862 3
1750649267494 0.200255999999996 4
1750649277568 0.22432299999999827 5
1750649287684 0.28484900000000835 6
1750649297768 0.33680100000000834 7
1750649307900 0.3635799999999847 8
1750649317970 0.41071700000000533 9
1750649328089 0.44186500000000706 10
1750649338377 0.46744200000000546 11
1750649348481 0.5046739999999943 12
1750649358614 0.5556689999999946 13
1750649368754 0.5895610000000033 14
1750649378847 0.6217749999999853 15
1750649388921 0.6574070000000063 16
1750649399013 0.6751179999999977 17
