1729266421850 144545.4 0
1729266431919 144546.3 1
1729266442002 144546.3 2
1729266452082 144546.3 3
1729266462197 144546.2 4
1729266472266 144546.2 5
1729266482340 144546.4 6
1729266492421 144546.4 7
1729266502503 144546.4 8
1729266512583 144546.8 9
1729266522648 144546.8 10
1729266532733 144546.7 11
1729266542824 144546.7 12
1729266552915 144546.7 13
1729266562991 144546.8 14
1729266573535 144546.7 15
1729266583688 144546.8 16
1729266593801 144546.8 17
1729266603874 144546.8 18
1729266613950 144546.8 19
1729266624076 144547.0 20
