1729266421850 878848.2 0
1729266431919 878847.4 1
1729266442002 878847.4 2
1729266452082 878847.4 3
1729266462197 878847.4 4
1729266472266 878847.4 5
1729266482340 878847.2 6
1729266492421 878847.2 7
1729266502503 878847.2 8
1729266512583 878846.8 9
1729266522648 878846.8 10
1729266532733 878846.9 11
1729266542824 878846.9 12
1729266552915 878846.9 13
1729266562991 878846.8 14
1729266573535 878846.9 15
1729266583688 878846.8 16
1729266593801 878846.8 17
1729266603874 878846.8 18
1729266613950 878846.8 19
1729266624076 878846.6 20
