1729266421850 0.0 0
1729266431919 0.022288000000003194 1
1729266442002 0.07574099999999362 2
1729266452082 0.09867599999995491 3
1729266462197 0.11572799999999006 4
1729266472266 0.12491699999998218 5
1729266482340 0.14576399999998557 6
1729266492421 0.15730700000005982 7
1729266502503 0.24362900000005538 8
1729266512583 0.25674900000001344 9
1729266522648 0.279845000000023 10
1729266532733 0.2980720000000474 11
1729266542824 0.3411879999999883 12
1729266552915 0.3768000000000029 13
1729266562991 0.4590930000000526 14
1729266573535 0.4757510000000593 15
1729266583688 0.6936950000000479 16
1729266593801 1.1003440000000637 17
1729266603874 1.1616500000000087 18
1729266613950 1.1968010000000504 19
1729266624076 1.28106200000002 20
