1729266421850 0.0 0
1729266431919 0.015115000000150758 1
1729266442002 0.06029000000035012 2
1729266452082 0.07824800000025789 3
1729266462197 0.09103000000004613 4
1729266472266 0.10210600000027625 5
1729266482340 0.13136100000019724 6
1729266492421 0.1368510000002061 7
1729266502503 0.2113840000001801 8
1729266512583 0.22220800000013696 9
1729266522648 0.23241200000029494 10
1729266532733 0.2638220000003457 11
1729266542824 0.3332300000001851 12
1729266552915 0.4022570000001906 13
1729266562991 0.4588800000001356 14
1729266573535 0.47333800000023984 15
1729266583688 0.6261640000002444 16
1729266593801 0.7967280000002575 17
1729266603874 0.8501890000002277 18
1729266613950 0.8998710000000756 19
1729266624076 0.9591440000003786 20
