1729266421850 17144.4 0
1729266431919 17867.1 1
1729266442002 17580.7 2
1729266452082 17856.1 3
1729266462197 17722.7 4
1729266472266 17725.3 5
1729266482340 17590.7 6
1729266492421 17556.4 7
1729266502503 17170.6 8
1729266512583 17169.1 9
1729266522648 17452.6 10
1729266532733 17444.0 11
1729266542824 17322.9 12
1729266552915 17438.3 13
1729266562991 17446.1 14
1729266573535 17230.2 15
1729266583688 17413.8 16
1729266593801 18147.3 17
1729266603874 18040.5 18
1729266613950 18092.2 19
1729266624076 17882.8 20
