1744916109233 0.0 0
1744916119376 0.04452200000000062 1
1744916129503 0.10691099999999665 2
1744916139602 0.15064200000000483 3
1744916149688 0.1890420000000006 4
1744916159784 0.2059589999999929 5
1744916169997 0.21787899999999638 6
1744916180119 0.2705040000000025 7
1744916190232 0.30173600000000533 8
1744916200367 0.3337059999999923 9
1744916210532 0.3731169999999935 10
1744916220776 0.39136799999999994 11
1744916231553 0.42003400000000113 12
1744916241646 0.4548860000000019 13
1744916251736 0.4866489999999999 14
