1744916109233 0.0 0
1744916119376 0.03734500000001617 1
1744916129503 0.05473999999998114 2
1744916139602 0.09328299999998535 3
1744916149688 0.12255699999997205 4
1744916159784 0.14118899999999712 5
1744916169997 0.1466469999999731 6
1744916180119 0.19833899999997584 7
1744916190232 0.22595400000000154 8
1744916200367 0.25169699999997874 9
1744916210532 0.7144739999999956 10
1744916220776 0.7282940000000053 11
1744916231553 0.7492649999999799 12
1744916241646 0.7827250000000276 13
1744916251736 0.8154289999999946 14
