1750794496866 0.0043690542770423516 0
1750794503116 0.007253264623954947 1
1750794508891 0.00803345898745554 2
1750794513760 0.004004377320184863 3
1750794518881 0.007187430726658843 4
1750794523608 0.005225705656894938 5
1750794528568 0.0062427391515287815 6
1750794535001 0.0077200166194550165 7
1750794540825 0.00555083779998722 8
1750794549988 0.008602004635050677 9
1750794565171 0.009202289592449103 10
1750794576462 0.007047526073972512 11
1750794588562 0.00827654286229367 12
1750794601262 0.008294937049304571 13
1750794615451 0.00602602301010822 14
1750794621494 0.008472004761933986 15
1750794634748 0.006131177988962069 16
1750794641999 0.010152871916675682 17
1750794650750 0.0403909283439059 18
1750794661667 0.008043134147993783 19
1750794671037 0.008166147512918193 20
1750794676724 0.010481146513282878 21
1750794718588 0.03446129790661011 22
1750794731240 0.05920545599529567 23
1750794743179 0.02006292713752884 24
