1752688928309 6.800000005569018e-05 0
1752688938447 0.027786999999989348 1
1752688948563 0.034578000000010434 2
1752688958748 0.044127000000003136 3
1752688968851 0.0713940000000548 4
1752688978972 0.10944700000004559 5
1752688989145 0.11285099999997783 6
1752688999364 0.13705800000002455 7
1752689009470 0.15239900000005946 8
1752689019622 0.15963599999997768 9
1752689029755 0.19666300000005776 10
1752689039853 0.21313199999997323 11
1752689049996 0.22356300000001283 12
1752689060208 0.26764700000001085 13
1752689070522 0.2732260000000224 14
