1752688928309 0.0 0
1752688938447 0.0564019999999914 1
1752688948563 0.06624199999998837 2
1752688958748 0.076564999999988 3
1752688968851 0.1552329999999813 4
1752688978972 0.32481099999998264 5
1752688989145 0.32820599999999445 6
1752688999364 0.3462459999999794 7
1752689009470 0.3602369999999837 8
1752689019622 0.3659459999999797 9
1752689029755 0.4125669999999957 10
1752689039853 0.4362029999999777 11
1752689049996 0.4511129999999923 12
1752689060208 0.48634400000000255 13
1752689070522 0.49067700000000514 14
