1752005935856 0.0 0
1752005946018 25.5 1
1752005956172 32.9 2
1752005966314 29.8 3
1752005976867 27.8 4
1752005987766 42.6 5
1752005997973 42.6 6
1752006008234 43.8 7
1752006018529 43.1 8
1752006028759 46.4 9
1752006039060 45.5 10
1752006049260 43.4 11
1752006059741 39.1 12
1752006070046 42.6 13
1752006080244 39.0 14
1752006090481 40.6 15
1752006100722 39.2 16
1752006110942 43.4 17
1752006121192 49.7 18
1752006132055 46.4 19
1752006142219 45.1 20
1752006152398 43.6 21
1752006162586 47.3 22
1752006172797 41.8 23
1752006182930 41.4 24
1752006193026 42.2 25
1752006203189 43.5 26
1752006213457 43.9 27
1752006223631 43.5 28
1752006233853 39.8 29
1752006244490 51.6 30
1752006254706 52.9 31
1752006264919 43.3 32
1752006275050 40.1 33
1752006285153 36.8 34
1752006295375 37.1 35
1752006306614 38.4 36
1752006316736 31.3 37
1752006326996 39.8 38
1752006337245 41.3 39
1752006347433 39.5 40
1752006357618 41.0 41
1752006367832 38.4 42
1752006377962 42.2 43
1752006388113 28.8 44
1752006398303 38.2 45
1752006408713 29.8 46
1752006418882 29.0 47
1752006429058 36.3 48
1752006439190 39.2 49
1752006449279 17.3 50
1752006459386 15.2 51
1752006469946 9.5 52
1752006480053 8.5 53
1752006490206 11.5 54
1752006500734 14.0 55
1752006511146 17.6 56
