1752005935856 763419.1 0
1752005946018 763419.0 1
1752005956172 763418.0 2
1752005966314 763417.9 3
1752005976867 763417.4 4
1752005987766 763417.4 5
1752005997973 763417.4 6
1752006008234 763417.3 7
1752006018529 763417.2 8
1752006028759 763417.2 9
1752006039060 763417.1 10
1752006049260 763417.0 11
1752006059741 763412.3 12
1752006070046 763408.8 13
1752006080244 763406.8 14
1752006090481 763406.2 15
1752006100722 763406.1 16
1752006110942 763406.1 17
1752006121192 763406.1 18
1752006132055 763405.9 19
1752006142219 763408.6 20
1752006152398 763404.3 21
1752006162586 763404.3 22
1752006172797 763404.3 23
1752006182930 763404.3 24
1752006193026 763404.3 25
1752006203189 763404.3 26
1752006213457 763404.2 27
1752006223631 763404.0 28
1752006233853 763404.0 29
1752006244490 763403.1 30
1752006254706 763402.1 31
1752006264919 763401.8 32
1752006275050 763399.2 33
1752006285153 763399.1 34
1752006295375 763398.4 35
1752006306614 763396.1 36
1752006316736 763396.4 37
1752006326996 763394.7 38
1752006337245 763392.4 39
1752006347433 763390.6 40
1752006357618 763390.3 41
1752006367832 763388.8 42
1752006377962 763388.7 43
1752006388113 763385.7 44
1752006398303 763384.9 45
1752006408713 763383.4 46
1752006418882 763381.9 47
1752006429058 763380.5 48
1752006439190 763379.3 49
1752006449279 763379.0 50
1752006459386 763378.6 51
1752006469946 763378.6 52
1752006480053 763378.6 53
1752006490206 763378.6 54
1752006500734 763378.4 55
1752006511146 763378.4 56
