1752005935856 259974.5 0
1752005946018 259974.6 1
1752005956172 259975.6 2
1752005966314 259975.7 3
1752005976867 259976.2 4
1752005987766 259976.2 5
1752005997973 259976.2 6
1752006008234 259976.3 7
1752006018529 259976.4 8
1752006028759 259976.4 9
1752006039060 259976.5 10
1752006049260 259976.6 11
1752006059741 259981.3 12
1752006070046 259984.8 13
1752006080244 259986.8 14
1752006090481 259987.4 15
1752006100722 259987.5 16
1752006110942 259987.5 17
1752006121192 259987.6 18
1752006132055 259987.7 19
1752006142219 259985.0 20
1752006152398 259989.3 21
1752006162586 259989.3 22
1752006172797 259989.3 23
1752006182930 259989.3 24
1752006193026 259989.3 25
1752006203189 259989.3 26
1752006213457 259989.4 27
1752006223631 259989.6 28
1752006233853 259989.7 29
1752006244490 259990.5 30
1752006254706 259991.5 31
1752006264919 259991.8 32
1752006275050 259994.4 33
1752006285153 259994.5 34
1752006295375 259995.2 35
1752006306614 259997.5 36
1752006316736 259997.2 37
1752006326996 259998.9 38
1752006337245 260001.3 39
1752006347433 260003.0 40
1752006357618 260003.3 41
1752006367832 260004.8 42
1752006377962 260004.9 43
1752006388113 260007.9 44
1752006398303 260008.7 45
1752006408713 260010.2 46
1752006418882 260011.8 47
1752006429058 260013.1 48
1752006439190 260014.4 49
1752006449279 260014.6 50
1752006459386 260015.1 51
1752006469946 260015.1 52
1752006480053 260015.1 53
1752006490206 260015.1 54
1752006500734 260015.2 55
1752006511146 260015.2 56
