1752005935856 25.4 0
1752005946018 25.4 1
1752005956172 25.4 2
1752005966314 25.4 3
1752005976867 25.4 4
1752005987766 25.4 5
1752005997973 25.4 6
1752006008234 25.4 7
1752006018529 25.4 8
1752006028759 25.4 9
1752006039060 25.4 10
1752006049260 25.4 11
1752006059741 25.4 12
1752006070046 25.4 13
1752006080244 25.4 14
1752006090481 25.4 15
1752006100722 25.4 16
1752006110942 25.4 17
1752006121192 25.4 18
1752006132055 25.4 19
1752006142219 25.4 20
1752006152398 25.4 21
1752006162586 25.4 22
1752006172797 25.4 23
1752006182930 25.4 24
1752006193026 25.4 25
1752006203189 25.4 26
1752006213457 25.4 27
1752006223631 25.4 28
1752006233853 25.4 29
1752006244490 25.4 30
1752006254706 25.4 31
1752006264919 25.4 32
1752006275050 25.4 33
1752006285153 25.4 34
1752006295375 25.4 35
1752006306614 25.4 36
1752006316736 25.4 37
1752006326996 25.4 38
1752006337245 25.4 39
1752006347433 25.4 40
1752006357618 25.4 41
1752006367832 25.4 42
1752006377962 25.4 43
1752006388113 25.4 44
1752006398303 25.4 45
1752006408713 25.4 46
1752006418882 25.4 47
1752006429058 25.4 48
1752006439190 25.4 49
1752006449279 25.4 50
1752006459386 25.4 51
1752006469946 25.4 52
1752006480053 25.4 53
1752006490206 25.4 54
1752006500734 25.4 55
1752006511146 25.4 56
