1752005935856 0.0 0
1752005946018 0.0836800000000153 1
1752005956172 0.35658800000001634 2
1752005966314 0.3748920000000169 3
1752005976867 0.4289890000000014 4
1752005987766 0.45844900000000166 5
1752005997973 0.48847700000001737 6
1752006008234 0.5224190000000135 7
1752006018529 0.6437090000000012 8
1752006028759 0.6838110000000199 9
1752006039060 1.050499000000002 10
1752006049260 1.4104320000000143 11
1752006059741 1.6492190000000164 12
1752006070046 1.8440180000000055 13
1752006080244 2.290853999999996 14
1752006090481 2.789791000000008 15
1752006100722 2.898939000000013 16
1752006110942 2.9042149999999936 17
1752006121192 2.9847939999999937 18
1752006132055 3.076705000000004 19
1752006142219 3.097387999999995 20
1752006152398 3.1750849999999957 21
1752006162586 3.192760000000021 22
1752006172797 3.2157469999999932 23
1752006182930 3.258060999999998 24
1752006193026 3.2771749999999997 25
1752006203189 3.287573000000009 26
1752006213457 3.3158490000000143 27
1752006223631 3.3499330000000214 28
1752006233853 3.4810390000000098 29
1752006244490 3.854742000000016 30
1752006254706 4.8010050000000035 31
1752006264919 5.27700200000001 32
1752006275050 6.218380999999994 33
1752006285153 7.023944999999998 34
1752006295375 7.349716000000001 35
1752006306614 7.581085000000002 36
1752006316736 7.905279000000007 37
1752006326996 8.776431000000002 38
1752006337245 10.089747000000017 39
1752006347433 10.793454999999994 40
1752006357618 11.056211000000019 41
1752006367832 11.555599 42
1752006377962 12.094542000000018 43
1752006388113 12.136285000000015 44
1752006398303 12.623582999999996 45
1752006408713 13.012605000000008 46
1752006418882 13.51885200000001 47
1752006429058 14.454436000000015 48
1752006439190 15.557485000000014 49
1752006449279 16.214911999999998 50
1752006459386 16.604220999999995 51
1752006469946 16.709576999999996 52
1752006480053 16.808070000000015 53
1752006490206 16.867514 54
1752006500734 17.398818000000006 55
1752006511146 17.410369000000003 56
