1752005935856 0.0 0
1752005946018 0.22076900000001842 1
1752005956172 0.4127600000000484 2
1752005966314 0.5923709999999573 3
1752005976867 0.7839589999999816 4
1752005987766 0.9593790000000126 5
1752005997973 1.168358000000012 6
1752006008234 1.3707140000000209 7
1752006018529 1.5854359999999588 8
1752006028759 1.7894840000000158 9
1752006039060 2.0604849999999715 10
1752006049260 2.339283000000023 11
1752006059741 2.6434040000000323 12
1752006070046 6.451261000000045 13
1752006080244 7.04561799999999 14
1752006090481 7.412090000000035 15
1752006100722 7.5958120000000235 16
1752006110942 7.766515000000027 17
1752006121192 8.043291999999951 18
1752006132055 8.068086999999991 19
1752006142219 8.209043999999949 20
1752006152398 8.741419999999948 21
1752006162586 8.763738999999987 22
1752006172797 8.79410299999995 23
1752006182930 8.844289000000003 24
1752006193026 8.859279000000015 25
1752006203189 8.874638000000004 26
1752006213457 8.894513999999958 27
1752006223631 8.922252999999955 28
1752006233853 8.944717999999966 29
1752006244490 9.26146099999994 30
1752006254706 9.484654999999975 31
1752006264919 9.582554999999957 32
1752006275050 9.711901000000012 33
1752006285153 9.878995000000032 34
1752006295375 10.191656999999964 35
1752006306614 11.571941000000038 36
1752006316736 11.636017000000038 37
1752006326996 11.890462999999954 38
1752006337245 12.074572999999987 39
1752006347433 12.245315000000005 40
1752006357618 12.290251000000012 41
1752006367832 12.432331999999974 42
1752006377962 12.471892000000025 43
1752006388113 12.491757000000007 44
1752006398303 12.744065999999975 45
1752006408713 12.818632999999977 46
1752006418882 13.174824999999942 47
1752006429058 13.446092000000021 48
1752006439190 13.791152000000011 49
1752006449279 13.952148999999963 50
1752006459386 14.172316000000023 51
1752006469946 14.202116000000046 52
1752006480053 14.229199999999992 53
1752006490206 14.263757999999939 54
1752006500734 14.430390999999986 55
1752006511146 14.441326000000004 56
