1752005935856 56.1 0
1752005946018 56.5 1
1752005956172 56.6 2
1752005966314 56.4 3
1752005976867 57.3 4
1752005987766 57.6 5
1752005997973 57.9 6
1752006008234 58.3 7
1752006018529 58.7 8
1752006028759 58.8 9
1752006039060 59.6 10
1752006049260 59.8 11
1752006059741 60.2 12
1752006070046 60.1 13
1752006080244 60.7 14
1752006090481 61.0 15
1752006100722 61.2 16
1752006110942 61.4 17
1752006121192 62.5 18
1752006132055 62.6 19
1752006142219 62.8 20
1752006152398 63.3 21
1752006162586 63.3 22
1752006172797 63.8 23
1752006182930 63.9 24
1752006193026 64.0 25
1752006203189 64.1 26
1752006213457 64.5 27
1752006223631 63.8 28
1752006233853 64.1 29
1752006244490 65.7 30
1752006254706 66.0 31
1752006264919 66.7 32
1752006275050 66.7 33
1752006285153 66.0 34
1752006295375 67.4 35
1752006306614 67.7 36
1752006316736 68.1 37
1752006326996 68.2 38
1752006337245 68.7 39
1752006347433 69.1 40
1752006357618 69.4 41
1752006367832 70.1 42
1752006377962 70.6 43
1752006388113 70.6 44
1752006398303 60.0 45
1752006408713 59.6 46
1752006418882 60.2 47
1752006429058 61.2 48
1752006439190 61.0 49
1752006449279 61.3 50
1752006459386 61.6 51
1752006469946 61.9 52
1752006480053 62.0 53
1752006490206 62.4 54
1752006500734 63.1 55
1752006511146 63.2 56
