1752005935856 19087.7 0
1752005946018 19237.1 1
1752005956172 19268.6 2
1752005966314 19196.7 3
1752005976867 19508.8 4
1752005987766 19593.6 5
1752005997973 19699.7 6
1752006008234 19849.3 7
1752006018529 19975.6 8
1752006028759 20019.0 9
1752006039060 20275.4 10
1752006049260 20347.0 11
1752006059741 20494.7 12
1752006070046 20467.2 13
1752006080244 20640.5 14
1752006090481 20772.2 15
1752006100722 20842.0 16
1752006110942 20886.3 17
1752006121192 21258.2 18
1752006132055 21303.8 19
1752006142219 21364.3 20
1752006152398 21535.8 21
1752006162586 21547.1 22
1752006172797 21695.4 23
1752006182930 21755.9 24
1752006193026 21778.7 25
1752006203189 21808.5 26
1752006213457 21937.7 27
1752006223631 21711.3 28
1752006233853 21799.5 29
1752006244490 22351.8 30
1752006254706 22461.5 31
1752006264919 22705.3 32
1752006275050 22686.3 33
1752006285153 22457.8 34
1752006295375 22940.0 35
1752006306614 23051.0 36
1752006316736 23171.2 37
1752006326996 23222.0 38
1752006337245 23386.8 39
1752006347433 23519.3 40
1752006357618 23604.2 41
1752006367832 23846.4 42
1752006377962 24020.5 43
1752006388113 24028.5 44
1752006398303 20400.8 45
1752006408713 20286.5 46
1752006418882 20491.5 47
1752006429058 20839.2 48
1752006439190 20752.0 49
1752006449279 20857.0 50
1752006459386 20957.9 51
1752006469946 21054.8 52
1752006480053 21092.9 53
1752006490206 21223.9 54
1752006500734 21470.0 55
1752006511146 21493.2 56
