1721415204937 0.00016702764462448794 0
1721415220441 4.061326370535196e-05 1
1721415238442 0.00017454889031230734 2
1721415260645 0.00020864878854259792 3
1721415285846 1.1800749750003932e-05 4
1721415316033 1.734357916036814e-05 5
1721415359158 9.053181123005883e-05 6
1721415381761 0.00034911598392437616 7
1721415394380 1.7583569822074512e-05 8
1721415411526 9.734053933755163e-05 9
1721415438703 0.00011871321240604497 10
1721415454237 2.8348591104515098e-05 11
1721415477761 2.5565891930904033e-05 12
1721415533279 0.00014661104379415317 13
1721415537616 3.0089223412825162e-05 14
