1750684504761 0.0 0
1750684514900 19.9 1
1750684525039 32.9 2
1750684535179 32.4 3
1750684545262 30.1 4
1750684555363 28.0 5
1750684565441 24.2 6
1750684575527 35.8 7
1750684585607 33.4 8
1750684595713 34.2 9
1750684605837 42.2 10
1750684615916 45.0 11
1750684626051 31.8 12
1750684636209 37.6 13
1750684646332 32.5 14
1750684656464 46.5 15
1750684666608 22.5 16
1750684676753 33.7 17
1750684686902 33.4 18
1750684697028 34.8 19
1750684707146 33.4 20
1750684717305 34.9 21
1750684727409 43.4 22
1750684737546 34.0 23
1750684747695 44.5 24
1750684757824 37.6 25
1750684767945 33.2 26
1750684778089 34.3 27
1750684788210 42.0 28
1750684798340 34.8 29
1750684808467 37.3 30
1750684818747 36.0 31
1750684828845 40.6 32
1750684838972 25.0 33
1750684849118 22.8 34
1750684859258 33.0 35
1750684869411 23.0 36
1750684879667 31.4 37
1750684890311 33.2 38
1750684900418 22.7 39
1750684910530 25.9 40
1750684920632 22.9 41
1750684930706 26.6 42
1750684940831 29.8 43
1750684950940 24.3 44
1750684961044 26.6 45
1750688601118 28.4 46
1750688611217 0.2 47
1750688621313 30.5 48
1750688631410 16.5 49
1750688641762 11.7 50
1750688651861 20.9 51
1750688661928 22.2 52
