1750684504761 765443.0 0
1750684514900 765442.6 1
1750684525039 765442.6 2
1750684535179 765442.7 3
1750684545262 765442.6 4
1750684555363 765442.6 5
1750684565441 765442.9 6
1750684575527 765442.9 7
1750684585607 765442.9 8
1750684595713 765442.9 9
1750684605837 765443.9 10
1750684615916 765443.9 11
1750684626051 765443.8 12
1750684636209 765443.9 13
1750684646332 765443.9 14
1750684656464 765443.9 15
1750684666608 765443.9 16
1750684676753 765443.9 17
1750684686902 765443.7 18
1750684697028 765443.6 19
1750684707146 765443.6 20
1750684717305 765443.6 21
1750684727409 765443.7 22
1750684737546 765443.7 23
1750684747695 765443.7 24
1750684757824 765443.7 25
1750684767945 765443.5 26
1750684778089 765443.5 27
1750684788210 765443.2 28
1750684798340 765443.2 29
1750684808467 765442.7 30
1750684818747 765442.7 31
1750684828845 765441.8 32
1750684838972 765441.8 33
1750684849118 765441.8 34
1750684859258 765441.7 35
1750684869411 765441.6 36
1750684879667 765441.6 37
1750684890311 765441.6 38
1750684900418 765441.6 39
1750684910530 765441.6 40
1750684920632 765441.6 41
1750684930706 765441.6 42
1750684940831 765441.6 43
1750684950940 765441.5 44
1750684961044 765441.5 45
1750688601118 765441.3 46
1750688611217 765442.7 47
1750688621313 765433.4 48
1750688631410 765405.5 49
1750688641762 765431.5 50
1750688651861 765424.7 51
1750688661928 765420.7 52
