1750684504761 25.2 0
1750684514900 25.2 1
1750684525039 25.2 2
1750684535179 25.2 3
1750684545262 25.2 4
1750684555363 25.2 5
1750684565441 25.2 6
1750684575527 25.2 7
1750684585607 25.2 8
1750684595713 25.2 9
1750684605837 25.2 10
1750684615916 25.2 11
1750684626051 25.2 12
1750684636209 25.2 13
1750684646332 25.2 14
1750684656464 25.2 15
1750684666608 25.2 16
1750684676753 25.2 17
1750684686902 25.2 18
1750684697028 25.2 19
1750684707146 25.2 20
1750684717305 25.2 21
1750684727409 25.2 22
1750684737546 25.2 23
1750684747695 25.2 24
1750684757824 25.2 25
1750684767945 25.2 26
1750684778089 25.2 27
1750684788210 25.2 28
1750684798340 25.2 29
1750684808467 25.2 30
1750684818747 25.2 31
1750684828845 25.2 32
1750684838972 25.2 33
1750684849118 25.2 34
1750684859258 25.2 35
1750684869411 25.2 36
1750684879667 25.2 37
1750684890311 25.2 38
1750684900418 25.2 39
1750684910530 25.2 40
1750684920632 25.2 41
1750684930706 25.2 42
1750684940831 25.2 43
1750684950940 25.2 44
1750684961044 25.2 45
1750688601118 25.2 46
1750688611217 25.2 47
1750688621313 25.2 48
1750688631410 25.2 49
1750688641762 25.2 50
1750688651861 25.2 51
1750688661928 25.2 52
