1750684504761 257950.6 0
1750684514900 257951.0 1
1750684525039 257951.0 2
1750684535179 257951.0 3
1750684545262 257951.0 4
1750684555363 257951.0 5
1750684565441 257950.7 6
1750684575527 257950.7 7
1750684585607 257950.7 8
1750684595713 257950.7 9
1750684605837 257949.8 10
1750684615916 257949.8 11
1750684626051 257949.8 12
1750684636209 257949.7 13
1750684646332 257949.7 14
1750684656464 257949.7 15
1750684666608 257949.7 16
1750684676753 257949.8 17
1750684686902 257949.9 18
1750684697028 257950.0 19
1750684707146 257950.0 20
1750684717305 257950.0 21
1750684727409 257949.9 22
1750684737546 257949.9 23
1750684747695 257949.9 24
1750684757824 257949.9 25
1750684767945 257950.1 26
1750684778089 257950.1 27
1750684788210 257950.4 28
1750684798340 257950.4 29
1750684808467 257950.9 30
1750684818747 257950.9 31
1750684828845 257951.8 32
1750684838972 257951.8 33
1750684849118 257951.9 34
1750684859258 257951.9 35
1750684869411 257952.1 36
1750684879667 257952.0 37
1750684890311 257952.0 38
1750684900418 257952.0 39
1750684910530 257952.0 40
1750684920632 257952.0 41
1750684930706 257952.0 42
1750684940831 257952.0 43
1750684950940 257952.1 44
1750684961044 257952.1 45
1750688601118 257952.4 46
1750688611217 257950.9 47
1750688621313 257960.3 48
1750688631410 257988.1 49
1750688641762 257962.1 50
1750688651861 257968.9 51
1750688661928 257972.9 52
