1750684504761 0.004708000000022139 0
1750684514900 0.04011800000000676 1
1750684525039 0.053870000000017626 2
1750684535179 0.10606600000002686 3
1750684545262 0.13649100000000658 4
1750684555363 0.15365900000000465 5
1750684565441 0.16089200000001824 6
1750684575527 0.18915000000001214 7
1750684585607 0.2226140000000214 8
1750684595713 0.27475600000002487 9
1750684605837 0.3067360000000008 10
1750684615916 0.31298900000001595 11
1750684626051 0.3469260000000247 12
1750684636209 0.37937900000000013 13
1750684646332 0.38443500000002473 14
1750684656464 0.41338400000000775 15
1750684666608 0.43307800000002317 16
1750684676753 0.4436720000000207 17
1750684686902 0.45096000000000913 18
1750684697028 0.4707000000000221 19
1750684707146 0.4804030000000239 20
1750684717305 0.5092420000000004 21
1750684727409 0.532841000000019 22
1750684737546 0.5455740000000162 23
1750684747695 0.5540060000000153 24
1750684757824 0.6668810000000178 25
1750684767945 0.683193000000017 26
1750684778089 0.7031760000000133 27
1750684788210 0.7382849999999905 28
1750684798340 0.7427540000000192 29
1750684808467 0.7742030000000284 30
1750684818747 0.8089910000000202 31
1750684828845 0.880784000000034 32
1750684838972 0.9037770000000194 33
1750684849118 0.9321400000000324 34
1750684859258 0.9457890000000191 35
1750684869411 0.9495630000000403 36
1750684879667 0.9732340000000193 37
1750684890311 0.9944749999999942 38
1750684900418 1.0253930000000366 39
1750684910530 1.048877000000033 40
1750684920632 1.0555040000000133 41
1750684930706 1.0618720000000224 42
1750684940831 1.0768510000000049 43
1750684950940 1.1505080000000305 44
1750684961044 1.185305999999997 45
1750688601118 1.207739000000032 46
1750688611217 1.2444729999999993 47
1750688621313 17.290528000000023 48
1750688631410 17.600277000000034 49
1750688641762 17.64738700000001 50
1750688651861 17.817486000000002 51
1750688661928 20.650790999999998 52
