1750684504761 0.00034099999999170905 0
1750684514900 0.1557860000000062 1
1750684525039 0.16118399999999156 2
1750684535179 0.2294960000000117 3
1750684545262 0.26778699999999844 4
1750684555363 0.2812560000000133 5
1750684565441 0.2878059999999891 6
1750684575527 0.32189900000000193 7
1750684585607 0.3589399999999898 8
1750684595713 0.3892179999999996 9
1750684605837 0.4271630000000073 10
1750684615916 0.4314329999999984 11
1750684626051 0.4869359999999858 12
1750684636209 0.5156010000000038 13
1750684646332 0.5195950000000096 14
1750684656464 0.5387589999999989 15
1750684666608 0.5635330000000067 16
1750684676753 0.5699689999999862 17
1750684686902 0.5789430000000095 18
1750684697028 0.601555999999988 19
1750684707146 0.6089660000000094 20
1750684717305 0.6359919999999875 21
1750684727409 0.663612999999998 22
1750684737546 0.6715780000000109 23
1750684747695 0.6838439999999935 24
1750684757824 0.7279230000000041 25
1750684767945 0.7340169999999944 26
1750684778089 0.7463229999999896 27
1750684788210 0.7806809999999871 28
1750684798340 0.7852029999999957 29
1750684808467 0.8149710000000141 30
1750684818747 0.8535630000000083 31
1750684828845 0.9246119999999962 32
1750684838972 0.9398679999999899 33
1750684849118 0.9754010000000051 34
1750684859258 0.9846900000000005 35
1750684869411 0.9910240000000101 36
1750684879667 1.0109720000000095 37
1750684890311 1.0334980000000087 38
1750684900418 1.0646380000000022 39
1750684910530 1.0957899999999938 40
1750684920632 1.1072399999999902 41
1750684930706 1.1144160000000056 42
1750684940831 1.1364910000000066 43
1750684950940 1.1709480000000099 44
1750684961044 1.1998839999999973 45
1750688601118 1.223230000000001 46
1750688611217 1.2494419999999877 47
1750688621313 2.930652000000009 48
1750688631410 3.0714849999999956 49
1750688641762 3.1373539999999878 50
1750688651861 3.295804000000004 51
1750688661928 3.438118000000003 52
