1750684504761 51.0 0
1750684514900 51.8 1
1750684525039 51.9 2
1750684535179 52.0 3
1750684545262 52.0 4
1750684555363 52.1 5
1750684565441 52.4 6
1750684575527 52.3 7
1750684585607 52.6 8
1750684595713 51.2 9
1750684605837 51.5 10
1750684615916 51.4 11
1750684626051 52.0 12
1750684636209 51.5 13
1750684646332 51.6 14
1750684656464 51.6 15
1750684666608 51.9 16
1750684676753 51.9 17
1750684686902 52.0 18
1750684697028 52.2 19
1750684707146 52.3 20
1750684717305 52.4 21
1750684727409 52.4 22
1750684737546 52.5 23
1750684747695 52.4 24
1750684757824 52.5 25
1750684767945 52.6 26
1750684778089 52.7 27
1750684788210 52.6 28
1750684798340 52.7 29
1750684808467 53.1 30
1750684818747 53.3 31
1750684828845 53.9 32
1750684838972 54.3 33
1750684849118 54.5 34
1750684859258 54.5 35
1750684869411 54.7 36
1750684879667 54.7 37
1750684890311 54.8 38
1750684900418 55.1 39
1750684910530 55.4 40
1750684920632 55.2 41
1750684930706 55.1 42
1750684940831 55.3 43
1750684950940 55.6 44
1750684961044 55.7 45
1750688601118 56.0 46
1750688611217 62.4 47
1750688621313 64.3 48
1750688631410 64.1 49
1750688641762 64.4 50
1750688651861 64.7 51
1750688661928 64.8 52
