1750684504761 17346.5 0
1750684514900 17617.6 1
1750684525039 17652.3 2
1750684535179 17711.4 3
1750684545262 17706.1 4
1750684555363 17726.7 5
1750684565441 17837.6 6
1750684575527 17806.7 7
1750684585607 17885.8 8
1750684595713 17436.7 9
1750684605837 17509.0 10
1750684615916 17484.3 11
1750684626051 17680.6 12
1750684636209 17527.8 13
1750684646332 17553.9 14
1750684656464 17542.4 15
1750684666608 17647.1 16
1750684676753 17664.7 17
1750684686902 17691.8 18
1750684697028 17758.0 19
1750684707146 17792.8 20
1750684717305 17834.1 21
1750684727409 17840.0 22
1750684737546 17866.8 23
1750684747695 17842.3 24
1750684757824 17873.9 25
1750684767945 17909.2 26
1750684778089 17948.9 27
1750684788210 17906.9 28
1750684798340 17926.6 29
1750684808467 18077.2 30
1750684818747 18136.3 31
1750684828845 18337.0 32
1750684838972 18480.0 33
1750684849118 18559.0 34
1750684859258 18531.1 35
1750684869411 18620.8 36
1750684879667 18600.4 37
1750684890311 18646.5 38
1750684900418 18748.8 39
1750684910530 18846.0 40
1750684920632 18774.9 41
1750684930706 18766.6 42
1750684940831 18823.7 43
1750684950940 18930.6 44
1750684961044 18969.8 45
1750688601118 19066.0 46
1750688611217 21245.4 47
1750688621313 21887.8 48
1750688631410 21803.2 49
1750688641762 21907.6 50
1750688651861 22022.6 51
1750688661928 22063.3 52
