1726579436428 0.0 0
1726579446515 0.021625999999997703 1
1726579456583 0.03962500000000091 2
1726579466666 0.048906000000002336 3
1726579476757 0.06771299999999769 4
1726579486869 0.08326000000000278 5
1726579496960 0.0959620000000001 6
1726579507066 0.10708799999999741 7
1726579517146 0.16691499999999593 8
1726579527229 1.3250659999999996 9
1726579537322 1.4570849999999993 10
1726579547379 1.513458 11
1726579557436 1.528188 12
1726579567512 1.5416409999999985 13
1726579577617 1.556002999999997 14
1726579587860 1.5914980000000014 15
