1726579436428 0.0 0
1726579446515 0.020647999999999556 1
1726579456583 0.04195999999999955 2
1726579466666 0.05442099999999961 3
1726579476757 0.07282399999999978 4
1726579486869 0.09110299999999949 5
1726579496960 0.10207799999999967 6
1726579507066 0.11647499999999944 7
1726579517146 0.17361700000000013 8
1726579527229 0.6605810000000005 9
1726579537322 1.6461109999999994 10
1726579547379 1.703650999999999 11
1726579557436 1.737807 12
1726579567512 1.8450170000000004 13
1726579577617 1.8760429999999992 14
1726579587860 1.909991999999999 15
