1752188716789 0.0 0
1752188727009 0.059333999999999776 1
1752188737202 0.06942699999999746 2
1752188747386 0.08016799999999691 3
1752188757518 0.11955599999999933 4
1752188767655 0.13186099999999712 5
1752188777757 0.14598999999999762 6
1752188787934 0.14901399999999754 7
1752188798059 0.15716799999999864 8
1752188808139 0.16084599999999938 9
1752188818265 0.20048199999999738 10
1752188828484 0.2502899999999997 11
1752188838615 0.2526609999999998 12
1752188848818 0.26708799999999755 13
1752188859010 0.27080199999999977 14
1752188869253 0.2936109999999985 15
