1752188716789 0.0 0
1752188727009 0.404122000000001 1
1752188737202 0.4213179999999994 2
1752188747386 0.43163900000000055 3
1752188757518 0.46809600000000273 4
1752188767655 0.4914100000000019 5
1752188777757 0.504448 6
1752188787934 0.5071420000000018 7
1752188798059 0.5191310000000016 8
1752188808139 0.5228420000000007 9
1752188818265 0.5567550000000026 10
1752188828484 0.582098000000002 11
1752188838615 0.584455000000002 12
1752188848818 0.5941259999999993 13
1752188859010 0.5990719999999996 14
1752188869253 0.6206530000000008 15
