1752190384805 0.0 0
1752190394987 34.0 1
1752190405091 55.4 2
1752190415178 55.5 3
1752190425273 49.1 4
1752190435496 54.4 5
1752190445689 62.3 6
1752190455826 63.0 7
1752190465992 58.5 8
1752190476121 52.7 9
1752190486271 42.2 10
1752190496405 54.7 11
1752190506500 53.7 12
1752190516608 53.0 13
1752190526760 52.4 14
1752190536854 42.9 15
1752190546956 52.9 16
1752190557063 52.7 17
1752190567161 43.5 18
1752190577377 54.3 19
1752190587521 53.8 20
1752190597668 43.2 21
1752190607821 54.0 22
1752190617939 56.5 23
1752190628236 43.6 24
1752190638579 57.5 25
1752190648796 65.9 26
1752190658902 56.6 27
1752190668983 52.5 28
1752190679118 54.0 29
1752190689223 53.5 30
1752190699389 52.3 31
1752190709551 53.2 32
1752190719652 53.2 33
1752190729800 53.1 34
1752190739960 54.9 35
1752190750052 54.8 36
1752190760163 52.8 37
1752190770283 53.1 38
1752190780451 52.9 39
1752190790587 53.1 40
1752190800721 53.4 41
1752190810864 56.2 42
1752190821158 54.6 43
1752190831316 63.3 44
1752190841387 64.3 45
1752190851468 43.9 46
1752190861555 40.6 47
1752190871747 43.6 48
1752190881910 54.3 49
1752190892072 53.8 50
1752190902239 43.5 51
1752190912334 53.6 52
1752190922548 53.8 53
1752190932662 43.6 54
1752190942823 52.7 55
1752190953006 53.4 56
1752190963140 42.5 57
1752190973229 53.5 58
1752190983326 52.3 59
1752190993444 36.7 60
1752191003580 48.6 61
1752191013685 52.7 62
1752191023797 62.1 63
1752191033959 49.8 64
1752191044105 57.7 65
1752191054184 54.1 66
1752191064275 44.7 67
1752191074416 51.7 68
1752191084543 53.1 69
1752191094657 52.8 70
1752191104754 52.6 71
1752191114867 43.6 72
1752191125478 51.2 73
1752191135582 50.6 74
1752191145742 45.7 75
1752191155960 53.0 76
1752191166053 53.3 77
1752191176166 53.0 78
1752191186262 44.5 79
1752191196422 49.8 80
1752191206570 54.1 81
1752191216748 64.7 82
1752191226887 54.3 83
1752191237030 52.4 84
1752191247137 56.9 85
1752191257259 53.3 86
1752191267365 53.0 87
1752191277484 55.9 88
1752191287606 57.9 89
1752191297753 53.3 90
1752191307900 54.0 91
1752191318036 43.0 92
1752191328238 53.9 93
1752191338353 55.2 94
1752191348452 56.1 95
1752191358579 52.9 96
1752191368676 43.6 97
1752191378823 52.6 98
1752191388937 42.4 99
1752191399126 60.0 100
1752191409289 58.1 101
1752191419453 54.0 102
1752191429545 53.7 103
1752191439685 53.1 104
1752191449783 42.8 105
1752191459881 53.1 106
1752191469981 53.4 107
1752191480105 53.0 108
1752191490220 43.9 109
1752191500338 53.0 110
1752191510593 53.8 111
1752191520684 49.4 112
1752191530789 46.1 113
1752191541009 52.6 114
1752191551118 52.9 115
1752191561240 52.2 116
1752191571344 43.0 117
1752191581503 52.0 118
1752191591619 66.6 119
1752191601748 53.2 120
1752191611873 42.3 121
1752191621987 53.2 122
1752191632095 53.4 123
1752191642191 57.6 124
1752191652292 43.7 125
1752191662500 52.8 126
1752191672609 53.9 127
1752191682720 52.2 128
1752191692827 43.0 129
1752191702960 52.9 130
1752191713137 52.5 131
1752191723240 52.2 132
1752191733388 52.2 133
1752191743482 52.6 134
1752191753666 52.4 135
1752191763865 52.8 136
1752191774122 64.7 137
1752191784220 59.0 138
1752191794338 53.2 139
1752191804454 53.4 140
1752191814573 53.1 141
1752191824711 51.7 142
1752191834866 53.2 143
1752191844953 53.0 144
1752191855081 53.7 145
1752191865183 43.0 146
1752191875271 53.3 147
1752191885410 41.5 148
1752191895559 53.9 149
1752191905667 52.1 150
1752191915822 40.9 151
1752191925923 52.5 152
1752191936063 53.1 153
1752191946208 55.2 154
1752191956333 51.6 155
1752191966430 60.9 156
1752191976607 56.9 157
1752191986709 53.7 158
1752191996818 52.5 159
1752192007026 53.4 160
1752192017146 53.2 161
1752192027278 52.0 162
1752192037420 53.6 163
1752192047554 54.4 164
1752192057692 52.1 165
1752192067819 52.1 166
1752192077917 53.0 167
1752192088024 52.9 168
1752192098213 53.5 169
1752192108304 52.7 170
1752192118462 52.5 171
1752192128610 53.4 172
1752192138795 50.7 173
1752192148958 55.5 174
1752192159061 63.4 175
1752192169176 43.0 176
1752192179340 52.4 177
1752192189591 42.8 178
1752192199742 60.7 179
1752192209875 52.0 180
1752192220007 51.2 181
1752192230135 51.6 182
1752192240269 54.5 183
1752192250431 43.1 184
1752192260558 51.7 185
1752192270753 51.0 186
1752192280875 40.4 187
1752192291023 49.2 188
1752192301161 48.5 189
1752192311302 51.3 190
1752192321434 39.6 191
1752192331620 47.7 192
1752192341748 49.1 193
1752192351863 48.8 194
1752192362047 39.0 195
1752192372156 48.5 196
1752192382286 40.1 197
1752192392409 51.1 198
1752192402508 50.0 199
1752192412633 49.8 200
1752192422866 49.9 201
1752192432986 39.2 202
1752192443099 49.2 203
1752192453274 49.7 204
1752192463387 50.0 205
1752192473503 49.0 206
1752192483628 50.0 207
1752192493774 50.5 208
1752192503951 39.6 209
1752192514094 48.6 210
1752192524247 50.1 211
1752192534401 47.1 212
1752192544537 49.6 213
1752192554706 47.1 214
1752192564809 38.3 215
1752192574976 50.0 216
1752192585110 50.0 217
1752192595217 48.2 218
1752192605323 48.6 219
1752192615421 40.4 220
1752192625543 47.7 221
1752192635670 49.1 222
1752192645827 49.3 223
1752192655993 39.6 224
1752192666114 49.8 225
1752192676282 49.4 226
1752192686411 49.1 227
1752192696499 39.7 228
1752192706638 48.8 229
1752192716781 51.4 230
1752192726942 40.2 231
1752192737033 48.4 232
1752192747146 49.8 233
1752192757256 48.3 234
1752192767391 50.2 235
1752192777534 49.5 236
1752192787681 49.5 237
1752192797830 51.4 238
1752192807977 49.9 239
1752192818133 50.1 240
1752192828274 48.5 241
1752192838392 40.9 242
1752192848486 52.1 243
1752192858604 49.8 244
1752192868749 48.8 245
1752192878854 49.0 246
1752192888997 49.2 247
1752192899116 39.9 248
1752192909214 49.9 249
1752192919336 49.5 250
1752192929492 48.3 251
1752192939648 47.1 252
1752192949783 48.4 253
1752192959949 48.8 254
1752192970128 49.3 255
1752192980286 49.9 256
1752192990393 49.6 257
1752193000503 39.6 258
1752193010654 48.2 259
1752193020946 50.1 260
1752193031226 53.2 261
1752193041351 50.5 262
1752193051543 50.7 263
1752193061669 50.1 264
1752193071789 48.7 265
1752193081888 49.5 266
1752193092040 50.4 267
1752193102136 51.1 268
1752193112281 49.2 269
1752193122440 49.8 270
1752193132614 49.1 271
1752193142757 52.8 272
1752193152923 49.5 273
1752193163080 49.0 274
1752193173195 49.0 275
1752193183358 49.7 276
1752193193511 50.8 277
1752193203645 52.0 278
1752193213783 50.2 279
1752193223907 50.8 280
1752193234086 49.1 281
1752193244207 50.4 282
1752193254327 50.6 283
1752193264477 48.1 284
1752193274625 49.1 285
1752193284795 51.4 286
1752193294985 50.5 287
1752193305135 50.2 288
1752193315251 50.1 289
1752193325358 49.4 290
1752193335543 49.6 291
1752193345647 51.4 292
1752193355759 49.6 293
1752193365890 48.9 294
1752193376081 50.8 295
1752193386199 41.3 296
1752193396353 49.8 297
1752193406474 49.9 298
1752193416651 49.7 299
1752193426830 50.6 300
1752193436934 50.5 301
1752193447076 53.5 302
1752193457176 48.9 303
1752193467288 49.1 304
1752193477445 49.5 305
1752193487575 49.7 306
1752193497730 40.3 307
1752193507904 50.8 308
1752193518060 49.1 309
1752193528218 52.1 310
1752193538357 50.8 311
1752193548487 51.1 312
1752193558613 48.4 313
1752193568772 39.8 314
1752193578932 49.9 315
1752193589044 49.5 316
1752193599195 40.0 317
1752193609362 48.4 318
1752193619520 50.0 319
1752193629664 50.7 320
1752193639803 50.3 321
1752193650124 49.5 322
1752193660262 47.6 323
1752193670411 42.4 324
1752193680528 49.7 325
1752193690653 48.8 326
1752193700798 49.5 327
1752193710919 50.4 328
1752193721041 48.9 329
1752193731231 48.4 330
1752193741412 42.3 331
1752193751533 50.2 332
1752193761690 48.6 333
1752193771807 49.6 334
1752193781926 48.9 335
1752193792104 39.7 336
1752193802256 48.9 337
1752193812378 50.5 338
1752193822510 49.3 339
1752193832647 48.7 340
1752193842860 52.0 341
1752193852991 49.7 342
1752193863150 50.9 343
1752193873302 39.6 344
1752193883422 50.8 345
1752193893535 48.8 346
1752193903680 48.5 347
1752193913798 49.5 348
1752193923916 44.9 349
1752193934044 48.2 350
1752193944249 49.5 351
1752193954397 50.4 352
1752193964498 43.9 353
1752193974610 42.1 354
1752193984713 49.4 355
1752193994832 41.2 356
1752194004974 49.6 357
1752194015094 51.9 358
1752194025196 51.3 359
1752194035356 50.7 360
1752194045488 54.0 361
1752194055587 35.5 362
1752194066018 13.2 363
1752194076149 13.9 364
1752194086233 13.6 365
1752194096519 14.5 366
1752194106595 20.8 367
1752194116734 14.7 368
1752194127056 41.2 369
1752194137183 23.9 370
