1752190384805 260285.1 0
1752190394987 260286.8 1
1752190405091 260296.1 2
1752190415178 260786.2 3
1752190425273 260737.8 4
1752190435496 261535.3 5
1752190445689 260715.5 6
1752190455826 260725.6 7
1752190465992 260729.1 8
1752190476121 260729.2 9
1752190486271 260729.6 10
1752190496405 260730.3 11
1752190506500 260729.3 12
1752190516608 260729.3 13
1752190526760 260729.8 14
1752190536854 260729.8 15
1752190546956 260729.8 16
1752190557063 260730.0 17
1752190567161 260730.1 18
1752190577377 260730.1 19
1752190587521 260730.2 20
1752190597668 260730.2 21
1752190607821 260730.2 22
1752190617939 260730.2 23
1752190628236 260730.3 24
1752190638579 260730.3 25
1752190648796 260730.3 26
1752190658902 260730.3 27
1752190668983 260730.5 28
1752190679118 260730.4 29
1752190689223 260730.4 30
1752190699389 260730.4 31
1752190709551 260730.4 32
1752190719652 260730.5 33
1752190729800 260730.5 34
1752190739960 260730.5 35
1752190750052 260730.3 36
1752190760163 260730.3 37
1752190770283 260730.3 38
1752190780451 260730.3 39
1752190790587 260730.3 40
1752190800721 260730.3 41
1752190810864 260729.0 42
1752190821158 260729.0 43
1752190831316 260728.9 44
1752190841387 260728.9 45
1752190851468 260728.9 46
1752190861555 260728.8 47
1752190871747 260728.9 48
1752190881910 260729.0 49
1752190892072 260729.0 50
1752190902239 260729.0 51
1752190912334 260729.1 52
1752190922548 260720.7 53
1752190932662 260720.7 54
1752190942823 260720.7 55
1752190953006 260720.7 56
1752190963140 260720.7 57
1752190973229 260720.9 58
1752190983326 260720.9 59
1752190993444 260720.6 60
1752191003580 260720.6 61
1752191013685 260720.6 62
1752191023797 260720.7 63
1752191033959 260720.8 64
1752191044105 260720.8 65
1752191054184 260720.8 66
1752191064275 260719.2 67
1752191074416 260719.3 68
1752191084543 260719.3 69
1752191094657 260719.4 70
1752191104754 260719.2 71
1752191114867 260719.2 72
1752191125478 260719.4 73
1752191135582 260719.4 74
1752191145742 260719.4 75
1752191155960 260719.4 76
1752191166053 260719.4 77
1752191176166 260719.7 78
1752191186262 260719.7 79
1752191196422 260719.8 80
1752191206570 260720.0 81
1752191216748 260720.3 82
1752191226887 260720.3 83
1752191237030 260720.8 84
1752191247137 260720.9 85
1752191257259 260720.9 86
1752191267365 260721.0 87
1752191277484 260720.5 88
1752191287606 260720.6 89
1752191297753 260720.6 90
1752191307900 260721.0 91
1752191318036 260720.8 92
1752191328238 260720.8 93
1752191338353 260720.8 94
1752191348452 260720.8 95
1752191358579 260720.8 96
1752191368676 260720.8 97
1752191378823 260720.9 98
1752191388937 260720.9 99
1752191399126 260720.9 100
1752191409289 260721.0 101
1752191419453 260720.9 102
1752191429545 260720.9 103
1752191439685 260721.0 104
1752191449783 260720.9 105
1752191459881 260721.1 106
1752191469981 260721.1 107
1752191480105 260721.1 108
1752191490220 260721.1 109
1752191500338 260721.1 110
1752191510593 260721.1 111
1752191520684 260721.1 112
1752191530789 260721.1 113
1752191541009 260721.1 114
1752191551118 260721.1 115
1752191561240 260721.1 116
1752191571344 260721.3 117
1752191581503 260721.3 118
1752191591619 260721.3 119
1752191601748 260721.3 120
1752191611873 260721.3 121
1752191621987 260721.2 122
1752191632095 260721.3 123
1752191642191 260721.3 124
1752191652292 260721.4 125
1752191662500 260721.4 126
1752191672609 260721.4 127
1752191682720 260721.5 128
1752191692827 260721.5 129
1752191702960 260721.5 130
1752191713137 260721.5 131
1752191723240 260721.5 132
1752191733388 260721.5 133
1752191743482 260721.6 134
1752191753666 260721.6 135
1752191763865 260721.6 136
1752191774122 260721.6 137
1752191784220 260720.1 138
1752191794338 260720.1 139
1752191804454 260720.1 140
1752191814573 260720.1 141
1752191824711 260720.1 142
1752191834866 260719.9 143
1752191844953 260719.8 144
1752191855081 260719.9 145
1752191865183 260719.9 146
1752191875271 260719.8 147
1752191885410 260719.8 148
1752191895559 260719.8 149
1752191905667 260719.8 150
1752191915822 260719.9 151
1752191925923 260720.0 152
1752191936063 260719.9 153
1752191946208 260719.9 154
1752191956333 260720.2 155
1752191966430 260720.4 156
1752191976607 260720.4 157
1752191986709 260720.3 158
1752191996818 260720.3 159
1752192007026 260720.4 160
1752192017146 260720.4 161
1752192027278 260720.4 162
1752192037420 260720.4 163
1752192047554 260720.3 164
1752192057692 260720.4 165
1752192067819 260720.4 166
1752192077917 260720.7 167
1752192088024 260720.6 168
1752192098213 260720.7 169
1752192108304 260720.8 170
1752192118462 260720.9 171
1752192128610 260721.0 172
1752192138795 260721.2 173
1752192148958 260721.3 174
1752192159061 260721.4 175
1752192169176 260721.5 176
1752192179340 260721.6 177
1752192189591 260721.7 178
1752192199742 260722.1 179
1752192209875 260722.1 180
1752192220007 260722.1 181
1752192230135 260722.6 182
1752192240269 260722.7 183
1752192250431 260722.7 184
1752192260558 260722.7 185
1752192270753 260722.8 186
1752192280875 260722.8 187
1752192291023 260722.8 188
1752192301161 260722.8 189
1752192311302 260722.8 190
1752192321434 260723.4 191
1752192331620 260723.4 192
1752192341748 260723.3 193
1752192351863 260723.4 194
1752192362047 260723.4 195
1752192372156 260723.3 196
1752192382286 260723.2 197
1752192392409 260723.4 198
1752192402508 260723.3 199
1752192412633 260723.4 200
1752192422866 260723.4 201
1752192432986 260723.4 202
1752192443099 260723.4 203
1752192453274 260723.4 204
1752192463387 260723.4 205
1752192473503 260723.4 206
1752192483628 260723.5 207
1752192493774 260723.7 208
1752192503951 260723.7 209
1752192514094 260723.6 210
1752192524247 260723.6 211
1752192534401 260723.5 212
1752192544537 260723.6 213
1752192554706 260723.5 214
1752192564809 260723.5 215
1752192574976 260723.5 216
1752192585110 260723.5 217
1752192595217 260723.5 218
1752192605323 260723.5 219
1752192615421 260723.5 220
1752192625543 260723.6 221
1752192635670 260723.6 222
1752192645827 260723.6 223
1752192655993 260723.7 224
1752192666114 260723.7 225
1752192676282 260723.7 226
1752192686411 260723.7 227
1752192696499 260723.7 228
1752192706638 260723.7 229
1752192716781 260723.7 230
1752192726942 260723.7 231
1752192737033 260723.7 232
1752192747146 260723.8 233
1752192757256 260723.8 234
1752192767391 260723.8 235
1752192777534 260723.8 236
1752192787681 260723.8 237
1752192797830 260723.8 238
1752192807977 260723.8 239
1752192818133 260723.9 240
1752192828274 260723.9 241
1752192838392 260724.1 242
1752192848486 260724.1 243
1752192858604 260724.0 244
1752192868749 260724.1 245
1752192878854 260724.0 246
1752192888997 260724.0 247
1752192899116 260724.0 248
1752192909214 260724.0 249
1752192919336 260724.0 250
1752192929492 260724.0 251
1752192939648 260723.9 252
1752192949783 260723.9 253
1752192959949 260724.0 254
1752192970128 260724.1 255
1752192980286 260724.3 256
1752192990393 260724.3 257
1752193000503 260724.3 258
1752193010654 260724.3 259
1752193020946 260724.5 260
1752193031226 260724.5 261
1752193041351 260724.5 262
1752193051543 260724.5 263
1752193061669 260724.5 264
1752193071789 260724.5 265
1752193081888 260724.5 266
1752193092040 260724.5 267
1752193102136 260724.5 268
1752193112281 260724.5 269
1752193122440 260724.5 270
1752193132614 260724.6 271
1752193142757 260724.6 272
1752193152923 260724.6 273
1752193163080 260724.6 274
1752193173195 260724.6 275
1752193183358 260724.7 276
1752193193511 260724.7 277
1752193203645 260723.6 278
1752193213783 260723.9 279
1752193223907 260723.9 280
1752193234086 260724.3 281
1752193244207 260724.6 282
1752193254327 260728.8 283
1752193264477 260730.9 284
1752193274625 260730.8 285
1752193284795 260730.9 286
1752193294985 260730.9 287
1752193305135 260730.9 288
1752193315251 260728.4 289
1752193325358 260728.4 290
1752193335543 260728.4 291
1752193345647 260728.3 292
1752193355759 260728.4 293
1752193365890 260728.3 294
1752193376081 260729.2 295
1752193386199 260729.1 296
1752193396353 260729.2 297
1752193406474 260729.2 298
1752193416651 260729.2 299
1752193426830 260729.1 300
1752193436934 260729.2 301
1752193447076 260729.1 302
1752193457176 260729.2 303
1752193467288 260729.2 304
1752193477445 260729.2 305
1752193487575 260729.3 306
1752193497730 260729.6 307
1752193507904 260729.7 308
1752193518060 260729.6 309
1752193528218 260729.7 310
1752193538357 260729.7 311
1752193548487 260729.8 312
1752193558613 260729.7 313
1752193568772 260729.8 314
1752193578932 260729.8 315
1752193589044 260729.7 316
1752193599195 260729.8 317
1752193609362 260729.8 318
1752193619520 260729.7 319
1752193629664 260729.8 320
1752193639803 260729.7 321
1752193650124 260729.7 322
1752193660262 260729.8 323
1752193670411 260729.7 324
1752193680528 260729.8 325
1752193690653 260729.8 326
1752193700798 260729.9 327
1752193710919 260729.8 328
1752193721041 260729.9 329
1752193731231 260729.9 330
1752193741412 260729.8 331
1752193751533 260729.8 332
1752193761690 260729.8 333
1752193771807 260729.8 334
1752193781926 260729.8 335
1752193792104 260729.8 336
1752193802256 260729.8 337
1752193812378 260729.8 338
1752193822510 260729.9 339
1752193832647 260730.2 340
1752193842860 260730.2 341
1752193852991 260730.2 342
1752193863150 260730.2 343
1752193873302 260730.3 344
1752193883422 260728.7 345
1752193893535 260728.8 346
1752193903680 260728.8 347
1752193913798 260728.8 348
1752193923916 260728.9 349
1752193934044 260728.9 350
1752193944249 260728.9 351
1752193954397 260728.8 352
1752193964498 260728.9 353
1752193974610 260728.9 354
1752193984713 260728.9 355
1752193994832 260728.9 356
1752194004974 260729.1 357
1752194015094 260735.4 358
1752194025196 260747.3 359
1752194035356 260705.2 360
1752194045488 260716.4 361
1752194055587 260727.8 362
1752194066018 260730.4 363
1752194076149 260730.4 364
1752194086233 260730.3 365
1752194096519 260730.4 366
1752194106595 260728.8 367
1752194116734 260729.3 368
1752194127056 260728.8 369
1752194137183 260728.9 370
