1752190384805 25.4 0
1752190394987 25.4 1
1752190405091 25.4 2
1752190415178 25.5 3
1752190425273 25.5 4
1752190435496 25.6 5
1752190445689 25.5 6
1752190455826 25.5 7
1752190465992 25.5 8
1752190476121 25.5 9
1752190486271 25.5 10
1752190496405 25.5 11
1752190506500 25.5 12
1752190516608 25.5 13
1752190526760 25.5 14
1752190536854 25.5 15
1752190546956 25.5 16
1752190557063 25.5 17
1752190567161 25.5 18
1752190577377 25.5 19
1752190587521 25.5 20
1752190597668 25.5 21
1752190607821 25.5 22
1752190617939 25.5 23
1752190628236 25.5 24
1752190638579 25.5 25
1752190648796 25.5 26
1752190658902 25.5 27
1752190668983 25.5 28
1752190679118 25.5 29
1752190689223 25.5 30
1752190699389 25.5 31
1752190709551 25.5 32
1752190719652 25.5 33
1752190729800 25.5 34
1752190739960 25.5 35
1752190750052 25.5 36
1752190760163 25.5 37
1752190770283 25.5 38
1752190780451 25.5 39
1752190790587 25.5 40
1752190800721 25.5 41
1752190810864 25.5 42
1752190821158 25.5 43
1752190831316 25.5 44
1752190841387 25.5 45
1752190851468 25.5 46
1752190861555 25.5 47
1752190871747 25.5 48
1752190881910 25.5 49
1752190892072 25.5 50
1752190902239 25.5 51
1752190912334 25.5 52
1752190922548 25.5 53
1752190932662 25.5 54
1752190942823 25.5 55
1752190953006 25.5 56
1752190963140 25.5 57
1752190973229 25.5 58
1752190983326 25.5 59
1752190993444 25.5 60
1752191003580 25.5 61
1752191013685 25.5 62
1752191023797 25.5 63
1752191033959 25.5 64
1752191044105 25.5 65
1752191054184 25.5 66
1752191064275 25.5 67
1752191074416 25.5 68
1752191084543 25.5 69
1752191094657 25.5 70
1752191104754 25.5 71
1752191114867 25.5 72
1752191125478 25.5 73
1752191135582 25.5 74
1752191145742 25.5 75
1752191155960 25.5 76
1752191166053 25.5 77
1752191176166 25.5 78
1752191186262 25.5 79
1752191196422 25.5 80
1752191206570 25.5 81
1752191216748 25.5 82
1752191226887 25.5 83
1752191237030 25.5 84
1752191247137 25.5 85
1752191257259 25.5 86
1752191267365 25.5 87
1752191277484 25.5 88
1752191287606 25.5 89
1752191297753 25.5 90
1752191307900 25.5 91
1752191318036 25.5 92
1752191328238 25.5 93
1752191338353 25.5 94
1752191348452 25.5 95
1752191358579 25.5 96
1752191368676 25.5 97
1752191378823 25.5 98
1752191388937 25.5 99
1752191399126 25.5 100
1752191409289 25.5 101
1752191419453 25.5 102
1752191429545 25.5 103
1752191439685 25.5 104
1752191449783 25.5 105
1752191459881 25.5 106
1752191469981 25.5 107
1752191480105 25.5 108
1752191490220 25.5 109
1752191500338 25.5 110
1752191510593 25.5 111
1752191520684 25.5 112
1752191530789 25.5 113
1752191541009 25.5 114
1752191551118 25.5 115
1752191561240 25.5 116
1752191571344 25.5 117
1752191581503 25.5 118
1752191591619 25.5 119
1752191601748 25.5 120
1752191611873 25.5 121
1752191621987 25.5 122
1752191632095 25.5 123
1752191642191 25.5 124
1752191652292 25.5 125
1752191662500 25.5 126
1752191672609 25.5 127
1752191682720 25.5 128
1752191692827 25.5 129
1752191702960 25.5 130
1752191713137 25.5 131
1752191723240 25.5 132
1752191733388 25.5 133
1752191743482 25.5 134
1752191753666 25.5 135
1752191763865 25.5 136
1752191774122 25.5 137
1752191784220 25.5 138
1752191794338 25.5 139
1752191804454 25.5 140
1752191814573 25.5 141
1752191824711 25.5 142
1752191834866 25.5 143
1752191844953 25.5 144
1752191855081 25.5 145
1752191865183 25.5 146
1752191875271 25.5 147
1752191885410 25.5 148
1752191895559 25.5 149
1752191905667 25.5 150
1752191915822 25.5 151
1752191925923 25.5 152
1752191936063 25.5 153
1752191946208 25.5 154
1752191956333 25.5 155
1752191966430 25.5 156
1752191976607 25.5 157
1752191986709 25.5 158
1752191996818 25.5 159
1752192007026 25.5 160
1752192017146 25.5 161
1752192027278 25.5 162
1752192037420 25.5 163
1752192047554 25.5 164
1752192057692 25.5 165
1752192067819 25.5 166
1752192077917 25.5 167
1752192088024 25.5 168
1752192098213 25.5 169
1752192108304 25.5 170
1752192118462 25.5 171
1752192128610 25.5 172
1752192138795 25.5 173
1752192148958 25.5 174
1752192159061 25.5 175
1752192169176 25.5 176
1752192179340 25.5 177
1752192189591 25.5 178
1752192199742 25.5 179
1752192209875 25.5 180
1752192220007 25.5 181
1752192230135 25.5 182
1752192240269 25.5 183
1752192250431 25.5 184
1752192260558 25.5 185
1752192270753 25.5 186
1752192280875 25.5 187
1752192291023 25.5 188
1752192301161 25.5 189
1752192311302 25.5 190
1752192321434 25.5 191
1752192331620 25.5 192
1752192341748 25.5 193
1752192351863 25.5 194
1752192362047 25.5 195
1752192372156 25.5 196
1752192382286 25.5 197
1752192392409 25.5 198
1752192402508 25.5 199
1752192412633 25.5 200
1752192422866 25.5 201
1752192432986 25.5 202
1752192443099 25.5 203
1752192453274 25.5 204
1752192463387 25.5 205
1752192473503 25.5 206
1752192483628 25.5 207
1752192493774 25.5 208
1752192503951 25.5 209
1752192514094 25.5 210
1752192524247 25.5 211
1752192534401 25.5 212
1752192544537 25.5 213
1752192554706 25.5 214
1752192564809 25.5 215
1752192574976 25.5 216
1752192585110 25.5 217
1752192595217 25.5 218
1752192605323 25.5 219
1752192615421 25.5 220
1752192625543 25.5 221
1752192635670 25.5 222
1752192645827 25.5 223
1752192655993 25.5 224
1752192666114 25.5 225
1752192676282 25.5 226
1752192686411 25.5 227
1752192696499 25.5 228
1752192706638 25.5 229
1752192716781 25.5 230
1752192726942 25.5 231
1752192737033 25.5 232
1752192747146 25.5 233
1752192757256 25.5 234
1752192767391 25.5 235
1752192777534 25.5 236
1752192787681 25.5 237
1752192797830 25.5 238
1752192807977 25.5 239
1752192818133 25.5 240
1752192828274 25.5 241
1752192838392 25.5 242
1752192848486 25.5 243
1752192858604 25.5 244
1752192868749 25.5 245
1752192878854 25.5 246
1752192888997 25.5 247
1752192899116 25.5 248
1752192909214 25.5 249
1752192919336 25.5 250
1752192929492 25.5 251
1752192939648 25.5 252
1752192949783 25.5 253
1752192959949 25.5 254
1752192970128 25.5 255
1752192980286 25.5 256
1752192990393 25.5 257
1752193000503 25.5 258
1752193010654 25.5 259
1752193020946 25.5 260
1752193031226 25.5 261
1752193041351 25.5 262
1752193051543 25.5 263
1752193061669 25.5 264
1752193071789 25.5 265
1752193081888 25.5 266
1752193092040 25.5 267
1752193102136 25.5 268
1752193112281 25.5 269
1752193122440 25.5 270
1752193132614 25.5 271
1752193142757 25.5 272
1752193152923 25.5 273
1752193163080 25.5 274
1752193173195 25.5 275
1752193183358 25.5 276
1752193193511 25.5 277
1752193203645 25.5 278
1752193213783 25.5 279
1752193223907 25.5 280
1752193234086 25.5 281
1752193244207 25.5 282
1752193254327 25.5 283
1752193264477 25.5 284
1752193274625 25.5 285
1752193284795 25.5 286
1752193294985 25.5 287
1752193305135 25.5 288
1752193315251 25.5 289
1752193325358 25.5 290
1752193335543 25.5 291
1752193345647 25.5 292
1752193355759 25.5 293
1752193365890 25.5 294
1752193376081 25.5 295
1752193386199 25.5 296
1752193396353 25.5 297
1752193406474 25.5 298
1752193416651 25.5 299
1752193426830 25.5 300
1752193436934 25.5 301
1752193447076 25.5 302
1752193457176 25.5 303
1752193467288 25.5 304
1752193477445 25.5 305
1752193487575 25.5 306
1752193497730 25.5 307
1752193507904 25.5 308
1752193518060 25.5 309
1752193528218 25.5 310
1752193538357 25.5 311
1752193548487 25.5 312
1752193558613 25.5 313
1752193568772 25.5 314
1752193578932 25.5 315
1752193589044 25.5 316
1752193599195 25.5 317
1752193609362 25.5 318
1752193619520 25.5 319
1752193629664 25.5 320
1752193639803 25.5 321
1752193650124 25.5 322
1752193660262 25.5 323
1752193670411 25.5 324
1752193680528 25.5 325
1752193690653 25.5 326
1752193700798 25.5 327
1752193710919 25.5 328
1752193721041 25.5 329
1752193731231 25.5 330
1752193741412 25.5 331
1752193751533 25.5 332
1752193761690 25.5 333
1752193771807 25.5 334
1752193781926 25.5 335
1752193792104 25.5 336
1752193802256 25.5 337
1752193812378 25.5 338
1752193822510 25.5 339
1752193832647 25.5 340
1752193842860 25.5 341
1752193852991 25.5 342
1752193863150 25.5 343
1752193873302 25.5 344
1752193883422 25.5 345
1752193893535 25.5 346
1752193903680 25.5 347
1752193913798 25.5 348
1752193923916 25.5 349
1752193934044 25.5 350
1752193944249 25.5 351
1752193954397 25.5 352
1752193964498 25.5 353
1752193974610 25.5 354
1752193984713 25.5 355
1752193994832 25.5 356
1752194004974 25.5 357
1752194015094 25.5 358
1752194025196 25.5 359
1752194035356 25.5 360
1752194045488 25.5 361
1752194055587 25.5 362
1752194066018 25.5 363
1752194076149 25.5 364
1752194086233 25.5 365
1752194096519 25.5 366
1752194106595 25.5 367
1752194116734 25.5 368
1752194127056 25.5 369
1752194137183 25.5 370
