1752190384805 763108.5 0
1752190394987 763106.8 1
1752190405091 763097.5 2
1752190415178 762607.4 3
1752190425273 762655.8 4
1752190435496 761858.3 5
1752190445689 762678.1 6
1752190455826 762668.0 7
1752190465992 762664.5 8
1752190476121 762664.4 9
1752190486271 762664.1 10
1752190496405 762663.3 11
1752190506500 762664.3 12
1752190516608 762664.3 13
1752190526760 762663.8 14
1752190536854 762663.9 15
1752190546956 762663.8 16
1752190557063 762663.6 17
1752190567161 762663.6 18
1752190577377 762663.6 19
1752190587521 762663.5 20
1752190597668 762663.4 21
1752190607821 762663.4 22
1752190617939 762663.4 23
1752190628236 762663.3 24
1752190638579 762663.4 25
1752190648796 762663.3 26
1752190658902 762663.3 27
1752190668983 762663.2 28
1752190679118 762663.2 29
1752190689223 762663.2 30
1752190699389 762663.2 31
1752190709551 762663.2 32
1752190719652 762663.1 33
1752190729800 762663.1 34
1752190739960 762663.1 35
1752190750052 762663.3 36
1752190760163 762663.3 37
1752190770283 762663.3 38
1752190780451 762663.3 39
1752190790587 762663.3 40
1752190800721 762663.3 41
1752190810864 762664.6 42
1752190821158 762664.6 43
1752190831316 762664.7 44
1752190841387 762664.7 45
1752190851468 762664.7 46
1752190861555 762664.8 47
1752190871747 762664.7 48
1752190881910 762664.6 49
1752190892072 762664.6 50
1752190902239 762664.6 51
1752190912334 762664.6 52
1752190922548 762672.9 53
1752190932662 762672.9 54
1752190942823 762672.9 55
1752190953006 762672.9 56
1752190963140 762672.9 57
1752190973229 762672.8 58
1752190983326 762672.7 59
1752190993444 762673.0 60
1752191003580 762673.1 61
1752191013685 762673.0 62
1752191023797 762672.9 63
1752191033959 762672.9 64
1752191044105 762672.8 65
1752191054184 762672.9 66
1752191064275 762674.4 67
1752191074416 762674.4 68
1752191084543 762674.3 69
1752191094657 762674.3 70
1752191104754 762674.4 71
1752191114867 762674.4 72
1752191125478 762674.2 73
1752191135582 762674.2 74
1752191145742 762674.2 75
1752191155960 762674.2 76
1752191166053 762674.2 77
1752191176166 762673.9 78
1752191186262 762673.9 79
1752191196422 762673.8 80
1752191206570 762673.6 81
1752191216748 762673.3 82
1752191226887 762673.3 83
1752191237030 762672.9 84
1752191247137 762672.7 85
1752191257259 762672.7 86
1752191267365 762672.6 87
1752191277484 762673.1 88
1752191287606 762673.0 89
1752191297753 762673.0 90
1752191307900 762672.7 91
1752191318036 762672.8 92
1752191328238 762672.8 93
1752191338353 762672.8 94
1752191348452 762672.9 95
1752191358579 762672.8 96
1752191368676 762672.8 97
1752191378823 762672.7 98
1752191388937 762672.7 99
1752191399126 762672.7 100
1752191409289 762672.7 101
1752191419453 762672.7 102
1752191429545 762672.7 103
1752191439685 762672.7 104
1752191449783 762672.7 105
1752191459881 762672.5 106
1752191469981 762672.5 107
1752191480105 762672.5 108
1752191490220 762672.5 109
1752191500338 762672.5 110
1752191510593 762672.5 111
1752191520684 762672.5 112
1752191530789 762672.5 113
1752191541009 762672.5 114
1752191551118 762672.5 115
1752191561240 762672.5 116
1752191571344 762672.4 117
1752191581503 762672.3 118
1752191591619 762672.3 119
1752191601748 762672.3 120
1752191611873 762672.3 121
1752191621987 762672.4 122
1752191632095 762672.3 123
1752191642191 762672.3 124
1752191652292 762672.2 125
1752191662500 762672.2 126
1752191672609 762672.3 127
1752191682720 762672.1 128
1752191692827 762672.2 129
1752191702960 762672.1 130
1752191713137 762672.1 131
1752191723240 762672.1 132
1752191733388 762672.2 133
1752191743482 762672.0 134
1752191753666 762672.0 135
1752191763865 762672.0 136
1752191774122 762672.0 137
1752191784220 762673.5 138
1752191794338 762673.5 139
1752191804454 762673.5 140
1752191814573 762673.5 141
1752191824711 762673.5 142
1752191834866 762673.7 143
1752191844953 762673.8 144
1752191855081 762673.8 145
1752191865183 762673.8 146
1752191875271 762673.8 147
1752191885410 762673.8 148
1752191895559 762673.8 149
1752191905667 762673.8 150
1752191915822 762673.8 151
1752191925923 762673.7 152
1752191936063 762673.7 153
1752191946208 762673.7 154
1752191956333 762673.4 155
1752191966430 762673.2 156
1752191976607 762673.3 157
1752191986709 762673.3 158
1752191996818 762673.3 159
1752192007026 762673.2 160
1752192017146 762673.2 161
1752192027278 762673.3 162
1752192037420 762673.2 163
1752192047554 762673.3 164
1752192057692 762673.2 165
1752192067819 762673.3 166
1752192077917 762673.0 167
1752192088024 762673.0 168
1752192098213 762672.9 169
1752192108304 762672.8 170
1752192118462 762672.7 171
1752192128610 762672.7 172
1752192138795 762672.4 173
1752192148958 762672.3 174
1752192159061 762672.3 175
1752192169176 762672.1 176
1752192179340 762672.0 177
1752192189591 762671.9 178
1752192199742 762671.5 179
1752192209875 762671.6 180
1752192220007 762671.6 181
1752192230135 762671.0 182
1752192240269 762671.0 183
1752192250431 762671.0 184
1752192260558 762671.0 185
1752192270753 762670.8 186
1752192280875 762670.8 187
1752192291023 762670.8 188
1752192301161 762670.8 189
1752192311302 762670.8 190
1752192321434 762670.3 191
1752192331620 762670.3 192
1752192341748 762670.3 193
1752192351863 762670.3 194
1752192362047 762670.3 195
1752192372156 762670.3 196
1752192382286 762670.4 197
1752192392409 762670.3 198
1752192402508 762670.3 199
1752192412633 762670.3 200
1752192422866 762670.2 201
1752192432986 762670.2 202
1752192443099 762670.2 203
1752192453274 762670.2 204
1752192463387 762670.2 205
1752192473503 762670.2 206
1752192483628 762670.1 207
1752192493774 762669.9 208
1752192503951 762669.9 209
1752192514094 762670.0 210
1752192524247 762670.1 211
1752192534401 762670.1 212
1752192544537 762670.1 213
1752192554706 762670.1 214
1752192564809 762670.1 215
1752192574976 762670.1 216
1752192585110 762670.1 217
1752192595217 762670.1 218
1752192605323 762670.1 219
1752192615421 762670.1 220
1752192625543 762670.0 221
1752192635670 762670.0 222
1752192645827 762670.0 223
1752192655993 762669.9 224
1752192666114 762669.9 225
1752192676282 762669.9 226
1752192686411 762670.0 227
1752192696499 762669.9 228
1752192706638 762669.9 229
1752192716781 762670.0 230
1752192726942 762669.9 231
1752192737033 762669.9 232
1752192747146 762669.8 233
1752192757256 762669.8 234
1752192767391 762669.8 235
1752192777534 762669.8 236
1752192787681 762669.8 237
1752192797830 762669.8 238
1752192807977 762669.8 239
1752192818133 762669.7 240
1752192828274 762669.7 241
1752192838392 762669.5 242
1752192848486 762669.5 243
1752192858604 762669.6 244
1752192868749 762669.6 245
1752192878854 762669.6 246
1752192888997 762669.6 247
1752192899116 762669.6 248
1752192909214 762669.6 249
1752192919336 762669.6 250
1752192929492 762669.6 251
1752192939648 762669.7 252
1752192949783 762669.7 253
1752192959949 762669.7 254
1752192970128 762669.6 255
1752192980286 762669.3 256
1752192990393 762669.3 257
1752193000503 762669.3 258
1752193010654 762669.3 259
1752193020946 762669.1 260
1752193031226 762669.1 261
1752193041351 762669.1 262
1752193051543 762669.1 263
1752193061669 762669.2 264
1752193071789 762669.2 265
1752193081888 762669.1 266
1752193092040 762669.1 267
1752193102136 762669.1 268
1752193112281 762669.1 269
1752193122440 762669.1 270
1752193132614 762669.0 271
1752193142757 762669.0 272
1752193152923 762669.0 273
1752193163080 762669.0 274
1752193173195 762669.0 275
1752193183358 762668.9 276
1752193193511 762668.9 277
1752193203645 762670.0 278
1752193213783 762669.8 279
1752193223907 762669.8 280
1752193234086 762669.3 281
1752193244207 762669.0 282
1752193254327 762664.8 283
1752193264477 762662.8 284
1752193274625 762662.8 285
1752193284795 762662.7 286
1752193294985 762662.7 287
1752193305135 762662.7 288
1752193315251 762665.2 289
1752193325358 762665.2 290
1752193335543 762665.2 291
1752193345647 762665.3 292
1752193355759 762665.3 293
1752193365890 762665.3 294
1752193376081 762664.5 295
1752193386199 762664.5 296
1752193396353 762664.5 297
1752193406474 762664.5 298
1752193416651 762664.5 299
1752193426830 762664.5 300
1752193436934 762664.5 301
1752193447076 762664.5 302
1752193457176 762664.4 303
1752193467288 762664.4 304
1752193477445 762664.4 305
1752193487575 762664.3 306
1752193497730 762664.0 307
1752193507904 762664.0 308
1752193518060 762664.0 309
1752193528218 762663.9 310
1752193538357 762663.9 311
1752193548487 762663.9 312
1752193558613 762663.9 313
1752193568772 762663.9 314
1752193578932 762663.9 315
1752193589044 762663.9 316
1752193599195 762663.9 317
1752193609362 762663.9 318
1752193619520 762663.9 319
1752193629664 762663.9 320
1752193639803 762663.9 321
1752193650124 762663.9 322
1752193660262 762663.9 323
1752193670411 762663.9 324
1752193680528 762663.8 325
1752193690653 762663.8 326
1752193700798 762663.8 327
1752193710919 762663.8 328
1752193721041 762663.7 329
1752193731231 762663.7 330
1752193741412 762663.8 331
1752193751533 762663.8 332
1752193761690 762663.8 333
1752193771807 762663.8 334
1752193781926 762663.8 335
1752193792104 762663.8 336
1752193802256 762663.8 337
1752193812378 762663.8 338
1752193822510 762663.7 339
1752193832647 762663.5 340
1752193842860 762663.5 341
1752193852991 762663.5 342
1752193863150 762663.5 343
1752193873302 762663.3 344
1752193883422 762664.9 345
1752193893535 762664.8 346
1752193903680 762664.8 347
1752193913798 762664.8 348
1752193923916 762664.7 349
1752193934044 762664.7 350
1752193944249 762664.8 351
1752193954397 762664.8 352
1752193964498 762664.8 353
1752193974610 762664.7 354
1752193984713 762664.8 355
1752193994832 762664.7 356
1752194004974 762664.5 357
1752194015094 762658.2 358
1752194025196 762646.3 359
1752194035356 762688.5 360
1752194045488 762677.2 361
1752194055587 762665.8 362
1752194066018 762663.2 363
1752194076149 762663.2 364
1752194086233 762663.3 365
1752194096519 762663.2 366
1752194106595 762664.8 367
1752194116734 762664.4 368
1752194127056 762664.8 369
1752194137183 762664.7 370
