1752190384805 0.00010799999999733245 0
1752190394987 0.03817899999999952 1
1752190405091 0.2800389999999986 2
1752190415178 0.46317399999999864 3
1752190425273 0.49988600000000005 4
1752190435496 3.190688999999999 5
1752190445689 3.281171999999998 6
1752190455826 3.5069779999999966 7
1752190465992 3.5319819999999993 8
1752190476121 3.5549019999999985 9
1752190486271 3.559362 10
1752190496405 3.602770999999997 11
1752190506500 3.613500000000002 12
1752190516608 3.6220459999999974 13
1752190526760 3.640172999999997 14
1752190536854 3.653010000000002 15
1752190546956 3.672877999999997 16
1752190557063 3.701644999999999 17
1752190567161 3.7287819999999954 18
1752190577377 3.731484000000002 19
1752190587521 3.7366419999999962 20
1752190597668 3.774183999999998 21
1752190607821 3.777820999999996 22
1752190617939 3.8083169999999953 23
1752190628236 3.858654999999999 24
1752190638579 3.895018999999998 25
1752190648796 4.273798999999997 26
1752190658902 4.296743999999997 27
1752190668983 4.30959 28
1752190679118 4.3613029999999995 29
1752190689223 4.385548 30
1752190699389 4.388599999999997 31
1752190709551 4.395812999999997 32
1752190719652 4.437466000000001 33
1752190729800 4.440959999999997 34
1752190739960 4.463875999999999 35
1752190750052 4.486229999999999 36
1752190760163 4.489205999999996 37
1752190770283 4.498874000000001 38
1752190780451 4.516295999999997 39
1752190790587 4.526888999999997 40
1752190800721 4.588903999999999 41
1752190810864 4.630759999999995 42
1752190821158 4.6386559999999974 43
1752190831316 4.767353 44
1752190841387 5.146476999999997 45
1752190851468 5.1566019999999995 46
1752190861555 5.1914019999999965 47
1752190871747 5.2050569999999965 48
1752190881910 5.212610999999995 49
1752190892072 5.214925999999998 50
1752190902239 5.223093999999996 51
1752190912334 5.233787999999997 52
1752190922548 5.266687999999995 53
1752190932662 5.272039999999997 54
1752190942823 5.279972000000001 55
1752190953006 5.285433999999995 56
1752190963140 5.3029730000000015 57
1752190973229 5.313536999999997 58
1752190983326 5.337634999999999 59
1752190993444 5.342211999999996 60
1752191003580 5.349556 61
1752191013685 5.367111999999999 62
1752191023797 5.4830380000000005 63
1752191033959 5.642916999999997 64
1752191044105 5.696565999999997 65
1752191054184 5.709406000000001 66
1752191064275 5.717773000000001 67
1752191074416 5.724001000000001 68
1752191084543 5.735783999999995 69
1752191094657 5.775264999999997 70
1752191104754 5.777184999999996 71
1752191114867 5.792180000000002 72
1752191125478 5.808299999999996 73
1752191135582 5.821013000000001 74
1752191145742 5.829546999999998 75
1752191155960 5.851824000000001 76
1752191166053 5.865822000000001 77
1752191176166 5.870730999999999 78
1752191186262 5.87876 79
1752191196422 5.885525000000001 80
1752191206570 5.925190000000001 81
1752191216748 6.160345999999997 82
1752191226887 6.167926999999999 83
1752191237030 6.1713629999999995 84
1752191247137 6.2045439999999985 85
1752191257259 6.27017 86
1752191267365 6.298822999999999 87
1752191277484 6.648561999999998 88
1752191287606 6.6950179999999975 89
1752191297753 6.698157000000002 90
1752191307900 6.716844000000002 91
1752191318036 6.748917999999996 92
1752191328238 6.765634999999996 93
1752191338353 6.833497000000001 94
1752191348452 6.841299999999997 95
1752191358579 6.8441059999999965 96
1752191368676 6.846831999999999 97
1752191378823 6.853409999999997 98
1752191388937 6.869307999999997 99
1752191399126 7.093565999999996 100
1752191409289 7.134487 101
1752191419453 7.14179 102
1752191429545 7.144112999999997 103
1752191439685 7.1566800000000015 104
1752191449783 7.1644779999999955 105
1752191459881 7.208028999999996 106
1752191469981 7.221950999999997 107
1752191480105 7.225650999999999 108
1752191490220 7.228082999999998 109
1752191500338 7.234867999999999 110
1752191510593 7.243010999999996 111
1752191520684 7.292269999999995 112
1752191530789 7.306173000000001 113
1752191541009 7.308281000000001 114
1752191551118 7.324892999999996 115
1752191561240 7.356127000000001 116
1752191571344 7.365442000000002 117
1752191581503 7.387008000000002 118
1752191591619 7.616593999999999 119
1752191601748 7.621589999999998 120
1752191611873 7.623750000000001 121
1752191621987 7.645739999999996 122
1752191632095 7.654460999999998 123
1752191642191 7.677532999999997 124
1752191652292 7.689411 125
1752191662500 7.6926190000000005 126
1752191672609 7.695873999999996 127
1752191682720 7.706196999999996 128
1752191692827 7.721672999999996 129
1752191702960 7.756713999999995 130
1752191713137 7.7701470000000015 131
1752191723240 7.7851459999999975 132
1752191733388 7.787127999999996 133
1752191743482 7.7958909999999975 134
1752191753666 7.805226999999995 135
1752191763865 7.820827000000001 136
1752191774122 8.074635 137
1752191784220 8.277851999999996 138
1752191794338 8.284107999999996 139
1752191804454 8.299222 140
1752191814573 8.357031 141
1752191824711 8.359560000000002 142
1752191834866 8.377862 143
1752191844953 8.379706999999996 144
1752191855081 8.392885999999997 145
1752191865183 8.401888 146
1752191875271 8.447690000000001 147
1752191885410 8.455968999999996 148
1752191895559 8.461002999999998 149
1752191905667 8.467101 150
1752191915822 8.478884999999998 151
1752191925923 8.492582999999996 152
1752191936063 8.529978 153
1752191946208 8.541488999999999 154
1752191956333 8.554434999999998 155
1752191966430 8.778824 156
1752191976607 8.792724 157
1752191986709 8.796512999999997 158
1752191996818 8.833131999999999 159
1752192007026 8.859848 160
1752192017146 8.862760000000002 161
1752192027278 8.869222999999998 162
1752192037420 8.876016 163
1752192047554 8.880341999999999 164
1752192057692 8.918993999999998 165
1752192067819 8.936506000000001 166
1752192077917 8.940387000000001 167
1752192088024 8.950341000000002 168
1752192098213 8.962828000000002 169
1752192108304 8.986440000000002 170
1752192118462 9.010034999999995 171
1752192128610 9.02919 172
1752192138795 9.050168 173
1752192148958 9.078302999999998 174
1752192159061 9.292125999999996 175
1752192169176 9.30491 176
1752192179340 9.354531999999999 177
1752192189591 9.364238 178
1752192199742 9.386519999999997 179
1752192209875 9.397632999999999 180
1752192220007 9.482653999999997 181
1752192230135 9.486638999999997 182
1752192240269 9.548699999999997 183
1752192250431 9.556796999999996 184
1752192260558 9.560265999999999 185
1752192270753 9.568373000000001 186
1752192280875 9.575738000000001 187
1752192291023 9.578837 188
1752192301161 9.602568999999995 189
1752192311302 9.606001 190
1752192321434 9.608861999999995 191
1752192331620 9.623691999999998 192
1752192341748 9.631177000000001 193
1752192351863 9.640408999999998 194
1752192362047 9.687317999999998 195
1752192372156 9.695931999999999 196
1752192382286 9.698783999999996 197
1752192392409 9.706584999999997 198
1752192402508 9.712596999999995 199
1752192412633 9.717033999999998 200
1752192422866 9.765132000000001 201
1752192432986 9.779410999999996 202
1752192443099 9.782032000000001 203
1752192453274 9.785486999999996 204
1752192463387 9.799233000000001 205
1752192473503 9.803151 206
1752192483628 9.826557000000001 207
1752192493774 9.840868999999998 208
1752192503951 9.844127 209
1752192514094 9.847654999999996 210
1752192524247 9.879408999999995 211
1752192534401 9.925917999999996 212
1752192544537 9.959277999999998 213
1752192554706 9.980838999999996 214
1752192564809 9.983061999999997 215
1752192574976 9.985225999999997 216
1752192585110 9.998826000000001 217
1752192595217 10.019236999999997 218
1752192605323 10.042321999999999 219
1752192615421 10.056007999999999 220
1752192625543 10.059365999999997 221
1752192635670 10.067262999999997 222
1752192645827 10.075730999999998 223
1752192655993 10.086965 224
1752192666114 10.094122999999996 225
1752192676282 10.106561 226
1752192686411 10.113760999999997 227
1752192696499 10.116258000000002 228
1752192706638 10.123533000000002 229
1752192716781 10.155844000000002 230
1752192726942 10.162369999999996 231
1752192737033 10.177185000000001 232
1752192747146 10.180157000000001 233
1752192757256 10.188468999999998 234
1752192767391 10.202857999999999 235
1752192777534 10.229664 236
1752192787681 10.243749999999999 237
1752192797830 10.261364999999998 238
1752192807977 10.263677000000001 239
1752192818133 10.272093999999996 240
1752192828274 10.290473999999996 241
1752192838392 10.312987999999997 242
1752192848486 10.322887000000001 243
1752192858604 10.342492999999997 244
1752192868749 10.344715 245
1752192878854 10.351742000000002 246
1752192888997 10.361466999999998 247
1752192899116 10.390267999999999 248
1752192909214 10.393841000000002 249
1752192919336 10.406413999999998 250
1752192929492 10.416052999999998 251
1752192939648 10.419315999999995 252
1752192949783 10.422714 253
1752192959949 10.439616000000001 254
1752192970128 10.451077999999995 255
1752192980286 10.462990999999995 256
1752192990393 10.471002999999996 257
1752193000503 10.478209999999997 258
1752193010654 10.489671000000001 259
1752193020946 10.506296999999996 260
1752193031226 10.51162 261
1752193041351 10.518236000000002 262
1752193051543 10.528421000000002 263
1752193061669 10.53051 264
1752193071789 10.538468000000002 265
1752193081888 10.576540000000001 266
1752193092040 10.588082 267
1752193102136 10.605384 268
1752193112281 10.612099999999998 269
1752193122440 10.63521 270
1752193132614 10.651181000000001 271
1752193142757 10.747292000000002 272
1752193152923 10.754640000000002 273
1752193163080 10.768628 274
1752193173195 10.774594999999998 275
1752193183358 10.781821 276
1752193193511 10.785426999999999 277
1752193203645 10.971575000000001 278
1752193213783 11.038865000000001 279
1752193223907 11.054172999999999 280
1752193234086 11.062308999999999 281
1752193244207 11.118851 282
1752193254327 11.183067000000001 283
1752193264477 11.190818 284
1752193274625 11.195391999999998 285
1752193284795 11.203198 286
1752193294985 11.209721000000002 287
1752193305135 11.219132000000002 288
1752193315251 11.25244 289
1752193325358 11.282604999999997 290
1752193335543 11.296996999999998 291
1752193345647 11.307955999999997 292
1752193355759 11.323723000000001 293
1752193365890 11.326273 294
1752193376081 11.365893 295
1752193386199 11.374494999999996 296
1752193396353 11.380136999999998 297
1752193406474 11.388081999999997 298
1752193416651 11.394016999999998 299
1752193426830 11.406591999999996 300
1752193436934 11.415506 301
1752193447076 11.442403999999996 302
1752193457176 11.456260999999998 303
1752193467288 11.463881999999998 304
1752193477445 11.475735999999998 305
1752193487575 11.479970999999999 306
1752193497730 11.519692 307
1752193507904 11.561160000000001 308
1752193518060 11.570917000000001 309
1752193528218 11.592518999999996 310
1752193538357 11.594515999999999 311
1752193548487 11.614289999999997 312
1752193558613 11.669514 313
1752193568772 11.674985 314
1752193578932 11.697727 315
1752193589044 11.70543 316
1752193599195 11.712874 317
1752193609362 11.733911999999997 318
1752193619520 11.755065000000002 319
1752193629664 11.760757999999996 320
1752193639803 11.767862000000001 321
1752193650124 11.775754999999997 322
1752193660262 11.779544999999999 323
1752193670411 11.786947999999995 324
1752193680528 11.83457 325
1752193690653 11.838361999999996 326
1752193700798 11.857794999999996 327
1752193710919 11.864692999999995 328
1752193721041 11.881794999999997 329
1752193731231 11.896581999999995 330
1752193741412 11.94115 331
1752193751533 11.950584999999997 332
1752193761690 11.962807999999995 333
1752193771807 11.969369 334
1752193781926 11.972484000000001 335
1752193792104 11.981541999999997 336
1752193802256 12.003634999999996 337
1752193812378 12.017522999999997 338
1752193822510 12.034687999999996 339
1752193832647 12.043996 340
1752193842860 12.050272 341
1752193852991 12.057787999999995 342
1752193863150 12.090596999999995 343
1752193873302 12.100184999999996 344
1752193883422 12.108624999999996 345
1752193893535 12.115426999999997 346
1752193903680 12.130333999999998 347
1752193913798 12.140260999999995 348
1752193923916 12.196855 349
1752193934044 12.207242 350
1752193944249 12.221029000000001 351
1752193954397 12.235386999999996 352
1752193964498 12.241526 353
1752193974610 12.26981 354
1752193984713 12.271555999999997 355
1752193994832 12.286929 356
1752194004974 12.350349999999999 357
1752194015094 12.406296999999995 358
1752194025196 12.423879 359
1752194035356 15.076991999999997 360
1752194045488 15.099004999999998 361
1752194055587 15.101942999999999 362
1752194066018 15.108668000000002 363
1752194076149 15.125579000000002 364
1752194086233 15.136499999999998 365
1752194096519 15.163454000000002 366
1752194106595 15.223531000000001 367
1752194116734 15.251064 368
1752194127056 15.597352999999998 369
1752194137183 15.704991999999997 370
