1752190384805 0.0009179999999986421 0
1752190394987 0.0729779999999991 1
1752190405091 10.058941 2
1752190415178 36.587171 3
1752190425273 36.691609 4
1752190435496 36.79588 5
1752190445689 36.82567 6
1752190455826 36.868281999999994 7
1752190465992 36.888982999999996 8
1752190476121 36.904217 9
1752190486271 36.908118 10
1752190496405 36.939797 11
1752190506500 36.949926000000005 12
1752190516608 36.95642599999999 13
1752190526760 36.976172000000005 14
1752190536854 36.986172999999994 15
1752190546956 37.015277999999995 16
1752190557063 37.034774 17
1752190567161 37.058937 18
1752190577377 37.061252999999994 19
1752190587521 37.06560399999999 20
1752190597668 37.099429 21
1752190607821 37.102717 22
1752190617939 37.129864 23
1752190628236 37.238963 24
1752190638579 37.248825 25
1752190648796 37.307507 26
1752190658902 37.323527999999996 27
1752190668983 37.350734 28
1752190679118 37.400947 29
1752190689223 37.41967699999999 30
1752190699389 37.423384999999996 31
1752190709551 37.434748 32
1752190719652 37.535562 33
1752190729800 37.538574 34
1752190739960 37.55695899999999 35
1752190750052 37.576126 36
1752190760163 37.579667 37
1752190770283 37.59131599999999 38
1752190780451 37.606375 39
1752190790587 37.615438 40
1752190800721 37.677240999999995 41
1752190810864 37.736557000000005 42
1752190821158 37.744116000000005 43
1752190831316 37.774863999999994 44
1752190841387 37.83969999999999 45
1752190851468 37.849684999999994 46
1752190861555 37.88660899999999 47
1752190871747 37.894278 48
1752190881910 37.902632999999994 49
1752190892072 37.905136999999996 50
1752190902239 37.909098 51
1752190912334 37.922630999999996 52
1752190922548 37.947796 53
1752190932662 37.958416 54
1752190942823 37.967771 55
1752190953006 37.974458 56
1752190963140 37.986059999999995 57
1752190973229 37.99630499999999 58
1752190983326 38.023482 59
1752190993444 38.031130000000005 60
1752191003580 38.039873 61
1752191013685 38.05931699999999 62
1752191023797 38.149693 63
1752191033959 38.203632 64
1752191044105 38.26552099999999 65
1752191054184 38.27432999999999 66
1752191064275 38.283711 67
1752191074416 38.311882999999995 68
1752191084543 38.31716899999999 69
1752191094657 38.349568000000005 70
1752191104754 38.35094599999999 71
1752191114867 38.356117999999995 72
1752191125478 38.372975 73
1752191135582 38.382267 74
1752191145742 38.38665399999999 75
1752191155960 38.404869000000005 76
1752191166053 38.420714000000004 77
1752191176166 38.423433 78
1752191186262 38.432013 79
1752191196422 38.434105 80
1752191206570 38.496168 81
1752191216748 38.549685 82
1752191226887 38.56085 83
1752191237030 38.56559 84
1752191247137 38.585863 85
1752191257259 38.59926899999999 86
1752191267365 38.631021000000004 87
1752191277484 38.690691 88
1752191287606 38.74865 89
1752191297753 38.751265000000004 90
1752191307900 38.768935 91
1752191318036 38.805971 92
1752191328238 38.88328799999999 93
1752191338353 38.942949 94
1752191348452 38.951042 95
1752191358579 38.954398 96
1752191368676 38.958603999999994 97
1752191378823 38.965810000000005 98
1752191388937 38.978858 99
1752191399126 39.019940000000005 100
1752191409289 39.05098099999999 101
1752191419453 39.064997000000005 102
1752191429545 39.06649899999999 103
1752191439685 39.07643899999999 104
1752191449783 39.079671000000005 105
1752191459881 39.118120000000005 106
1752191469981 39.128344 107
1752191480105 39.13104 108
1752191490220 39.134778999999995 109
1752191500338 39.142375 110
1752191510593 39.146181999999996 111
1752191520684 39.225393999999994 112
1752191530789 39.24191999999999 113
1752191541009 39.243415999999996 114
1752191551118 39.273633000000004 115
1752191561240 39.300768000000005 116
1752191571344 39.30600199999999 117
1752191581503 39.327293 118
1752191591619 39.374443 119
1752191601748 39.37698999999999 120
1752191611873 39.379458 121
1752191621987 39.46048999999999 122
1752191632095 39.466105 123
1752191642191 39.493278000000004 124
1752191652292 39.507165 125
1752191662500 39.510723 126
1752191672609 39.512366 127
1752191682720 39.520382999999995 128
1752191692827 39.533255 129
1752191702960 39.561087 130
1752191713137 39.592878999999996 131
1752191723240 39.610924 132
1752191733388 39.61337399999999 133
1752191743482 39.623051000000004 134
1752191753666 39.629267 135
1752191763865 39.643803000000005 136
1752191774122 39.688669000000004 137
1752191784220 39.718996000000004 138
1752191794338 39.721126999999996 139
1752191804454 39.73603299999999 140
1752191814573 39.781238 141
1752191824711 39.783908 142
1752191834866 39.805049999999994 143
1752191844953 39.807401 144
1752191855081 39.824597 145
1752191865183 39.834720000000004 146
1752191875271 39.864771000000005 147
1752191885410 39.871373000000006 148
1752191895559 39.881422 149
1752191905667 39.888076999999996 150
1752191915822 39.89208599999999 151
1752191925923 39.968469 152
1752191936063 40.016654 153
1752191946208 40.028881999999996 154
1752191956333 40.046952000000005 155
1752191966430 40.09130400000001 156
1752191976607 40.103594 157
1752191986709 40.107004 158
1752191996818 40.14047500000001 159
1752192007026 40.171249 160
1752192017146 40.174789000000004 161
1752192027278 40.18155 162
1752192037420 40.183741 163
1752192047554 40.18721600000001 164
1752192057692 40.21073200000001 165
1752192067819 40.225014 166
1752192077917 40.227959 167
1752192088024 40.236532 168
1752192098213 40.25475900000001 169
1752192108304 40.289739 170
1752192118462 40.306956 171
1752192128610 40.328804000000005 172
1752192138795 40.35067600000001 173
1752192148958 40.369896 174
1752192159061 40.40940500000001 175
1752192169176 40.43561 176
1752192179340 40.478503 177
1752192189591 40.48741100000001 178
1752192199742 40.530247 179
1752192209875 40.56156800000001 180
1752192220007 40.65777 181
1752192230135 40.662042 182
1752192240269 40.714946 183
1752192250431 40.72337 184
1752192260558 40.726198 185
1752192270753 40.735749 186
1752192280875 40.738758000000004 187
1752192291023 40.74118200000001 188
1752192301161 40.767255000000006 189
1752192311302 40.769707 190
1752192321434 40.771951 191
1752192331620 40.787903 192
1752192341748 40.79564500000001 193
1752192351863 40.805454 194
1752192362047 40.833791000000005 195
1752192372156 40.84308 196
1752192382286 40.845533 197
1752192392409 40.85364800000001 198
1752192402508 40.85638300000001 199
1752192412633 40.85953000000001 200
1752192422866 40.93547600000001 201
1752192432986 40.95284600000001 202
1752192443099 40.95495100000001 203
1752192453274 40.962074 204
1752192463387 40.978201999999996 205
1752192473503 40.981263999999996 206
1752192483628 41.007695 207
1752192493774 41.02293300000001 208
1752192503951 41.026587000000006 209
1752192514094 41.02799900000001 210
1752192524247 41.121098 211
1752192534401 41.146361999999996 212
1752192544537 41.18911800000001 213
1752192554706 41.206727 214
1752192564809 41.209474 215
1752192574976 41.211141 216
1752192585110 41.22868100000001 217
1752192595217 41.248748000000006 218
1752192605323 41.28045300000001 219
1752192615421 41.302396 220
1752192625543 41.305814999999996 221
1752192635670 41.309039 222
1752192645827 41.318155000000004 223
1752192655993 41.33308600000001 224
1752192666114 41.336521000000005 225
1752192676282 41.350785 226
1752192686411 41.35482900000001 227
1752192696499 41.3566 228
1752192706638 41.364462 229
1752192716781 41.386972 230
1752192726942 41.388757999999996 231
1752192737033 41.411606000000006 232
1752192747146 41.414895 233
1752192757256 41.4217 234
1752192767391 41.437411 235
1752192777534 41.456672 236
1752192787681 41.470264 237
1752192797830 41.487492 238
1752192807977 41.490278 239
1752192818133 41.500361999999996 240
1752192828274 41.58189900000001 241
1752192838392 41.603547000000006 242
1752192848486 41.611537999999996 243
1752192858604 41.62613 244
1752192868749 41.627832 245
1752192878854 41.630044999999996 246
1752192888997 41.641722 247
1752192899116 41.662327000000005 248
1752192909214 41.665593 249
1752192919336 41.675213 250
1752192929492 41.68522800000001 251
1752192939648 41.688697000000005 252
1752192949783 41.691596000000004 253
1752192959949 41.707498 254
1752192970128 41.72046400000001 255
1752192980286 41.729107 256
1752192990393 41.737097000000006 257
1752193000503 41.739609 258
1752193010654 41.75344200000001 259
1752193020946 41.77413 260
1752193031226 41.784678 261
1752193041351 41.78672 262
1752193051543 41.802904 263
1752193061669 41.80447600000001 264
1752193071789 41.815476000000004 265
1752193081888 41.84011600000001 266
1752193092040 41.85518400000001 267
1752193102136 41.868601 268
1752193112281 41.875755999999996 269
1752193122440 41.952861999999996 270
1752193132614 41.974132 271
1752193142757 42.114383000000004 272
1752193152923 42.118466 273
1752193163080 42.127962 274
1752193173195 42.135557000000006 275
1752193183358 42.140614 276
1752193193511 42.145066 277
1752193203645 42.37450200000001 278
1752193213783 42.494572000000005 279
1752193223907 42.504228 280
1752193234086 42.51158000000001 281
1752193244207 42.66997500000001 282
1752193254327 42.80619800000001 283
1752193264477 42.838206 284
1752193274625 42.840680000000006 285
1752193284795 42.845848000000004 286
1752193294985 42.85292200000001 287
1752193305135 42.86341300000001 288
1752193315251 42.92550800000001 289
1752193325358 43.029612 290
1752193335543 43.047689000000005 291
1752193345647 43.055434000000005 292
1752193355759 43.081328 293
1752193365890 43.083275 294
1752193376081 43.127504 295
1752193386199 43.143187 296
1752193396353 43.147085000000004 297
1752193406474 43.151740000000004 298
1752193416651 43.158266 299
1752193426830 43.22619400000001 300
1752193436934 43.234065 301
1752193447076 43.25763500000001 302
1752193457176 43.273043 303
1752193467288 43.277024 304
1752193477445 43.285444 305
1752193487575 43.28886800000001 306
1752193497730 43.317313 307
1752193507904 43.389801000000006 308
1752193518060 43.403448 309
1752193528218 43.424094 310
1752193538357 43.425985 311
1752193548487 43.44843900000001 312
1752193558613 43.49699100000001 313
1752193568772 43.499598000000006 314
1752193578932 43.522335 315
1752193589044 43.528616 316
1752193599195 43.531677 317
1752193609362 43.564972 318
1752193619520 43.583016 319
1752193629664 43.594989999999996 320
1752193639803 43.602833000000004 321
1752193650124 43.61034000000001 322
1752193660262 43.615465 323
1752193670411 43.623119 324
1752193680528 43.673415000000006 325
1752193690653 43.676592 326
1752193700798 43.697649999999996 327
1752193710919 43.69997600000001 328
1752193721041 43.776892000000004 329
1752193731231 43.790904 330
1752193741412 43.82353500000001 331
1752193751533 43.831171 332
1752193761690 43.841278 333
1752193771807 43.844229999999996 334
1752193781926 43.848116000000005 335
1752193792104 43.858861000000005 336
1752193802256 43.878603999999996 337
1752193812378 43.888468 338
1752193822510 43.908832000000004 339
1752193832647 43.913357000000005 340
1752193842860 43.916107 341
1752193852991 43.924217 342
1752193863150 43.953995000000006 343
1752193873302 43.958242999999996 344
1752193883422 43.966181000000006 345
1752193893535 43.97022700000001 346
1752193903680 43.981156 347
1752193913798 43.99199900000001 348
1752193923916 44.03734300000001 349
1752193934044 44.05576000000001 350
1752193944249 44.070302 351
1752193954397 44.082741999999996 352
1752193964498 44.087074 353
1752193974610 44.115699000000006 354
1752193984713 44.11711700000001 355
1752193994832 44.132819 356
1752194004974 44.469316000000006 357
1752194015094 44.580254 358
1752194025196 44.66319300000001 359
1752194035356 44.738433 360
1752194045488 44.756889 361
1752194055587 44.759373 362
1752194066018 44.766469 363
1752194076149 44.776365 364
1752194086233 44.785307 365
1752194096519 44.80899600000001 366
1752194106595 45.168735 367
1752194116734 45.239642 368
1752194127056 45.318912 369
1752194137183 45.351518999999996 370
