1752190384805 70.2 0
1752190394987 72.5 1
1752190405091 72.3 2
1752190415178 73.1 3
1752190425273 73.0 4
1752190435496 74.3 5
1752190445689 72.0 6
1752190455826 72.3 7
1752190465992 71.2 8
1752190476121 71.2 9
1752190486271 71.3 10
1752190496405 71.3 11
1752190506500 71.3 12
1752190516608 71.4 13
1752190526760 71.3 14
1752190536854 71.4 15
1752190546956 71.3 16
1752190557063 71.4 17
1752190567161 71.6 18
1752190577377 71.0 19
1752190587521 71.1 20
1752190597668 71.2 21
1752190607821 71.2 22
1752190617939 71.3 23
1752190628236 71.5 24
1752190638579 71.8 25
1752190648796 72.6 26
1752190658902 71.4 27
1752190668983 71.6 28
1752190679118 71.2 29
1752190689223 71.5 30
1752190699389 71.5 31
1752190709551 71.4 32
1752190719652 71.5 33
1752190729800 71.4 34
1752190739960 71.5 35
1752190750052 71.6 36
1752190760163 71.6 37
1752190770283 71.5 38
1752190780451 71.6 39
1752190790587 71.6 40
1752190800721 71.6 41
1752190810864 71.8 42
1752190821158 71.7 43
1752190831316 72.1 44
1752190841387 71.8 45
1752190851468 71.5 46
1752190861555 72.0 47
1752190871747 72.2 48
1752190881910 72.1 49
1752190892072 72.0 50
1752190902239 72.2 51
1752190912334 72.2 52
1752190922548 72.2 53
1752190932662 72.4 54
1752190942823 72.1 55
1752190953006 72.4 56
1752190963140 72.6 57
1752190973229 72.6 58
1752190983326 72.6 59
1752190993444 72.6 60
1752191003580 72.9 61
1752191013685 72.7 62
1752191023797 73.4 63
1752191033959 73.1 64
1752191044105 73.1 65
1752191054184 72.5 66
1752191064275 72.2 67
1752191074416 72.6 68
1752191084543 72.3 69
1752191094657 72.5 70
1752191104754 72.6 71
1752191114867 72.8 72
1752191125478 72.7 73
1752191135582 72.5 74
1752191145742 72.9 75
1752191155960 72.9 76
1752191166053 72.9 77
1752191176166 73.0 78
1752191186262 72.8 79
1752191196422 73.1 80
1752191206570 73.0 81
1752191216748 72.9 82
1752191226887 72.9 83
1752191237030 72.8 84
1752191247137 73.4 85
1752191257259 73.4 86
1752191267365 73.2 87
1752191277484 73.6 88
1752191287606 73.0 89
1752191297753 73.0 90
1752191307900 73.0 91
1752191318036 73.1 92
1752191328238 73.1 93
1752191338353 73.3 94
1752191348452 73.4 95
1752191358579 73.4 96
1752191368676 73.6 97
1752191378823 73.6 98
1752191388937 73.8 99
1752191399126 74.2 100
1752191409289 73.6 101
1752191419453 73.6 102
1752191429545 73.6 103
1752191439685 73.6 104
1752191449783 73.8 105
1752191459881 73.6 106
1752191469981 73.9 107
1752191480105 73.8 108
1752191490220 74.0 109
1752191500338 74.0 110
1752191510593 74.0 111
1752191520684 73.8 112
1752191530789 74.3 113
1752191541009 74.2 114
1752191551118 74.2 115
1752191561240 74.2 116
1752191571344 74.4 117
1752191581503 74.4 118
1752191591619 74.5 119
1752191601748 74.3 120
1752191611873 74.4 121
1752191621987 74.5 122
1752191632095 74.4 123
1752191642191 74.3 124
1752191652292 74.0 125
1752191662500 74.4 126
1752191672609 74.5 127
1752191682720 74.4 128
1752191692827 74.6 129
1752191702960 74.6 130
1752191713137 74.6 131
1752191723240 74.6 132
1752191733388 74.5 133
1752191743482 74.6 134
1752191753666 74.6 135
1752191763865 74.6 136
1752191774122 74.9 137
1752191784220 74.9 138
1752191794338 74.7 139
1752191804454 74.6 140
1752191814573 74.7 141
1752191824711 74.7 142
1752191834866 74.7 143
1752191844953 74.5 144
1752191855081 74.6 145
1752191865183 74.9 146
1752191875271 74.9 147
1752191885410 74.7 148
1752191895559 75.0 149
1752191905667 74.9 150
1752191915822 75.1 151
1752191925923 75.1 152
1752191936063 75.1 153
1752191946208 75.0 154
1752191956333 74.8 155
1752191966430 75.6 156
1752191976607 75.1 157
1752191986709 75.1 158
1752191996818 75.1 159
1752192007026 75.1 160
1752192017146 75.1 161
1752192027278 75.1 162
1752192037420 75.1 163
1752192047554 76.8 164
1752192057692 76.8 165
1752192067819 76.8 166
1752192077917 76.9 167
1752192088024 76.8 168
1752192098213 76.8 169
1752192108304 76.8 170
1752192118462 76.8 171
1752192128610 76.8 172
1752192138795 76.8 173
1752192148958 76.8 174
1752192159061 76.7 175
1752192169176 76.8 176
1752192179340 76.9 177
1752192189591 77.0 178
1752192199742 77.4 179
1752192209875 77.1 180
1752192220007 77.0 181
1752192230135 77.0 182
1752192240269 77.2 183
1752192250431 77.4 184
1752192260558 77.5 185
1752192270753 77.4 186
1752192280875 77.5 187
1752192291023 77.5 188
1752192301161 77.5 189
1752192311302 77.6 190
1752192321434 77.6 191
1752192331620 77.6 192
1752192341748 77.6 193
1752192351863 77.7 194
1752192362047 77.9 195
1752192372156 78.0 196
1752192382286 77.7 197
1752192392409 77.7 198
1752192402508 77.7 199
1752192412633 77.6 200
1752192422866 77.7 201
1752192432986 77.6 202
1752192443099 77.6 203
1752192453274 77.5 204
1752192463387 77.6 205
1752192473503 77.6 206
1752192483628 77.7 207
1752192493774 77.7 208
1752192503951 77.7 209
1752192514094 77.8 210
1752192524247 77.8 211
1752192534401 77.8 212
1752192544537 78.0 213
1752192554706 77.9 214
1752192564809 78.2 215
1752192574976 78.1 216
1752192585110 78.1 217
1752192595217 78.1 218
1752192605323 77.9 219
1752192615421 78.2 220
1752192625543 78.3 221
1752192635670 78.3 222
1752192645827 78.2 223
1752192655993 78.5 224
1752192666114 78.5 225
1752192676282 78.2 226
1752192686411 78.5 227
1752192696499 78.5 228
1752192706638 78.6 229
1752192716781 78.5 230
1752192726942 78.6 231
1752192737033 78.4 232
1752192747146 78.3 233
1752192757256 78.6 234
1752192767391 78.6 235
1752192777534 78.6 236
1752192787681 78.7 237
1752192797830 78.6 238
1752192807977 78.6 239
1752192818133 78.6 240
1752192828274 78.6 241
1752192838392 78.9 242
1752192848486 78.9 243
1752192858604 79.1 244
1752192868749 79.0 245
1752192878854 78.7 246
1752192888997 78.9 247
1752192899116 79.1 248
1752192909214 78.9 249
1752192919336 79.1 250
1752192929492 79.0 251
1752192939648 79.0 252
1752192949783 79.0 253
1752192959949 79.0 254
1752192970128 79.0 255
1752192980286 78.8 256
1752192990393 79.1 257
1752193000503 78.9 258
1752193010654 79.2 259
1752193020946 79.2 260
1752193031226 79.3 261
1752193041351 79.1 262
1752193051543 79.1 263
1752193061669 79.1 264
1752193071789 79.0 265
1752193081888 79.1 266
1752193092040 79.2 267
1752193102136 79.1 268
1752193112281 79.2 269
1752193122440 79.1 270
1752193132614 79.2 271
1752193142757 79.3 272
1752193152923 79.4 273
1752193163080 79.4 274
1752193173195 79.4 275
1752193183358 79.4 276
1752193193511 79.4 277
1752193203645 79.5 278
1752193213783 79.4 279
1752193223907 79.3 280
1752193234086 79.4 281
1752193244207 79.5 282
1752193254327 79.8 283
1752193264477 79.9 284
1752193274625 79.9 285
1752193284795 79.6 286
1752193294985 79.6 287
1752193305135 79.5 288
1752193315251 79.6 289
1752193325358 79.7 290
1752193335543 79.6 291
1752193345647 79.7 292
1752193355759 79.7 293
1752193365890 79.6 294
1752193376081 79.7 295
1752193386199 79.9 296
1752193396353 79.9 297
1752193406474 79.9 298
1752193416651 79.8 299
1752193426830 79.8 300
1752193436934 79.9 301
1752193447076 80.0 302
1752193457176 80.1 303
1752193467288 79.6 304
1752193477445 80.0 305
1752193487575 80.0 306
1752193497730 80.2 307
1752193507904 80.2 308
1752193518060 80.1 309
1752193528218 79.9 310
1752193538357 79.9 311
1752193548487 79.8 312
1752193558613 79.6 313
1752193568772 80.1 314
1752193578932 80.1 315
1752193589044 80.1 316
1752193599195 80.1 317
1752193609362 80.2 318
1752193619520 80.2 319
1752193629664 80.1 320
1752193639803 80.1 321
1752193650124 80.2 322
1752193660262 79.9 323
1752193670411 80.1 324
1752193680528 80.1 325
1752193690653 80.2 326
1752193700798 80.2 327
1752193710919 80.2 328
1752193721041 80.2 329
1752193731231 80.2 330
1752193741412 80.6 331
1752193751533 80.5 332
1752193761690 80.3 333
1752193771807 80.4 334
1752193781926 80.1 335
1752193792104 80.6 336
1752193802256 80.6 337
1752193812378 80.7 338
1752193822510 80.6 339
1752193832647 80.3 340
1752193842860 80.6 341
1752193852991 80.4 342
1752193863150 80.4 343
1752193873302 80.6 344
1752193883422 80.6 345
1752193893535 80.6 346
1752193903680 80.7 347
1752193913798 80.6 348
1752193923916 80.5 349
1752193934044 80.8 350
1752193944249 80.6 351
1752193954397 80.8 352
1752193964498 80.6 353
1752193974610 80.7 354
1752193984713 80.9 355
1752193994832 80.8 356
1752194004974 81.6 357
1752194015094 81.7 358
1752194025196 81.6 359
1752194035356 81.6 360
1752194045488 81.5 361
1752194055587 81.9 362
1752194066018 82.3 363
1752194076149 82.8 364
1752194086233 83.3 365
1752194096519 83.9 366
1752194106595 85.8 367
1752194116734 85.5 368
1752194127056 87.2 369
1752194137183 86.8 370
