1752190384805 23886.4 0
1752190394987 24681.5 1
1752190405091 24614.9 2
1752190415178 24886.2 3
1752190425273 24837.0 4
1752190435496 25292.8 5
1752190445689 24512.8 6
1752190455826 24614.3 7
1752190465992 24214.2 8
1752190476121 24233.5 9
1752190486271 24264.7 10
1752190496405 24273.1 11
1752190506500 24278.9 12
1752190516608 24294.0 13
1752190526760 24258.6 14
1752190536854 24308.8 15
1752190546956 24259.2 16
1752190557063 24295.9 17
1752190567161 24365.6 18
1752190577377 24168.9 19
1752190587521 24203.3 20
1752190597668 24240.3 21
1752190607821 24235.2 22
1752190617939 24263.9 23
1752190628236 24337.3 24
1752190638579 24418.6 25
1752190648796 24704.3 26
1752190658902 24297.2 27
1752190668983 24348.3 28
1752190679118 24217.5 29
1752190689223 24342.3 30
1752190699389 24316.6 31
1752190709551 24305.3 32
1752190719652 24322.9 33
1752190729800 24310.1 34
1752190739960 24338.8 35
1752190750052 24357.1 36
1752190760163 24374.0 37
1752190770283 24344.4 38
1752190780451 24351.5 39
1752190790587 24361.8 40
1752190800721 24381.8 41
1752190810864 24419.2 42
1752190821158 24414.9 43
1752190831316 24542.6 44
1752190841387 24431.6 45
1752190851468 24331.5 46
1752190861555 24497.3 47
1752190871747 24566.7 48
1752190881910 24522.1 49
1752190892072 24517.1 50
1752190902239 24571.7 51
1752190912334 24578.5 52
1752190922548 24578.0 53
1752190932662 24651.2 54
1752190942823 24536.8 55
1752190953006 24629.9 56
1752190963140 24694.7 57
1752190973229 24713.9 58
1752190983326 24711.7 59
1752190993444 24703.3 60
1752191003580 24804.4 61
1752191013685 24729.8 62
1752191023797 24978.9 63
1752191033959 24882.6 64
1752191044105 24862.8 65
1752191054184 24664.6 66
1752191064275 24571.8 67
1752191074416 24691.1 68
1752191084543 24598.8 69
1752191094657 24688.0 70
1752191104754 24692.6 71
1752191114867 24775.8 72
1752191125478 24753.5 73
1752191135582 24682.7 74
1752191145742 24800.3 75
1752191155960 24795.3 76
1752191166053 24807.9 77
1752191176166 24831.8 78
1752191186262 24760.8 79
1752191196422 24886.1 80
1752191206570 24851.4 81
1752191216748 24815.0 82
1752191226887 24796.5 83
1752191237030 24788.9 84
1752191247137 24993.9 85
1752191257259 24987.8 86
1752191267365 24909.8 87
1752191277484 25059.8 88
1752191287606 24842.9 89
1752191297753 24829.5 90
1752191307900 24828.3 91
1752191318036 24865.2 92
1752191328238 24879.8 93
1752191338353 24949.2 94
1752191348452 24993.6 95
1752191358579 24993.7 96
1752191368676 25058.5 97
1752191378823 25043.1 98
1752191388937 25108.8 99
1752191399126 25238.3 100
1752191409289 25058.0 101
1752191419453 25057.4 102
1752191429545 25051.1 103
1752191439685 25038.6 104
1752191449783 25107.0 105
1752191459881 25035.7 106
1752191469981 25132.9 107
1752191480105 25109.6 108
1752191490220 25190.4 109
1752191500338 25184.6 110
1752191510593 25175.5 111
1752191520684 25110.0 112
1752191530789 25275.5 113
1752191541009 25236.4 114
1752191551118 25260.6 115
1752191561240 25237.2 116
1752191571344 25300.8 117
1752191581503 25317.9 118
1752191591619 25349.2 119
1752191601748 25298.7 120
1752191611873 25329.9 121
1752191621987 25337.6 122
1752191632095 25312.5 123
1752191642191 25282.0 124
1752191652292 25196.5 125
1752191662500 25319.3 126
1752191672609 25340.9 127
1752191682720 25315.9 128
1752191692827 25387.8 129
1752191702960 25378.4 130
1752191713137 25379.0 131
1752191723240 25374.5 132
1752191733388 25363.7 133
1752191743482 25379.6 134
1752191753666 25370.4 135
1752191763865 25397.4 136
1752191774122 25487.3 137
1752191784220 25500.5 138
1752191794338 25407.8 139
1752191804454 25401.0 140
1752191814573 25424.5 141
1752191824711 25404.7 142
1752191834866 25431.7 143
1752191844953 25335.8 144
1752191855081 25392.1 145
1752191865183 25483.4 146
1752191875271 25483.0 147
1752191885410 25418.8 148
1752191895559 25509.8 149
1752191905667 25501.5 150
1752191915822 25541.2 151
1752191925923 25558.2 152
1752191936063 25557.1 153
1752191946208 25515.7 154
1752191956333 25466.6 155
1752191966430 25719.7 156
1752191976607 25543.0 157
1752191986709 25565.1 158
1752191996818 25551.0 159
1752192007026 25542.0 160
1752192017146 25557.1 161
1752192027278 25540.9 162
1752192037420 25545.3 163
1752192047554 26143.7 164
1752192057692 26120.8 165
1752192067819 26134.0 166
1752192077917 26157.9 167
1752192088024 26127.4 168
1752192098213 26137.2 169
1752192108304 26135.2 170
1752192118462 26138.6 171
1752192128610 26136.6 172
1752192138795 26135.9 173
1752192148958 26136.8 174
1752192159061 26097.7 175
1752192169176 26134.7 176
1752192179340 26152.3 177
1752192189591 26205.3 178
1752192199742 26322.8 179
1752192209875 26222.0 180
1752192220007 26204.6 181
1752192230135 26197.0 182
1752192240269 26258.2 183
1752192250431 26341.0 184
1752192260558 26356.8 185
1752192270753 26325.3 186
1752192280875 26375.6 187
1752192291023 26375.6 188
1752192301161 26373.0 189
1752192311302 26402.9 190
1752192321434 26413.5 191
1752192331620 26413.8 192
1752192341748 26414.6 193
1752192351863 26433.5 194
1752192362047 26492.0 195
1752192372156 26525.7 196
1752192382286 26438.6 197
1752192392409 26456.9 198
1752192402508 26429.5 199
1752192412633 26417.3 200
1752192422866 26440.6 201
1752192432986 26410.3 202
1752192443099 26407.1 203
1752192453274 26381.7 204
1752192463387 26400.1 205
1752192473503 26401.3 206
1752192483628 26436.6 207
1752192493774 26429.1 208
1752192503951 26454.4 209
1752192514094 26471.2 210
1752192524247 26482.3 211
1752192534401 26472.8 212
1752192544537 26557.8 213
1752192554706 26523.6 214
1752192564809 26595.2 215
1752192574976 26566.9 216
1752192585110 26578.9 217
1752192595217 26589.0 218
1752192605323 26508.1 219
1752192615421 26623.2 220
1752192625543 26643.5 221
1752192635670 26645.3 222
1752192645827 26626.4 223
1752192655993 26713.4 224
1752192666114 26701.3 225
1752192676282 26594.6 226
1752192686411 26700.8 227
1752192696499 26717.0 228
1752192706638 26754.8 229
1752192716781 26696.7 230
1752192726942 26736.3 231
1752192737033 26671.0 232
1752192747146 26644.2 233
1752192757256 26748.1 234
1752192767391 26748.3 235
1752192777534 26742.7 236
1752192787681 26767.7 237
1752192797830 26751.8 238
1752192807977 26743.3 239
1752192818133 26762.8 240
1752192828274 26747.8 241
1752192838392 26835.8 242
1752192848486 26848.2 243
1752192858604 26925.1 244
1752192868749 26867.8 245
1752192878854 26766.5 246
1752192888997 26860.3 247
1752192899116 26917.5 248
1752192909214 26847.5 249
1752192919336 26907.6 250
1752192929492 26890.7 251
1752192939648 26890.4 252
1752192949783 26872.5 253
1752192959949 26893.0 254
1752192970128 26899.7 255
1752192980286 26822.0 256
1752192990393 26904.0 257
1752193000503 26860.9 258
1752193010654 26964.3 259
1752193020946 26964.8 260
1752193031226 26981.8 261
1752193041351 26910.0 262
1752193051543 26901.6 263
1752193061669 26920.2 264
1752193071789 26895.1 265
1752193081888 26932.8 266
1752193092040 26950.9 267
1752193102136 26933.4 268
1752193112281 26940.4 269
1752193122440 26933.7 270
1752193132614 26934.4 271
1752193142757 26996.0 272
1752193152923 27023.0 273
1752193163080 27003.8 274
1752193173195 27022.4 275
1752193183358 27010.0 276
1752193193511 27019.9 277
1752193203645 27043.7 278
1752193213783 27025.5 279
1752193223907 26999.9 280
1752193234086 27033.4 281
1752193244207 27057.3 282
1752193254327 27163.0 283
1752193264477 27177.7 284
1752193274625 27176.5 285
1752193284795 27081.9 286
1752193294985 27075.4 287
1752193305135 27067.8 288
1752193315251 27100.2 289
1752193325358 27112.1 290
1752193335543 27091.4 291
1752193345647 27123.4 292
1752193355759 27104.7 293
1752193365890 27095.0 294
1752193376081 27117.3 295
1752193386199 27195.8 296
1752193396353 27180.3 297
1752193406474 27174.9 298
1752193416651 27171.8 299
1752193426830 27160.7 300
1752193436934 27203.0 301
1752193447076 27234.6 302
1752193457176 27240.4 303
1752193467288 27102.0 304
1752193477445 27225.6 305
1752193487575 27223.3 306
1752193497730 27290.3 307
1752193507904 27277.5 308
1752193518060 27242.7 309
1752193528218 27175.6 310
1752193538357 27185.5 311
1752193548487 27167.6 312
1752193558613 27077.1 313
1752193568772 27261.9 314
1752193578932 27245.6 315
1752193589044 27259.7 316
1752193599195 27270.6 317
1752193609362 27280.6 318
1752193619520 27286.4 319
1752193629664 27247.0 320
1752193639803 27266.4 321
1752193650124 27280.3 322
1752193660262 27192.7 323
1752193670411 27273.9 324
1752193680528 27268.1 325
1752193690653 27307.4 326
1752193700798 27282.3 327
1752193710919 27305.9 328
1752193721041 27282.0 329
1752193731231 27291.4 330
1752193741412 27421.4 331
1752193751533 27389.6 332
1752193761690 27340.1 333
1752193771807 27374.5 334
1752193781926 27274.3 335
1752193792104 27436.7 336
1752193802256 27430.3 337
1752193812378 27457.0 338
1752193822510 27430.0 339
1752193832647 27341.6 340
1752193842860 27413.1 341
1752193852991 27357.7 342
1752193863150 27364.5 343
1752193873302 27439.6 344
1752193883422 27417.2 345
1752193893535 27435.2 346
1752193903680 27449.2 347
1752193913798 27443.2 348
1752193923916 27391.5 349
1752193934044 27494.3 350
1752193944249 27439.0 351
1752193954397 27502.8 352
1752193964498 27417.0 353
1752193974610 27457.1 354
1752193984713 27539.5 355
1752193994832 27491.6 356
1752194004974 27751.6 357
1752194015094 27788.7 358
1752194025196 27784.5 359
1752194035356 27753.1 360
1752194045488 27749.8 361
1752194055587 27861.9 362
1752194066018 28012.4 363
1752194076149 28176.8 364
1752194086233 28359.1 365
1752194096519 28548.9 366
1752194106595 29205.9 367
1752194116734 29105.2 368
1752194127056 29675.8 369
1752194137183 29531.9 370
