1749843823819 0.0 0
1749843833899 33.8 1
1749843844538 35.0 2
1749843854665 28.8 3
1749843864851 26.5 4
1749843875017 31.7 5
1749843885257 29.4 6
1749843895728 22.0 7
1749843905853 20.3 8
1749843915981 23.2 9
1749843926112 22.1 10
1749843936296 20.1 11
1749843946438 26.2 12
1749843956596 21.3 13
1749843966766 21.5 14
1749843976909 21.7 15
1749843987106 22.3 16
1749843997356 20.8 17
1749844007500 23.6 18
1749844017647 21.2 19
1749844028237 20.5 20
1749844038763 19.5 21
1749844049102 21.4 22
1749844059210 21.7 23
1749844069308 20.5 24
1749844079548 18.4 25
1749844089679 19.5 26
1749844100163 20.5 27
1749844110261 18.1 28
1749844120344 21.5 29
1749844130489 44.6 30
1749844140612 22.7 31
1749844150675 34.3 32
1749844160755 15.8 33
1749844170821 12.5 34
1749844180893 13.9 35
