1749843823819 253623.4 0
1749843833899 253621.6 1
1749843844538 253621.6 2
1749843854665 253621.6 3
1749843864851 253621.8 4
1749843875017 253621.9 5
1749843885257 253621.9 6
1749843895728 253621.9 7
1749843905853 253621.9 8
1749843915981 253621.9 9
1749843926112 253621.9 10
1749843936296 253622.3 11
1749843946438 253623.6 12
1749843956596 253623.6 13
1749843966766 253623.6 14
1749843976909 253623.7 15
1749843987106 253624.3 16
1749843997356 253624.4 17
1749844007500 253624.4 18
1749844017647 253624.4 19
1749844028237 253624.4 20
1749844038763 253624.0 21
1749844049102 253624.0 22
1749844059210 253624.1 23
1749844069308 253624.1 24
1749844079548 253624.1 25
1749844089679 253624.3 26
1749844100163 253621.9 27
1749844110261 253621.9 28
1749844120344 253622.1 29
1749844130489 253622.1 30
1749844140612 253622.3 31
1749844150675 253580.4 32
1749844160755 253580.8 33
1749844170821 253580.8 34
1749844180893 253580.3 35
