1749843823819 769770.2 0
1749843833899 769772.0 1
1749843844538 769772.0 2
1749843854665 769772.0 3
1749843864851 769771.8 4
1749843875017 769771.7 5
1749843885257 769771.7 6
1749843895728 769771.8 7
1749843905853 769771.7 8
1749843915981 769771.7 9
1749843926112 769771.7 10
1749843936296 769771.3 11
1749843946438 769770.0 12
1749843956596 769770.0 13
1749843966766 769770.0 14
1749843976909 769770.0 15
1749843987106 769769.3 16
1749843997356 769769.2 17
1749844007500 769769.2 18
1749844017647 769769.2 19
1749844028237 769769.2 20
1749844038763 769769.7 21
1749844049102 769769.7 22
1749844059210 769769.5 23
1749844069308 769769.5 24
1749844079548 769769.5 25
1749844089679 769769.3 26
1749844100163 769771.7 27
1749844110261 769771.7 28
1749844120344 769771.5 29
1749844130489 769771.6 30
1749844140612 769771.3 31
1749844150675 769813.3 32
1749844160755 769812.8 33
1749844170821 769812.8 34
1749844180893 769813.4 35
