1749843823819 24.8 0
1749843833899 24.8 1
1749843844538 24.8 2
1749843854665 24.8 3
1749843864851 24.8 4
1749843875017 24.8 5
1749843885257 24.8 6
1749843895728 24.8 7
1749843905853 24.8 8
1749843915981 24.8 9
1749843926112 24.8 10
1749843936296 24.8 11
1749843946438 24.8 12
1749843956596 24.8 13
1749843966766 24.8 14
1749843976909 24.8 15
1749843987106 24.8 16
1749843997356 24.8 17
1749844007500 24.8 18
1749844017647 24.8 19
1749844028237 24.8 20
1749844038763 24.8 21
1749844049102 24.8 22
1749844059210 24.8 23
1749844069308 24.8 24
1749844079548 24.8 25
1749844089679 24.8 26
1749844100163 24.8 27
1749844110261 24.8 28
1749844120344 24.8 29
1749844130489 24.8 30
1749844140612 24.8 31
1749844150675 24.8 32
1749844160755 24.8 33
1749844170821 24.8 34
1749844180893 24.8 35
