1749843823819 0.0 0
1749843833899 0.6242040000000202 1
1749843844538 0.7293109999999956 2
1749843854665 0.7853640000000155 3
1749843864851 2.0753160000000435 4
1749843875017 2.4205840000000194 5
1749843885257 2.6629110000000082 6
1749843895728 3.035583000000031 7
1749843905853 3.0825810000000047 8
1749843915981 3.7526000000000295 9
1749843926112 4.058267999999998 10
1749843936296 4.324634000000003 11
1749843946438 4.5262200000000234 12
1749843956596 4.6555230000000165 13
1749843966766 4.854419000000007 14
1749843976909 5.223554000000036 15
1749843987106 5.599784999999997 16
1749843997356 5.679843000000005 17
1749844007500 5.772868000000017 18
1749844017647 5.780196000000046 19
1749844028237 6.026081000000033 20
1749844038763 6.062968000000012 21
1749844049102 6.12559200000004 22
1749844059210 6.176532000000009 23
1749844069308 6.208843000000002 24
1749844079548 6.431624999999997 25
1749844089679 6.44922600000001 26
1749844100163 6.554137000000026 27
1749844110261 6.619927000000018 28
1749844120344 6.826209000000006 29
1749844130489 7.004322999999999 30
1749844140612 7.196340000000021 31
1749844150675 7.531028000000049 32
1749844160755 7.912086000000045 33
1749844170821 8.025306 34
1749844180893 8.272059000000013 35
