1749843823819 0.0 0
1749843833899 1.7515699999999015 1
1749843844538 3.055464000000029 2
1749843854665 4.379584999999906 3
1749843864851 6.148347999999942 4
1749843875017 6.517718999999943 5
1749843885257 6.650981000000002 6
1749843895728 7.148558000000094 7
1749843905853 7.435850000000073 8
1749843915981 8.167879000000084 9
1749843926112 8.472831999999926 10
1749843936296 8.806916999999885 11
1749843946438 9.543507999999974 12
1749843956596 9.629758999999922 13
1749843966766 9.766706999999997 14
1749843976909 9.917555999999877 15
1749843987106 10.207079999999905 16
1749843997356 10.279119000000037 17
1749844007500 10.373019999999997 18
1749844017647 10.384915999999976 19
1749844028237 10.521214999999984 20
1749844038763 10.566452000000027 21
1749844049102 10.631292999999914 22
1749844059210 10.66933999999992 23
1749844069308 10.719585999999936 24
1749844079548 10.89092299999993 25
1749844089679 10.90631899999994 26
1749844100163 11.010735000000068 27
1749844110261 11.151769999999942 28
1749844120344 11.621983999999884 29
1749844130489 11.755640999999969 30
1749844140612 11.943318999999974 31
1749844150675 12.215435999999954 32
1749844160755 12.492193999999927 33
1749844170821 13.504046000000017 34
1749844180893 13.977284000000054 35
