1749843823819 29953.3 0
1749843833899 29729.5 1
1749843844538 29694.0 2
1749843854665 30289.2 3
1749843864851 30459.5 4
1749843875017 29132.6 5
1749843885257 29002.4 6
1749843895728 29005.0 7
1749843905853 29215.4 8
1749843915981 29359.0 9
1749843926112 29536.8 10
1749843936296 29601.8 11
1749843946438 29613.1 12
1749843956596 29503.2 13
1749843966766 29540.0 14
1749843976909 29424.8 15
1749843987106 29517.9 16
1749843997356 29532.1 17
1749844007500 29146.4 18
1749844017647 29188.1 19
1749844028237 29189.6 20
1749844038763 29230.2 21
1749844049102 29260.5 22
1749844059210 29318.5 23
1749844069308 29233.5 24
1749844079548 29266.0 25
1749844089679 29344.6 26
1749844100163 29387.4 27
1749844110261 29452.2 28
1749844120344 29646.7 29
1749844130489 29757.3 30
1749844140612 29805.7 31
1749844150675 29357.8 32
1749844160755 29587.7 33
1749844170821 30100.3 34
1749844180893 30122.7 35
