1749843823819 88.0 0
1749843833899 87.4 1
1749843844538 87.3 2
1749843854665 89.0 3
1749843864851 89.5 4
1749843875017 85.6 5
1749843885257 85.2 6
1749843895728 85.2 7
1749843905853 85.9 8
1749843915981 86.3 9
1749843926112 86.8 10
1749843936296 87.0 11
1749843946438 87.0 12
1749843956596 86.7 13
1749843966766 86.8 14
1749843976909 86.5 15
1749843987106 86.7 16
1749843997356 86.8 17
1749844007500 85.7 18
1749844017647 85.8 19
1749844028237 85.8 20
1749844038763 85.9 21
1749844049102 86.0 22
1749844059210 86.2 23
1749844069308 85.9 24
1749844079548 86.0 25
1749844089679 86.2 26
1749844100163 86.4 27
1749844110261 86.5 28
1749844120344 87.1 29
1749844130489 87.4 30
1749844140612 87.6 31
1749844150675 86.3 32
1749844160755 86.9 33
1749844170821 88.5 34
1749844180893 88.5 35
