1752360167968 0.0 0
1752360178116 11.1 1
1752360188435 37.8 2
1752360198729 31.0 3
1752360208854 32.3 4
1752360218952 39.5 5
1752360229083 45.2 6
1752360239167 44.3 7
1752360249332 42.2 8
1752360259415 42.5 9
1752360269519 44.3 10
1752360279626 43.5 11
1752360289839 49.4 12
1752360299936 47.7 13
1752360310015 43.4 14
1752360320107 42.4 15
1752360330221 43.4 16
1752360340315 43.8 17
1752360350586 43.6 18
1752360360750 41.8 19
1752360370922 43.1 20
1752360381068 42.3 21
1752360391282 43.9 22
1752360401758 43.7 23
