1752360167968 259606.5 0
1752360178116 259607.6 1
1752360188435 259608.0 2
1752360198729 259609.5 3
1752360208854 259609.9 4
1752360218952 259610.0 5
1752360229083 259610.1 6
1752360239167 259610.2 7
1752360249332 259610.9 8
1752360259415 259610.9 9
1752360269519 259610.9 10
1752360279626 259611.0 11
1752360289839 259612.0 12
1752360299936 259612.0 13
1752360310015 259612.0 14
1752360320107 259612.0 15
1752360330221 259612.0 16
1752360340315 259612.0 17
1752360350586 259612.0 18
1752360360750 259612.0 19
1752360370922 259612.0 20
1752360381068 259611.9 21
1752360391282 259612.0 22
1752360401758 259612.0 23
