1752360167968 25.4 0
1752360178116 25.4 1
1752360188435 25.4 2
1752360198729 25.4 3
1752360208854 25.4 4
1752360218952 25.4 5
1752360229083 25.4 6
1752360239167 25.4 7
1752360249332 25.4 8
1752360259415 25.4 9
1752360269519 25.4 10
1752360279626 25.4 11
1752360289839 25.4 12
1752360299936 25.4 13
1752360310015 25.4 14
1752360320107 25.4 15
1752360330221 25.4 16
1752360340315 25.4 17
1752360350586 25.4 18
1752360360750 25.4 19
1752360370922 25.4 20
1752360381068 25.4 21
1752360391282 25.4 22
1752360401758 25.4 23
