1752360167968 763787.1 0
1752360178116 763786.0 1
1752360188435 763785.7 2
1752360198729 763784.1 3
1752360208854 763783.7 4
1752360218952 763783.6 5
1752360229083 763783.6 6
1752360239167 763783.4 7
1752360249332 763782.7 8
1752360259415 763782.8 9
1752360269519 763782.7 10
1752360279626 763782.6 11
1752360289839 763781.6 12
1752360299936 763781.6 13
1752360310015 763781.7 14
1752360320107 763781.6 15
1752360330221 763781.6 16
1752360340315 763781.6 17
1752360350586 763781.6 18
1752360360750 763781.6 19
1752360370922 763781.6 20
1752360381068 763781.7 21
1752360391282 763781.7 22
1752360401758 763781.7 23
