1752360167968 0.0 0
1752360178116 0.028605999999996357 1
1752360188435 0.05452699999999311 2
1752360198729 0.0638929999999931 3
1752360208854 0.0723559999999992 4
1752360218952 0.07771999999999935 5
1752360229083 0.08733799999998837 6
1752360239167 0.09743899999999428 7
1752360249332 0.09999499999999273 8
1752360259415 0.11212899999999593 9
1752360269519 0.11589399999999728 10
1752360279626 0.1555229999999881 11
1752360289839 0.2151799999999895 12
1752360299936 0.2785959999999932 13
1752360310015 0.29805599999998833 14
1752360320107 0.30578999999998757 15
1752360330221 0.31192799999999465 16
1752360340315 0.31281799999999294 17
1752360350586 0.3311909999999898 18
1752360360750 0.33821099999998694 19
1752360370922 0.3467559999999992 20
1752360381068 0.35275799999999435 21
1752360391282 0.35728699999999947 22
1752360401758 0.3701989999999995 23
