1752360167968 0.0 0
1752360178116 0.01699700000000348 1
1752360188435 0.04264500000000737 2
1752360198729 0.05853700000000117 3
1752360208854 0.07001600000000963 4
1752360218952 0.0731800000000078 5
1752360229083 0.0851380000000006 6
1752360239167 0.10476300000000549 7
1752360249332 0.10767900000000452 8
1752360259415 0.1260690000000011 9
1752360269519 0.12975200000001053 10
1752360279626 0.16795600000000377 11
1752360289839 0.19988899999999887 12
1752360299936 0.23713300000000004 13
1752360310015 0.2619499999999988 14
1752360320107 0.2737630000000024 15
1752360330221 0.2786350000000084 16
1752360340315 0.27981200000000683 17
1752360350586 0.29723700000000974 18
1752360360750 0.30890100000000587 19
1752360370922 0.31957300000000544 20
1752360381068 0.34016499999999894 21
1752360391282 0.3472240000000113 22
1752360401758 0.36818999999999846 23
