1752360167968 44.5 0
1752360178116 46.4 1
1752360188435 47.5 2
1752360198729 46.3 3
1752360208854 47.5 4
1752360218952 45.6 5
1752360229083 45.4 6
1752360239167 44.9 7
1752360249332 44.8 8
1752360259415 44.6 9
1752360269519 45.3 10
1752360279626 45.0 11
1752360289839 45.6 12
1752360299936 45.6 13
1752360310015 45.0 14
1752360320107 46.3 15
1752360330221 45.5 16
1752360340315 45.3 17
1752360350586 45.4 18
1752360360750 45.1 19
1752360370922 45.3 20
1752360381068 45.0 21
1752360391282 45.0 22
1752360401758 45.0 23
