1752360167968 15158.7 0
1752360178116 15788.2 1
1752360188435 16172.9 2
1752360198729 15769.0 3
1752360208854 16159.0 4
1752360218952 15510.0 5
1752360229083 15434.8 6
1752360239167 15282.8 7
1752360249332 15254.8 8
1752360259415 15174.5 9
1752360269519 15415.9 10
1752360279626 15317.5 11
1752360289839 15512.5 12
1752360299936 15503.7 13
1752360310015 15315.1 14
1752360320107 15765.2 15
1752360330221 15487.9 16
1752360340315 15411.8 17
1752360350586 15454.8 18
1752360360750 15361.2 19
1752360370922 15424.0 20
1752360381068 15310.6 21
1752360391282 15309.5 22
1752360401758 15326.1 23
