1752759931017 0.0 0
1752759941171 21.5 1
1752759951268 43.3 2
1752759961404 48.3 3
1752759971536 45.9 4
1752759981670 43.4 5
1752759991800 43.2 6
1752760001914 41.6 7
1752760012048 46.2 8
1752760022143 44.9 9
1752760032251 42.4 10
1752760042479 48.3 11
1752760052649 51.0 12
1752760062756 52.9 13
1752760072878 44.1 14
1752760082971 47.7 15
1752760093141 45.0 16
1752760103250 44.9 17
1752760113340 43.5 18
1752760123444 43.1 19
1752760133531 44.5 20
1752760143676 42.5 21
1752760153796 43.8 22
1752760163898 40.4 23
1752760173992 44.8 24
1752760184149 42.9 25
1752760194288 45.2 26
1752760204395 46.0 27
1752760214488 43.5 28
1752760224649 44.4 29
1752760234809 42.6 30
1752760244946 42.1 31
1752760255278 40.4 32
