1752759931017 261742.1 0
1752759941171 261743.9 1
1752759951268 261744.0 2
1752759961404 261744.1 3
1752759971536 261743.9 4
1752759981670 261744.0 5
1752759991800 261744.1 6
1752760001914 261744.3 7
1752760012048 261744.7 8
1752760022143 261744.7 9
1752760032251 261744.7 10
1752760042479 261756.1 11
1752760052649 261746.3 12
1752760062756 261746.4 13
1752760072878 261746.5 14
1752760082971 261747.2 15
1752760093141 261745.6 16
1752760103250 261745.4 17
1752760113340 261745.8 18
1752760123444 261744.4 19
1752760133531 261745.6 20
1752760143676 261745.6 21
1752760153796 261747.1 22
1752760163898 261747.6 23
1752760173992 261747.4 24
1752760184149 261747.6 25
1752760194288 261747.7 26
1752760204395 261747.9 27
1752760214488 261748.2 28
1752760224649 261748.3 29
1752760234809 261748.4 30
1752760244946 261748.4 31
1752760255278 261748.6 32
