1752759931017 25.6 0
1752759941171 25.6 1
1752759951268 25.6 2
1752759961404 25.6 3
1752759971536 25.6 4
1752759981670 25.6 5
1752759991800 25.6 6
1752760001914 25.6 7
1752760012048 25.6 8
1752760022143 25.6 9
1752760032251 25.6 10
1752760042479 25.6 11
1752760052649 25.6 12
1752760062756 25.6 13
1752760072878 25.6 14
1752760082971 25.6 15
1752760093141 25.6 16
1752760103250 25.6 17
1752760113340 25.6 18
1752760123444 25.6 19
1752760133531 25.6 20
1752760143676 25.6 21
1752760153796 25.6 22
1752760163898 25.6 23
1752760173992 25.6 24
1752760184149 25.6 25
1752760194288 25.6 26
1752760204395 25.6 27
1752760214488 25.6 28
1752760224649 25.6 29
1752760234809 25.6 30
1752760244946 25.6 31
1752760255278 25.6 32
