1752759931017 761651.5 0
1752759941171 761649.7 1
1752759951268 761649.6 2
1752759961404 761649.6 3
1752759971536 761649.7 4
1752759981670 761649.6 5
1752759991800 761649.5 6
1752760001914 761649.4 7
1752760012048 761648.9 8
1752760022143 761648.9 9
1752760032251 761648.9 10
1752760042479 761637.5 11
1752760052649 761647.3 12
1752760062756 761647.2 13
1752760072878 761647.1 14
1752760082971 761646.4 15
1752760093141 761648.0 16
1752760103250 761648.2 17
1752760113340 761647.9 18
1752760123444 761649.2 19
1752760133531 761648.0 20
1752760143676 761648.0 21
1752760153796 761646.5 22
1752760163898 761646.0 23
1752760173992 761646.2 24
1752760184149 761646.0 25
1752760194288 761645.9 26
1752760204395 761645.7 27
1752760214488 761645.5 28
1752760224649 761645.3 29
1752760234809 761645.2 30
1752760244946 761645.2 31
1752760255278 761645.0 32
