1752759931017 0.0 0
1752759941171 0.1566219999999987 1
1752759951268 0.6559030000000021 2
1752759961404 0.8681909999999995 3
1752759971536 0.9914480000000019 4
1752759981670 1.059039000000002 5
1752759991800 1.088395000000002 6
1752760001914 1.102965000000001 7
1752760012048 1.1444620000000008 8
1752760022143 1.1576699999999995 9
1752760032251 1.168137999999999 10
1752760042479 1.2194690000000001 11
1752760052649 1.4248569999999994 12
1752760062756 1.617135000000001 13
1752760072878 1.7469290000000015 14
1752760082971 1.8328869999999995 15
1752760093141 1.8934619999999995 16
1752760103250 1.9966709999999992 17
1752760113340 2.0138050000000014 18
1752760123444 2.047488999999999 19
1752760133531 2.0906990000000008 20
1752760143676 2.0968909999999994 21
1752760153796 2.1336510000000004 22
1752760163898 2.1622559999999993 23
1752760173992 2.189364000000001 24
1752760184149 2.204153999999999 25
1752760194288 2.245698000000001 26
1752760204395 2.2814750000000004 27
1752760214488 2.293602 28
1752760224649 2.3034239999999997 29
1752760234809 2.3112330000000014 30
1752760244946 2.3180650000000007 31
1752760255278 2.338108000000002 32
