1752759931017 0.0 0
1752759941171 0.055697000000002106 1
1752759951268 0.1640209999999982 2
1752759961404 1.3557599999999965 3
1752759971536 1.9007859999999965 4
1752759981670 27.365136 5
1752759991800 27.402775 6
1752760001914 27.417586999999997 7
1752760012048 27.458177 8
1752760022143 27.464314 9
1752760032251 27.472074 10
1752760042479 27.527445 11
1752760052649 27.69912 12
1752760062756 27.916246 13
1752760072878 28.07137 14
1752760082971 28.144263000000002 15
1752760093141 28.215392 16
1752760103250 29.111655 17
1752760113340 29.149817 18
1752760123444 29.185868 19
1752760133531 29.647405999999997 20
1752760143676 29.653643000000002 21
1752760153796 29.706407999999996 22
1752760163898 30.014691999999997 23
1752760173992 30.701814999999996 24
1752760184149 30.712092 25
1752760194288 30.819500000000005 26
1752760204395 30.862478999999993 27
1752760214488 30.879278 28
1752760224649 30.895065000000002 29
1752760234809 30.899320000000003 30
1752760244946 30.902268000000007 31
1752760255278 30.918364999999994 32
