1752759931017 22804.0 0
1752759941171 23636.4 1
1752759951268 23880.9 2
1752759961404 24270.9 3
1752759971536 24011.7 4
1752759981670 23886.0 5
1752759991800 24238.4 6
1752760001914 23882.0 7
1752760012048 23813.8 8
1752760022143 23850.7 9
1752760032251 24194.4 10
1752760042479 23742.0 11
1752760052649 24094.1 12
1752760062756 24120.0 13
1752760072878 24187.6 14
1752760082971 24044.2 15
1752760093141 24094.9 16
1752760103250 23878.9 17
1752760113340 23809.2 18
1752760123444 23607.4 19
1752760133531 23636.3 20
1752760143676 23926.1 21
1752760153796 23719.1 22
1752760163898 23631.6 23
1752760173992 23708.6 24
1752760184149 23353.9 25
1752760194288 23616.5 26
1752760204395 23890.3 27
1752760214488 24110.9 28
1752760224649 23848.3 29
1752760234809 23848.6 30
1752760244946 23845.7 31
1752760255278 23603.6 32
