1752759931017 67.0 0
1752759941171 69.5 1
1752759951268 70.2 2
1752759961404 71.3 3
1752759971536 70.6 4
1752759981670 70.2 5
1752759991800 71.2 6
1752760001914 70.2 7
1752760012048 70.0 8
1752760022143 70.1 9
1752760032251 71.1 10
1752760042479 69.8 11
1752760052649 70.8 12
1752760062756 70.9 13
1752760072878 71.1 14
1752760082971 70.7 15
1752760093141 70.8 16
1752760103250 70.2 17
1752760113340 70.0 18
1752760123444 69.4 19
1752760133531 69.5 20
1752760143676 70.3 21
1752760153796 69.7 22
1752760163898 69.4 23
1752760173992 69.7 24
1752760184149 68.6 25
1752760194288 69.4 26
1752760204395 70.2 27
1752760214488 70.9 28
1752760224649 70.1 29
1752760234809 70.1 30
1752760244946 70.1 31
1752760255278 69.4 32
