1752859678403 0.00018699999998261774 0
1752859688555 0.02442299999995612 1
1752859698766 0.03163900000004105 2
1752859708957 0.045828000000028624 3
1752859719079 0.054500999999959276 4
1752859729228 0.06858299999998962 5
1752859739384 0.07922600000006241 6
1752859749560 0.19030099999997674 7
1752859759727 0.2119679999999562 8
1752859769902 0.2230289999999968 9
1752859780067 0.23440600000003542 10
1752859790186 0.2813089999999647 11
1752859800361 0.29450900000006186 12
1752859810503 0.326767000000018 13
1752859820690 0.3347509999999829 14
