1752859678403 0.0007000000000232376 0
1752859688555 0.05368599999999901 1
1752859698766 0.15018000000000598 2
1752859708957 0.15818100000001323 3
1752859719079 0.16633699999999862 4
1752859729228 0.18213200000002416 5
1752859739384 0.197195000000022 6
1752859749560 0.24454600000001392 7
1752859759727 0.26323600000000624 8
1752859769902 0.26925800000000777 9
1752859780067 0.28331200000002354 10
1752859790186 0.34862400000000093 11
1752859800361 0.3828230000000019 12
1752859810503 0.4700910000000249 13
1752859820690 0.4932370000000219 14
