1752296729051 0.0 0
1752296739126 9.2 1
1752296749286 46.1 2
1752296759368 46.9 3
1752296769481 45.2 4
1752296779648 45.3 5
1752296789790 44.7 6
1752296799875 45.7 7
1752296809983 44.4 8
1752296820071 45.5 9
1752296830156 46.0 10
1752296840243 45.1 11
1752296850330 47.8 12
1752296860461 44.2 13
1752296870551 45.4 14
1752296880633 49.2 15
1752296890764 45.3 16
1752296900902 44.4 17
1752296911051 45.7 18
1752296921163 44.4 19
1752296931270 45.9 20
1752296941356 41.7 21
1752296951445 26.6 22
1752296961529 44.0 23
1752296971636 47.6 24
1752296981763 46.6 25
1752296991869 45.4 26
1752297001961 45.1 27
1752297012085 44.0 28
1752297022189 46.4 29
1752297032317 45.6 30
1752297042493 45.0 31
1752297052683 47.4 32
1752297062767 48.1 33
1752297072905 45.6 34
1752297083042 45.0 35
1752297093157 45.8 36
1752297103278 44.8 37
1752297113417 44.7 38
1752297123552 45.7 39
1752297133639 44.3 40
1752297143722 45.2 41
1752297153800 39.6 42
1752297163881 29.0 43
1752297174005 45.8 44
1752297184184 45.5 45
1752297194287 46.2 46
1752297204371 44.3 47
1752297214465 45.1 48
1752297224550 45.9 49
1752297234639 44.4 50
1752297244748 45.1 51
1752297254871 50.2 52
1752297265033 38.6 53
1752297275151 27.6 54
1752297285252 43.8 55
1752297295361 45.3 56
1752297305455 45.5 57
1752297315566 44.4 58
1752297325690 46.0 59
1752297335783 46.5 60
1752297345912 44.2 61
1752297356088 47.2 62
1752297366216 45.3 63
1752297376358 45.3 64
1752297386511 44.8 65
1752297396660 45.7 66
1752297406801 21.3 67
1752297416965 46.6 68
1752297427077 46.3 69
1752297437169 51.7 70
1752297447324 43.8 71
1752297457445 45.6 72
1752297467534 45.8 73
1752297477674 44.2 74
1752297487819 46.0 75
1752297497913 45.1 76
1752297508052 42.8 77
1752297518161 45.4 78
1752297528238 45.5 79
1752297538372 44.0 80
1752297548491 45.4 81
1752297558575 44.7 82
1752297568733 44.8 83
1752297578823 47.3 84
1752297588907 45.0 85
1752297599665 44.7 86
1752297609773 41.8 87
1752297619928 29.0 88
1752297630089 46.7 89
1752297640173 45.3 90
1752297650258 42.9 91
1752297660351 46.7 92
1752297670459 45.2 93
1752297680594 44.7 94
1752297690695 46.1 95
1752297700777 45.0 96
1752297710870 46.9 97
1752297721005 46.5 98
1752297731129 45.2 99
1752297741268 44.6 100
1752297751368 43.2 101
1752297761495 44.6 102
1752297771593 44.5 103
1752297781683 43.9 104
1752297791773 44.4 105
1752297801861 46.3 106
1752297811953 46.3 107
1752297822037 45.0 108
1752297832115 27.2 109
1752297842297 39.5 110
1752297852394 44.2 111
1752297862518 44.2 112
1752297872626 44.6 113
1752297882709 45.9 114
1752297892832 43.2 115
1752297902934 44.9 116
1752297913015 44.7 117
1752297923143 43.9 118
1752297933283 44.6 119
1752297943399 44.5 120
1752297953493 46.9 121
1752297963645 44.1 122
1752297973775 44.6 123
1752297983882 42.7 124
1752297994073 49.6 125
1752298004182 44.4 126
1752298014274 45.9 127
1752298024377 44.2 128
1752298034747 45.6 129
1752298044850 41.0 130
1752298054968 25.4 131
1752298065063 45.0 132
1752298075174 42.1 133
1752298085268 45.2 134
1752298095354 44.2 135
1752298105500 43.2 136
1752298115702 43.9 137
