1752296729051 25.5 0
1752296739126 25.5 1
1752296749286 25.5 2
1752296759368 25.5 3
1752296769481 25.5 4
1752296779648 25.5 5
1752296789790 25.5 6
1752296799875 25.5 7
1752296809983 25.5 8
1752296820071 25.5 9
1752296830156 25.5 10
1752296840243 25.5 11
1752296850330 25.5 12
1752296860461 25.5 13
1752296870551 25.5 14
1752296880633 25.5 15
1752296890764 25.5 16
1752296900902 25.5 17
1752296911051 25.5 18
1752296921163 25.5 19
1752296931270 25.5 20
1752296941356 25.5 21
1752296951445 25.5 22
1752296961529 25.5 23
1752296971636 25.5 24
1752296981763 25.5 25
1752296991869 25.5 26
1752297001961 25.5 27
1752297012085 25.5 28
1752297022189 25.5 29
1752297032317 25.5 30
1752297042493 25.5 31
1752297052683 25.5 32
1752297062767 25.5 33
1752297072905 25.5 34
1752297083042 25.5 35
1752297093157 25.5 36
1752297103278 25.5 37
1752297113417 25.5 38
1752297123552 25.5 39
1752297133639 25.5 40
1752297143722 25.5 41
1752297153800 25.5 42
1752297163881 25.5 43
1752297174005 25.5 44
1752297184184 25.5 45
1752297194287 25.5 46
1752297204371 25.5 47
1752297214465 25.5 48
1752297224550 25.5 49
1752297234639 25.5 50
1752297244748 25.5 51
1752297254871 25.5 52
1752297265033 25.5 53
1752297275151 25.5 54
1752297285252 25.5 55
1752297295361 25.5 56
1752297305455 25.5 57
1752297315566 25.5 58
1752297325690 25.5 59
1752297335783 25.5 60
1752297345912 25.5 61
1752297356088 25.5 62
1752297366216 25.5 63
1752297376358 25.5 64
1752297386511 25.5 65
1752297396660 25.5 66
1752297406801 25.5 67
1752297416965 25.5 68
1752297427077 25.5 69
1752297437169 25.5 70
1752297447324 25.5 71
1752297457445 25.5 72
1752297467534 25.5 73
1752297477674 25.5 74
1752297487819 25.5 75
1752297497913 25.5 76
1752297508052 25.5 77
1752297518161 25.5 78
1752297528238 25.5 79
1752297538372 25.5 80
1752297548491 25.5 81
1752297558575 25.5 82
1752297568733 25.5 83
1752297578823 25.5 84
1752297588907 25.5 85
1752297599665 25.5 86
1752297609773 25.5 87
1752297619928 25.5 88
1752297630089 25.5 89
1752297640173 25.5 90
1752297650258 25.5 91
1752297660351 25.5 92
1752297670459 25.5 93
1752297680594 25.5 94
1752297690695 25.5 95
1752297700777 25.5 96
1752297710870 25.5 97
1752297721005 25.5 98
1752297731129 25.5 99
1752297741268 25.5 100
1752297751368 25.5 101
1752297761495 25.5 102
1752297771593 25.5 103
1752297781683 25.5 104
1752297791773 25.5 105
1752297801861 25.5 106
1752297811953 25.5 107
1752297822037 25.5 108
1752297832115 25.5 109
1752297842297 25.5 110
1752297852394 25.5 111
1752297862518 25.5 112
1752297872626 25.5 113
1752297882709 25.5 114
1752297892832 25.5 115
1752297902934 25.5 116
1752297913015 25.5 117
1752297923143 25.5 118
1752297933283 25.5 119
1752297943399 25.5 120
1752297953493 25.5 121
1752297963645 25.5 122
1752297973775 25.5 123
1752297983882 25.5 124
1752297994073 25.5 125
1752298004182 25.5 126
1752298014274 25.5 127
1752298024377 25.5 128
1752298034747 25.5 129
1752298044850 25.5 130
1752298054968 25.5 131
1752298065063 25.5 132
1752298075174 25.5 133
1752298085268 25.5 134
1752298095354 25.5 135
1752298105500 25.5 136
1752298115702 25.5 137
