1752296729051 762006.7 0
1752296739126 762005.6 1
1752296749286 762005.5 2
1752296759368 762005.4 3
1752296769481 762005.4 4
1752296779648 762005.4 5
1752296789790 762005.3 6
1752296799875 762005.5 7
1752296809983 762005.3 8
1752296820071 762005.3 9
1752296830156 762005.3 10
1752296840243 762005.3 11
1752296850330 762005.1 12
1752296860461 762005.1 13
1752296870551 762004.8 14
1752296880633 762004.7 15
1752296890764 762004.6 16
1752296900902 762004.6 17
1752296911051 762004.6 18
1752296921163 762004.4 19
1752296931270 762004.4 20
1752296941356 762004.4 21
1752296951445 762004.2 22
1752296961529 762004.2 23
1752296971636 762005.6 24
1752296981763 762005.5 25
1752296991869 762005.5 26
1752297001961 762005.5 27
1752297012085 762005.5 28
1752297022189 762005.3 29
1752297032317 762005.4 30
1752297042493 762005.1 31
1752297052683 762004.5 32
1752297062767 762004.5 33
1752297072905 762004.5 34
1752297083042 762004.5 35
1752297093157 762004.3 36
1752297103278 762004.1 37
1752297113417 762004.1 38
1752297123552 762004.0 39
1752297133639 762003.9 40
1752297143722 762003.9 41
1752297153800 762003.9 42
1752297163881 762003.8 43
1752297174005 762003.8 44
1752297184184 762003.8 45
1752297194287 762003.6 46
1752297204371 762003.2 47
1752297214465 762003.2 48
1752297224550 762003.1 49
1752297234639 762003.1 50
1752297244748 762003.1 51
1752297254871 762003.1 52
1752297265033 762002.9 53
1752297275151 762003.0 54
1752297285252 762002.9 55
1752297295361 762002.8 56
1752297305455 762002.9 57
1752297315566 762002.8 58
1752297325690 762002.6 59
1752297335783 762002.7 60
1752297345912 762002.6 61
1752297356088 762002.7 62
1752297366216 762002.7 63
1752297376358 762002.7 64
1752297386511 762002.8 65
1752297396660 762002.6 66
1752297406801 762002.6 67
1752297416965 762002.6 68
1752297427077 762002.4 69
1752297437169 762002.4 70
1752297447324 762002.4 71
1752297457445 762002.3 72
1752297467534 762002.2 73
1752297477674 762002.2 74
1752297487819 762002.2 75
1752297497913 762002.1 76
1752297508052 762002.1 77
1752297518161 762002.0 78
1752297528238 762003.3 79
1752297538372 762003.3 80
1752297548491 762003.3 81
1752297558575 762003.3 82
1752297568733 762003.2 83
1752297578823 762003.6 84
1752297588907 762003.5 85
1752297599665 762003.4 86
1752297609773 762003.3 87
1752297619928 762003.5 88
1752297630089 762003.4 89
1752297640173 762003.2 90
1752297650258 762003.3 91
1752297660351 762003.2 92
1752297670459 762003.0 93
1752297680594 762003.0 94
1752297690695 762003.1 95
1752297700777 762003.0 96
1752297710870 762004.1 97
1752297721005 762002.5 98
1752297731129 762002.5 99
1752297741268 762002.3 100
1752297751368 762002.3 101
1752297761495 762002.3 102
1752297771593 762002.0 103
1752297781683 762002.1 104
1752297791773 762002.0 105
1752297801861 762002.0 106
1752297811953 762001.8 107
1752297822037 762001.8 108
1752297832115 762001.8 109
1752297842297 762001.6 110
1752297852394 762001.7 111
1752297862518 762001.7 112
1752297872626 762001.7 113
1752297882709 762001.5 114
1752297892832 762001.0 115
1752297902934 762001.0 116
1752297913015 762000.9 117
1752297923143 762000.9 118
1752297933283 762000.9 119
1752297943399 762000.3 120
1752297953493 762000.1 121
1752297963645 762000.0 122
1752297973775 762000.0 123
1752297983882 761999.9 124
1752297994073 761999.9 125
1752298004182 761999.9 126
1752298014274 761999.8 127
1752298024377 761999.8 128
1752298034747 761999.8 129
1752298044850 761998.7 130
1752298054968 761998.2 131
1752298065063 761998.3 132
1752298075174 761998.2 133
1752298085268 761998.0 134
1752298095354 761998.0 135
1752298105500 761998.2 136
1752298115702 761998.2 137
