1752296729051 261386.9 0
1752296739126 261388.0 1
1752296749286 261388.2 2
1752296759368 261388.2 3
1752296769481 261388.2 4
1752296779648 261388.2 5
1752296789790 261388.3 6
1752296799875 261388.2 7
1752296809983 261388.3 8
1752296820071 261388.3 9
1752296830156 261388.3 10
1752296840243 261388.3 11
1752296850330 261388.5 12
1752296860461 261388.5 13
1752296870551 261388.8 14
1752296880633 261388.9 15
1752296890764 261389.0 16
1752296900902 261389.0 17
1752296911051 261389.0 18
1752296921163 261389.2 19
1752296931270 261389.2 20
1752296941356 261389.2 21
1752296951445 261389.4 22
1752296961529 261389.4 23
1752296971636 261388.0 24
1752296981763 261388.1 25
1752296991869 261388.1 26
1752297001961 261388.1 27
1752297012085 261388.1 28
1752297022189 261388.3 29
1752297032317 261388.2 30
1752297042493 261388.5 31
1752297052683 261389.1 32
1752297062767 261389.1 33
1752297072905 261389.1 34
1752297083042 261389.1 35
1752297093157 261389.3 36
1752297103278 261389.5 37
1752297113417 261389.5 38
1752297123552 261389.7 39
1752297133639 261389.7 40
1752297143722 261389.7 41
1752297153800 261389.7 42
1752297163881 261389.9 43
1752297174005 261389.9 44
1752297184184 261389.9 45
1752297194287 261390.0 46
1752297204371 261390.4 47
1752297214465 261390.4 48
1752297224550 261390.5 49
1752297234639 261390.5 50
1752297244748 261390.5 51
1752297254871 261390.5 52
1752297265033 261390.7 53
1752297275151 261390.6 54
1752297285252 261390.7 55
1752297295361 261390.8 56
1752297305455 261390.7 57
1752297315566 261390.8 58
1752297325690 261391.0 59
1752297335783 261391.0 60
1752297345912 261391.0 61
1752297356088 261390.9 62
1752297366216 261390.9 63
1752297376358 261390.9 64
1752297386511 261390.8 65
1752297396660 261391.0 66
1752297406801 261391.0 67
1752297416965 261391.0 68
1752297427077 261391.2 69
1752297437169 261391.2 70
1752297447324 261391.2 71
1752297457445 261391.3 72
1752297467534 261391.4 73
1752297477674 261391.4 74
1752297487819 261391.4 75
1752297497913 261391.5 76
1752297508052 261391.5 77
1752297518161 261391.6 78
1752297528238 261390.3 79
1752297538372 261390.3 80
1752297548491 261390.3 81
1752297558575 261390.3 82
1752297568733 261390.4 83
1752297578823 261390.0 84
1752297588907 261390.1 85
1752297599665 261390.3 86
1752297609773 261390.4 87
1752297619928 261390.1 88
1752297630089 261390.2 89
1752297640173 261390.4 90
1752297650258 261390.3 91
1752297660351 261390.4 92
1752297670459 261390.6 93
1752297680594 261390.6 94
1752297690695 261390.5 95
1752297700777 261390.6 96
1752297710870 261389.5 97
1752297721005 261391.1 98
1752297731129 261391.1 99
1752297741268 261391.3 100
1752297751368 261391.3 101
1752297761495 261391.3 102
1752297771593 261391.6 103
1752297781683 261391.6 104
1752297791773 261391.6 105
1752297801861 261391.7 106
1752297811953 261391.8 107
1752297822037 261391.8 108
1752297832115 261391.8 109
1752297842297 261392.0 110
1752297852394 261391.9 111
1752297862518 261391.9 112
1752297872626 261391.9 113
1752297882709 261392.1 114
1752297892832 261392.6 115
1752297902934 261392.6 116
1752297913015 261392.7 117
1752297923143 261392.7 118
1752297933283 261392.8 119
1752297943399 261393.3 120
1752297953493 261393.5 121
1752297963645 261393.6 122
1752297973775 261393.6 123
1752297983882 261393.8 124
1752297994073 261393.7 125
1752298004182 261393.7 126
1752298014274 261393.8 127
1752298024377 261393.8 128
1752298034747 261393.8 129
1752298044850 261395.0 130
1752298054968 261395.4 131
1752298065063 261395.4 132
1752298075174 261395.4 133
1752298085268 261395.6 134
1752298095354 261395.7 135
1752298105500 261395.4 136
1752298115702 261395.4 137
