1752296729051 0.0 0
1752296739126 0.027337000000102307 1
1752296749286 0.4590320000000929 2
1752296759368 0.4809340000000475 3
1752296769481 0.523902000000021 4
1752296779648 0.5356220000001031 5
1752296789790 0.5711479999999938 6
1752296799875 0.5858110000000352 7
1752296809983 0.6119970000000876 8
1752296820071 0.6700910000000704 9
1752296830156 0.727657000000022 10
1752296840243 0.760120000000029 11
1752296850330 0.7798820000000433 12
1752296860461 0.8142480000000205 13
1752296870551 0.8458860000000641 14
1752296880633 0.9884120000000394 15
1752296890764 1.0369750000000977 16
1752296900902 1.0592139999999972 17
1752296911051 1.0729980000000978 18
1752296921163 1.0919939999999997 19
1752296931270 1.130608000000052 20
1752296941356 1.1936620000000175 21
1752296951445 1.2167220000000043 22
1752296961529 1.2512780000000703 23
1752296971636 1.2635260000000699 24
1752296981763 1.281419000000028 25
1752296991869 1.3114680000001044 26
1752297001961 1.339170000000081 27
1752297012085 1.3711279999999988 28
1752297022189 1.4127470000000812 29
1752297032317 1.430682000000047 30
1752297042493 1.4528470000000198 31
1752297052683 1.4895030000000133 32
1752297062767 1.5918810000000576 33
1752297072905 1.6074520000000803 34
1752297083042 1.6327440000000024 35
1752297093157 1.650425000000041 36
1752297103278 1.6832960000000412 37
1752297113417 1.6997060000001056 38
1752297123552 1.7097570000000815 39
1752297133639 1.7567160000000968 40
1752297143722 1.7940960000000814 41
1752297153800 1.8214410000000498 42
1752297163881 1.841717000000017 43
1752297174005 1.8909360000000106 44
1752297184184 1.9549370000000863 45
1752297194287 1.982650000000035 46
1752297204371 2.00917400000003 47
1752297214465 2.023413000000005 48
1752297224550 2.041139000000044 49
1752297234639 2.056658000000084 50
1752297244748 2.1641340000001037 51
1752297254871 2.244397000000049 52
1752297265033 2.2707580000000007 53
1752297275151 2.293768 54
1752297285252 2.3334480000000895 55
1752297295361 2.3474590000000717 56
1752297305455 2.3973210000000336 57
1752297315566 2.423195000000078 58
1752297325690 2.4421250000000327 59
1752297335783 2.4525180000000546 60
1752297345912 2.553412000000094 61
1752297356088 2.650256000000013 62
1752297366216 2.6986630000000105 63
1752297376358 2.7365200000000414 64
1752297386511 2.756707000000006 65
1752297396660 2.8618960000000015 66
1752297406801 2.914102000000071 67
1752297416965 2.9964760000000297 68
1752297427077 3.1334470000000465 69
1752297437169 3.26534300000003 70
1752297447324 3.323143000000073 71
1752297457445 3.361917000000062 72
1752297467534 3.384204000000068 73
1752297477674 3.4247910000000275 74
1752297487819 3.4470870000000104 75
1752297497913 3.467159000000038 76
1752297508052 3.4874110000000655 77
1752297518161 3.5353190000000723 78
1752297528238 3.559987000000092 79
1752297538372 3.650745000000029 80
1752297548491 3.6947100000001 81
1752297558575 3.7241710000000694 82
1752297568733 3.7330970000000434 83
1752297578823 3.759345000000053 84
1752297588907 3.7833780000000843 85
1752297599665 3.8746210000000474 86
1752297609773 3.9244280000000344 87
1752297619928 4.046561999999994 88
1752297630089 4.0842420000000175 89
1752297640173 4.118566000000101 90
1752297650258 4.163651000000073 91
1752297660351 4.215505000000007 92
1752297670459 4.263028000000077 93
1752297680594 4.2818390000001045 94
1752297690695 4.316148999999996 95
1752297700777 4.341013000000089 96
1752297710870 4.443876000000046 97
1752297721005 4.555157000000008 98
1752297731129 4.586809000000017 99
1752297741268 4.611264000000006 100
1752297751368 4.637758000000076 101
1752297761495 4.668992000000003 102
1752297771593 4.704977000000099 103
1752297781683 4.755474000000049 104
1752297791773 4.823889000000008 105
1752297801861 4.88671700000009 106
1752297811953 4.946516000000088 107
1752297822037 4.9645830000000615 108
1752297832115 4.992829000000029 109
1752297842297 5.055288000000019 110
1752297852394 5.0925900000000865 111
1752297862518 5.129654000000073 112
1752297872626 5.206677000000013 113
1752297882709 5.256896000000097 114
1752297892832 5.280452000000082 115
1752297902934 5.337836000000038 116
1752297913015 5.3808290000000625 117
1752297923143 5.40457200000003 118
1752297933283 5.41668100000004 119
1752297943399 5.470784000000094 120
1752297953493 5.536293000000001 121
1752297963645 5.5998200000000224 122
1752297973775 5.6399540000001025 123
1752297983882 5.665772000000061 124
1752297994073 5.778619000000049 125
1752298004182 5.810359000000062 126
1752298014274 5.861536000000001 127
1752298024377 5.912259000000063 128
1752298034747 5.966015000000084 129
1752298044850 6.029973000000041 130
1752298054968 6.0525800000000345 131
1752298065063 6.069384000000014 132
1752298075174 6.096542999999997 133
1752298085268 6.157242999999994 134
1752298095354 6.165188000000057 135
1752298105500 6.205911000000015 136
1752298115702 6.212941000000001 137
