1752296729051 0.0 0
1752296739126 0.03047700000001896 1
1752296749286 0.1428889999999683 2
1752296759368 0.1643899999999121 3
1752296769481 0.23295499999994718 4
1752296779648 0.24937500000010004 5
1752296789790 0.28444599999988895 6
1752296799875 0.3021510000000944 7
1752296809983 0.3360900000000129 8
1752296820071 0.39443899999992027 9
1752296830156 0.449626999999964 10
1752296840243 0.4896770000000288 11
1752296850330 0.6276580000001104 12
1752296860461 0.6591499999999542 13
1752296870551 0.6856219999999666 14
1752296880633 0.8120879999999033 15
1752296890764 0.853802000000087 16
1752296900902 0.8708309999999528 17
1752296911051 0.8861609999999018 18
1752296921163 0.9043480000000272 19
1752296931270 0.9491439999999329 20
1752296941356 1.0146279999999024 21
1752296951445 1.0372170000000551 22
1752296961529 1.0807629999999335 23
1752296971636 1.0938220000000456 24
1752296981763 1.1043769999998858 25
1752296991869 1.1381890000000112 26
1752297001961 1.1612159999999676 27
1752297012085 1.1844739999999092 28
1752297022189 1.2297949999999673 29
1752297032317 1.2495870000000195 30
1752297042493 1.265491000000111 31
1752297052683 1.3052379999999175 32
1752297062767 1.3871349999999438 33
1752297072905 1.4056080000000293 34
1752297083042 1.4301339999999527 35
1752297093157 1.4551500000000033 36
1752297103278 1.4983680000000277 37
1752297113417 1.5159819999998945 38
1752297123552 1.5261829999999463 39
1752297133639 1.5722089999999298 40
1752297143722 1.6065020000000914 41
1752297153800 1.7651699999998982 42
1752297163881 1.79300400000011 43
1752297174005 1.8325549999999566 44
1752297184184 1.9076689999999417 45
1752297194287 1.9253140000000712 46
1752297204371 1.9566070000000764 47
1752297214465 1.9778710000000501 48
1752297224550 1.9888479999999618 49
1752297234639 2.0059389999998984 50
1752297244748 2.101069999999936 51
1752297254871 2.1593199999999797 52
1752297265033 2.189262000000099 53
1752297275151 2.2175070000000687 54
1752297285252 2.2519250000000284 55
1752297295361 2.267757999999958 56
1752297305455 2.309449000000086 57
1752297315566 2.338516000000027 58
1752297325690 2.3611519999999473 59
1752297335783 2.38206799999989 60
1752297345912 2.5058890000000247 61
1752297356088 2.625688000000082 62
1752297366216 2.686144000000013 63
1752297376358 2.7164370000000417 64
1752297386511 2.7440610000001016 65
1752297396660 3.0023579999999583 66
1752297406801 3.0826039999999466 67
1752297416965 3.171826999999894 68
1752297427077 3.2293110000000524 69
1752297437169 3.3474519999999757 70
1752297447324 3.5731160000000273 71
1752297457445 3.634475000000066 72
1752297467534 3.650957000000062 73
1752297477674 3.7059260000000904 74
1752297487819 3.7319290000000365 75
1752297497913 3.749759999999924 76
1752297508052 3.776194999999916 77
1752297518161 3.8320400000000063 78
1752297528238 3.8498289999999997 79
1752297538372 3.957411000000093 80
1752297548491 4.005028999999922 81
1752297558575 4.03424300000006 82
1752297568733 4.045491000000084 83
1752297578823 4.076270999999906 84
1752297588907 4.09421199999997 85
1752297599665 4.169261000000006 86
1752297609773 4.226707000000033 87
1752297619928 4.3155289999999695 88
1752297630089 4.371871999999939 89
1752297640173 4.416735999999901 90
1752297650258 4.456768000000011 91
1752297660351 4.501678999999967 92
1752297670459 4.5459299999999985 93
1752297680594 4.567902000000004 94
1752297690695 4.607923000000028 95
1752297700777 4.6351190000000315 96
1752297710870 4.75076399999989 97
1752297721005 4.867345999999998 98
1752297731129 4.904496000000108 99
1752297741268 4.934160999999904 100
1752297751368 5.092544999999973 101
1752297761495 5.127999999999929 102
1752297771593 5.158365999999887 103
1752297781683 5.239747999999963 104
1752297791773 5.320611999999983 105
1752297801861 5.3618719999999485 106
1752297811953 5.413784999999962 107
1752297822037 5.4335349999998925 108
1752297832115 5.457928000000038 109
1752297842297 5.517910999999913 110
1752297852394 5.546198000000004 111
1752297862518 5.566518999999971 112
1752297872626 5.757358999999951 113
1752297882709 5.8117850000001 114
1752297892832 5.828173000000106 115
1752297902934 5.875999999999976 116
1752297913015 5.92121300000008 117
1752297923143 5.946916000000101 118
1752297933283 5.960454000000027 119
1752297943399 6.036127000000079 120
1752297953493 6.09729399999992 121
1752297963645 6.15676899999994 122
1752297973775 6.178404999999884 123
1752297983882 6.205101000000013 124
1752297994073 6.297683000000006 125
1752298004182 6.342112000000043 126
1752298014274 6.384951999999885 127
1752298024377 6.442682000000104 128
1752298034747 6.489739999999983 129
1752298044850 6.561791000000085 130
1752298054968 6.714375000000018 131
1752298065063 6.742418999999927 132
1752298075174 6.762606000000005 133
1752298085268 6.839187999999922 134
1752298095354 6.854781000000003 135
1752298105500 6.904101000000082 136
1752298115702 6.910485000000108 137
