1752296729051 19746.8 0
1752296739126 19742.9 1
1752296749286 20180.1 2
1752296759368 20181.9 3
1752296769481 20446.4 4
1752296779648 20041.0 5
1752296789790 20058.3 6
1752296799875 20176.0 7
1752296809983 20177.5 8
1752296820071 20088.9 9
1752296830156 20186.1 10
1752296840243 20399.7 11
1752296850330 19930.6 12
1752296860461 19567.5 13
1752296870551 19688.5 14
1752296880633 20067.5 15
1752296890764 19962.9 16
1752296900902 19563.7 17
1752296911051 19673.7 18
1752296921163 19329.9 19
1752296931270 19545.8 20
1752296941356 19399.0 21
1752296951445 19760.3 22
1752296961529 20007.2 23
1752296971636 20004.5 24
1752296981763 19544.3 25
1752296991869 19695.7 26
1752297001961 19941.5 27
1752297012085 19488.4 28
1752297022189 19632.9 29
1752297032317 19897.2 30
1752297042493 19555.0 31
1752297052683 19716.2 32
1752297062767 19760.3 33
1752297072905 19993.8 34
1752297083042 19570.0 35
1752297093157 19670.4 36
1752297103278 19793.1 37
1752297113417 19399.8 38
1752297123552 19536.5 39
1752297133639 19808.5 40
1752297143722 19459.3 41
1752297153800 19075.0 42
1752297163881 19481.9 43
1752297174005 19736.9 44
1752297184184 19315.6 45
1752297194287 19459.5 46
1752297204371 19551.7 47
1752297214465 19254.7 48
1752297224550 19375.3 49
1752297234639 19540.9 50
1752297244748 19242.1 51
1752297254871 19514.2 52
1752297265033 19109.7 53
1752297275151 19558.3 54
1752297285252 19817.4 55
1752297295361 19458.7 56
1752297305455 19595.0 57
1752297315566 19309.2 58
1752297325690 19474.6 59
1752297335783 19551.7 60
1752297345912 19230.3 61
1752297356088 19472.3 62
1752297366216 19597.5 63
1752297376358 19873.9 64
1752297386511 19509.2 65
1752297396660 19576.0 66
1752297406801 19729.6 67
1752297416965 19609.4 68
1752297427077 19721.5 69
1752297437169 19877.2 70
1752297447324 19991.5 71
1752297457445 19610.4 72
1752297467534 19750.4 73
1752297477674 19788.7 74
1752297487819 19628.3 75
1752297497913 19762.8 76
1752297508052 19579.9 77
1752297518161 19628.9 78
1752297528238 19724.6 79
1752297538372 19414.1 80
1752297548491 19602.8 81
1752297558575 19737.5 82
1752297568733 19448.4 83
1752297578823 19610.9 84
1752297588907 19731.7 85
1752297599665 19605.0 86
1752297609773 19397.4 87
1752297619928 20094.2 88
1752297630089 19725.0 89
1752297640173 19835.7 90
1752297650258 19632.9 91
1752297660351 19774.5 92
1752297670459 19966.3 93
1752297680594 19724.9 94
1752297690695 19897.9 95
1752297700777 20191.5 96
1752297710870 20383.4 97
1752297721005 20142.5 98
1752297731129 19748.0 99
1752297741268 19840.7 100
1752297751368 20119.5 101
1752297761495 19768.9 102
1752297771593 19862.1 103
1752297781683 20133.0 104
1752297791773 19857.9 105
1752297801861 20181.5 106
1752297811953 19692.2 107
1752297822037 20101.7 108
1752297832115 19582.9 109
1752297842297 19839.3 110
1752297852394 19954.2 111
1752297862518 20091.7 112
1752297872626 19842.4 113
1752297882709 19955.1 114
1752297892832 19710.2 115
1752297902934 19897.7 116
1752297913015 20021.0 117
1752297923143 19648.7 118
1752297933283 19813.6 119
1752297943399 19956.6 120
1752297953493 20042.0 121
1752297963645 19915.3 122
1752297973775 20027.3 123
1752297983882 20243.1 124
1752297994073 19997.0 125
1752298004182 19922.3 126
1752298014274 20055.9 127
1752298024377 20063.3 128
1752298034747 19956.3 129
1752298044850 19723.4 130
1752298054968 20064.4 131
1752298065063 20181.0 132
1752298075174 19956.1 133
1752298085268 20109.9 134
1752298095354 20255.4 135
1752298105500 20053.8 136
1752298115702 20029.5 137
