1752296729051 58.0 0
1752296739126 58.0 1
1752296749286 59.3 2
1752296759368 59.3 3
1752296769481 60.1 4
1752296779648 58.9 5
1752296789790 58.9 6
1752296799875 59.3 7
1752296809983 59.3 8
1752296820071 59.0 9
1752296830156 59.3 10
1752296840243 59.9 11
1752296850330 58.6 12
1752296860461 57.5 13
1752296870551 57.9 14
1752296880633 59.0 15
1752296890764 58.7 16
1752296900902 57.5 17
1752296911051 57.8 18
1752296921163 56.8 19
1752296931270 57.4 20
1752296941356 57.0 21
1752296951445 58.1 22
1752296961529 58.8 23
1752296971636 58.8 24
1752296981763 57.4 25
1752296991869 57.9 26
1752297001961 58.6 27
1752297012085 57.3 28
1752297022189 57.7 29
1752297032317 58.5 30
1752297042493 57.5 31
1752297052683 57.9 32
1752297062767 58.1 33
1752297072905 58.8 34
1752297083042 57.5 35
1752297093157 57.8 36
1752297103278 58.2 37
1752297113417 57.0 38
1752297123552 57.4 39
1752297133639 58.2 40
1752297143722 57.2 41
1752297153800 56.1 42
1752297163881 57.3 43
1752297174005 58.0 44
1752297184184 56.8 45
1752297194287 57.2 46
1752297204371 57.5 47
1752297214465 56.6 48
1752297224550 56.9 49
1752297234639 57.4 50
1752297244748 56.5 51
1752297254871 57.3 52
1752297265033 56.2 53
1752297275151 57.5 54
1752297285252 58.2 55
1752297295361 57.2 56
1752297305455 57.6 57
1752297315566 56.7 58
1752297325690 57.2 59
1752297335783 57.5 60
1752297345912 56.5 61
1752297356088 57.2 62
1752297366216 57.6 63
1752297376358 58.4 64
1752297386511 57.3 65
1752297396660 57.5 66
1752297406801 58.0 67
1752297416965 57.6 68
1752297427077 58.0 69
1752297437169 58.4 70
1752297447324 58.7 71
1752297457445 57.6 72
1752297467534 58.0 73
1752297477674 58.2 74
1752297487819 57.7 75
1752297497913 58.1 76
1752297508052 57.5 77
1752297518161 57.7 78
1752297528238 58.0 79
1752297538372 57.1 80
1752297548491 57.6 81
1752297558575 58.0 82
1752297568733 57.2 83
1752297578823 57.6 84
1752297588907 58.0 85
1752297599665 57.6 86
1752297609773 57.0 87
1752297619928 59.0 88
1752297630089 58.0 89
1752297640173 58.3 90
1752297650258 57.7 91
1752297660351 58.1 92
1752297670459 58.7 93
1752297680594 58.0 94
1752297690695 58.5 95
1752297700777 59.3 96
1752297710870 59.9 97
1752297721005 59.2 98
1752297731129 58.0 99
1752297741268 58.3 100
1752297751368 59.1 101
1752297761495 58.1 102
1752297771593 58.4 103
1752297781683 59.2 104
1752297791773 58.4 105
1752297801861 59.3 106
1752297811953 57.9 107
1752297822037 59.1 108
1752297832115 57.5 109
1752297842297 58.3 110
1752297852394 58.6 111
1752297862518 59.0 112
1752297872626 58.3 113
1752297882709 58.6 114
1752297892832 57.9 115
1752297902934 58.5 116
1752297913015 58.8 117
1752297923143 57.7 118
1752297933283 58.2 119
1752297943399 58.6 120
1752297953493 58.9 121
1752297963645 58.5 122
1752297973775 58.9 123
1752297983882 59.5 124
1752297994073 58.8 125
1752298004182 58.5 126
1752298014274 58.9 127
1752298024377 59.0 128
1752298034747 58.6 129
1752298044850 58.0 130
1752298054968 59.0 131
1752298065063 59.3 132
1752298075174 58.6 133
1752298085268 59.1 134
1752298095354 59.5 135
1752298105500 58.9 136
1752298115702 58.9 137
