1752253818525 0.000577235265291665 0
1752253820457 0.0006650426817542435 1
1752253822755 0.0002603824936340472 2
1752253825010 0.00026331927563189256 3
1752253827054 0.0016362917351068636 4
1752253829209 0.0042621106414036025 5
1752253831175 0.0029427899679404963 6
1752253833160 0.005272141237610284 7
1752253835954 0.0032407264749985 8
1752253838169 0.007447566165169904 9
1752253841604 0.007356874987846297 10
1752253845754 0.01364996750501415 11
1752253849002 0.03842102854520287 12
1752253851242 0.04401372803458866 13
1752253853742 0.025797248152227926 14
1752253855838 0.030553381379124975 15
