1752168805276 0.0 0
1752168815372 33.2 1
1752168825539 50.3 2
1752168835701 48.0 3
1752168845894 49.2 4
1752168856169 46.6 5
1752168866273 51.4 6
1752168876457 48.5 7
1752168886598 48.6 8
1752168896710 57.2 9
1752168906796 48.4 10
1752168916874 44.2 11
1752168927136 45.8 12
1752168937238 49.3 13
1752168947332 45.5 14
1752168957499 43.4 15
1752168967715 34.1 16
1752168977835 44.6 17
1752168987963 41.3 18
1752168998047 45.5 19
1752169008160 43.8 20
1752169018280 48.2 21
1752169028382 44.3 22
1752169038510 44.0 23
1752169048684 45.1 24
1752169058816 34.3 25
1752169069220 30.0 26
1752169079537 30.3 27
1752169089972 35.2 28
1752169100308 38.8 29
1752169110497 42.8 30
1752169120682 32.6 31
1752169130843 31.1 32
1752169140979 31.5 33
1752169151159 30.2 34
1752169161326 29.6 35
1752169171529 31.4 36
1752169181783 29.8 37
1752169191957 30.0 38
1752169202238 32.5 39
1752169212561 35.0 40
1752169222712 29.9 41
1752169232853 29.7 42
1752169243037 32.3 43
1752169253227 31.2 44
1752169263387 31.0 45
1752169273576 30.8 46
1752169283856 31.1 47
1752169294107 33.9 48
1752169304298 32.0 49
1752169314499 38.2 50
1752169324705 51.9 51
1752169334921 53.9 52
1752169345164 42.4 53
1752169355298 35.4 54
1752169365440 49.8 55
1752169375697 52.6 56
1752169385986 35.2 57
1752169396203 32.3 58
1752169406348 34.2 59
1752169416445 37.3 60
