1752168805276 763860.5 0
1752168815372 763903.2 1
1752168825539 763891.6 2
1752168835701 763880.4 3
1752168845894 763869.4 4
1752168856169 763862.3 5
1752168866273 763862.2 6
1752168876457 763862.0 7
1752168886598 763861.6 8
1752168896710 763861.3 9
1752168906796 763861.2 10
1752168916874 763861.0 11
1752168927136 763860.8 12
1752168937238 763860.8 13
1752168947332 763860.5 14
1752168957499 763860.4 15
1752168967715 763860.0 16
1752168977835 763858.8 17
1752168987963 763857.6 18
1752168998047 763857.3 19
1752169008160 763857.3 20
1752169018280 763856.9 21
1752169028382 763856.8 22
1752169038510 763856.6 23
1752169048684 763856.4 24
1752169058816 763853.9 25
1752169069220 763853.7 26
1752169079537 763852.7 27
1752169089972 763851.9 28
1752169100308 763851.7 29
1752169110497 763850.7 30
1752169120682 763850.5 31
1752169130843 763841.7 32
1752169140979 763841.7 33
1752169151159 763840.4 34
1752169161326 763840.2 35
1752169171529 763839.8 36
1752169181783 763839.7 37
1752169191957 763839.5 38
1752169202238 763839.3 39
1752169212561 763826.4 40
1752169222712 763826.4 41
1752169232853 763826.2 42
1752169243037 763826.5 43
1752169253227 763825.8 44
1752169263387 763825.7 45
1752169273576 763825.6 46
1752169283856 763825.4 47
1752169294107 763825.3 48
1752169304298 763825.2 49
1752169314499 763824.9 50
1752169324705 763824.7 51
1752169334921 763824.4 52
1752169345164 763824.2 53
1752169355298 763826.8 54
1752169365440 763826.9 55
1752169375697 763807.4 56
1752169385986 763807.6 57
1752169396203 763807.3 58
1752169406348 763807.1 59
1752169416445 763807.0 60
