1752168805276 259533.1 0
1752168815372 259490.4 1
1752168825539 259502.0 2
1752168835701 259513.2 3
1752168845894 259524.2 4
1752168856169 259531.3 5
1752168866273 259531.4 6
1752168876457 259531.7 7
1752168886598 259532.0 8
1752168896710 259532.3 9
1752168906796 259532.4 10
1752168916874 259532.6 11
1752168927136 259532.8 12
1752168937238 259532.8 13
1752168947332 259533.1 14
1752168957499 259533.2 15
1752168967715 259533.6 16
1752168977835 259534.9 17
1752168987963 259536.1 18
1752168998047 259536.3 19
1752169008160 259536.3 20
1752169018280 259536.7 21
1752169028382 259536.9 22
1752169038510 259537.1 23
1752169048684 259537.3 24
1752169058816 259539.7 25
1752169069220 259539.9 26
1752169079537 259540.9 27
1752169089972 259541.8 28
1752169100308 259541.9 29
1752169110497 259542.9 30
1752169120682 259543.1 31
1752169130843 259551.9 32
1752169140979 259551.9 33
1752169151159 259553.3 34
1752169161326 259553.5 35
1752169171529 259553.8 36
1752169181783 259553.9 37
1752169191957 259554.1 38
1752169202238 259554.3 39
1752169212561 259567.2 40
1752169222712 259567.3 41
1752169232853 259567.4 42
1752169243037 259567.1 43
1752169253227 259567.8 44
1752169263387 259567.9 45
1752169273576 259568.1 46
1752169283856 259568.2 47
1752169294107 259568.3 48
1752169304298 259568.4 49
1752169314499 259568.7 50
1752169324705 259568.9 51
1752169334921 259569.2 52
1752169345164 259569.4 53
1752169355298 259566.8 54
1752169365440 259566.7 55
1752169375697 259586.2 56
1752169385986 259586.0 57
1752169396203 259586.3 58
1752169406348 259586.5 59
1752169416445 259586.6 60
