1752168805276 25.4 0
1752168815372 25.4 1
1752168825539 25.4 2
1752168835701 25.4 3
1752168845894 25.4 4
1752168856169 25.4 5
1752168866273 25.4 6
1752168876457 25.4 7
1752168886598 25.4 8
1752168896710 25.4 9
1752168906796 25.4 10
1752168916874 25.4 11
1752168927136 25.4 12
1752168937238 25.4 13
1752168947332 25.4 14
1752168957499 25.4 15
1752168967715 25.4 16
1752168977835 25.4 17
1752168987963 25.4 18
1752168998047 25.4 19
1752169008160 25.4 20
1752169018280 25.4 21
1752169028382 25.4 22
1752169038510 25.4 23
1752169048684 25.4 24
1752169058816 25.4 25
1752169069220 25.4 26
1752169079537 25.4 27
1752169089972 25.4 28
1752169100308 25.4 29
1752169110497 25.4 30
1752169120682 25.4 31
1752169130843 25.4 32
1752169140979 25.4 33
1752169151159 25.4 34
1752169161326 25.4 35
1752169171529 25.4 36
1752169181783 25.4 37
1752169191957 25.4 38
1752169202238 25.4 39
1752169212561 25.4 40
1752169222712 25.4 41
1752169232853 25.4 42
1752169243037 25.4 43
1752169253227 25.4 44
1752169263387 25.4 45
1752169273576 25.4 46
1752169283856 25.4 47
1752169294107 25.4 48
1752169304298 25.4 49
1752169314499 25.4 50
1752169324705 25.4 51
1752169334921 25.4 52
1752169345164 25.4 53
1752169355298 25.4 54
1752169365440 25.4 55
1752169375697 25.4 56
1752169385986 25.4 57
1752169396203 25.4 58
1752169406348 25.4 59
1752169416445 25.4 60
