1752168805276 0.0 0
1752168815372 2.8826700000000187 1
1752168825539 3.230988000000025 2
1752168835701 3.3195330000000354 3
1752168845894 3.339763000000005 4
1752168856169 3.3506060000000275 5
1752168866273 3.375624000000016 6
1752168876457 3.467862000000025 7
1752168886598 3.8010750000000257 8
1752168896710 3.9136179999999854 9
1752168906796 3.981366000000037 10
1752168916874 3.9969540000000165 11
1752168927136 4.025527000000011 12
1752168937238 4.055117999999993 13
1752168947332 4.0592359999999985 14
1752168957499 4.093928000000005 15
1752168967715 4.114635000000021 16
1752168977835 4.1253280000000245 17
1752168987963 4.154425000000003 18
1752168998047 4.202923999999996 19
1752169008160 4.216269000000011 20
1752169018280 4.316452000000027 21
1752169028382 4.345729000000006 22
1752169038510 4.358105000000023 23
1752169048684 4.382562000000007 24
1752169058816 4.440755000000024 25
1752169069220 4.447831000000008 26
1752169079537 4.535888 27
1752169089972 4.60940800000003 28
1752169100308 4.7173460000000205 29
1752169110497 4.818768000000034 30
1752169120682 4.855800999999985 31
1752169130843 5.255922999999996 32
1752169140979 5.324165999999991 33
1752169151159 5.347664000000009 34
1752169161326 5.356381999999996 35
1752169171529 5.404586999999992 36
1752169181783 5.4275539999999864 37
1752169191957 5.440838999999983 38
1752169202238 5.4903189999999995 39
1752169212561 5.546043999999995 40
1752169222712 5.549424999999985 41
1752169232853 5.557172000000037 42
1752169243037 5.675992000000008 43
1752169253227 5.740512000000024 44
1752169263387 5.752782000000025 45
1752169273576 5.763599999999997 46
1752169283856 5.7722009999999955 47
1752169294107 5.778305999999986 48
1752169304298 5.788429000000008 49
1752169314499 5.917494000000033 50
1752169324705 6.029464000000019 51
1752169334921 6.097580999999991 52
1752169345164 6.1960300000000075 53
1752169355298 6.251162000000022 54
1752169365440 6.432502999999997 55
1752169375697 6.5771159999999895 56
1752169385986 6.635737000000006 57
1752169396203 6.668793999999991 58
1752169406348 6.703994000000023 59
1752169416445 6.785176000000035 60
