1752168805276 0.0 0
1752168815372 0.1173989999999776 1
1752168825539 0.14946000000009008 2
1752168835701 0.2183629999999539 3
1752168845894 0.22935400000005757 4
1752168856169 0.23887999999988097 5
1752168866273 0.2468140000000858 6
1752168876457 0.291103000000021 7
1752168886598 0.31551599999988866 8
1752168896710 0.36812299999996867 9
1752168906796 0.3905620000000454 10
1752168916874 0.40099499999996624 11
1752168927136 0.4156679999998687 12
1752168937238 0.42158599999993385 13
1752168947332 0.42370499999992717 14
1752168957499 0.4486580000000231 15
1752168967715 0.45769799999993666 16
1752168977835 0.46562199999993936 17
1752168987963 0.485588000000007 18
1752168998047 0.5095819999999094 19
1752169008160 0.5398729999999432 20
1752169018280 0.6752739999999449 21
1752169028382 0.704962999999907 22
1752169038510 0.7112429999999677 23
1752169048684 0.7360550000000785 24
1752169058816 0.7905900000000656 25
1752169069220 0.7986319999999978 26
1752169079537 1.5674599999999828 27
1752169089972 1.7108980000000429 28
1752169100308 1.857375999999931 29
1752169110497 2.432843999999932 30
1752169120682 2.533283999999867 31
1752169130843 5.564593000000059 32
1752169140979 5.65905100000009 33
1752169151159 5.689777000000049 34
1752169161326 5.710348000000067 35
1752169171529 5.775139000000081 36
1752169181783 5.817722000000003 37
1752169191957 5.839662000000089 38
1752169202238 5.91582399999993 39
1752169212561 5.998787999999877 40
1752169222712 6.0014340000000175 41
1752169232853 6.010314999999991 42
1752169243037 6.266374000000042 43
1752169253227 6.377657999999883 44
1752169263387 6.395894999999882 45
1752169273576 6.408987000000025 46
1752169283856 6.414671999999882 47
1752169294107 6.420998000000054 48
1752169304298 6.472735999999941 49
1752169314499 6.541557999999895 50
1752169324705 6.610196000000087 51
1752169334921 6.680691999999908 52
1752169345164 6.781490000000076 53
1752169355298 6.820081000000073 54
1752169365440 6.911239999999907 55
1752169375697 11.491469000000052 56
1752169385986 11.52177400000005 57
1752169396203 11.564812000000074 58
1752169406348 11.665594000000056 59
1752169416445 11.704259000000093 60
