1752168805276 26086.9 0
1752168815372 27057.3 1
1752168825539 26358.4 2
1752168835701 26561.5 3
1752168845894 26219.6 4
1752168856169 26280.4 5
1752168866273 26208.5 6
1752168876457 26111.3 7
1752168886598 26137.1 8
1752168896710 26362.9 9
1752168906796 25970.6 10
1752168916874 25987.2 11
1752168927136 26077.6 12
1752168937238 26081.6 13
1752168947332 26351.1 14
1752168957499 25992.3 15
1752168967715 25938.6 16
1752168977835 26210.9 17
1752168987963 26177.6 18
1752168998047 26080.2 19
1752169008160 26386.1 20
1752169018280 26302.6 21
1752169028382 26211.9 22
1752169038510 26398.5 23
1752169048684 26537.8 24
1752169058816 26652.8 25
1752169069220 26397.8 26
1752169079537 26380.3 27
1752169089972 26565.8 28
1752169100308 26500.5 29
1752169110497 26774.5 30
1752169120682 26377.9 31
1752169130843 26887.0 32
1752169140979 26799.0 33
1752169151159 26847.0 34
1752169161326 27034.4 35
1752169171529 26655.4 36
1752169181783 26643.0 37
1752169191957 26653.0 38
1752169202238 26655.8 39
1752169212561 26800.2 40
1752169222712 26395.9 41
1752169232853 26350.9 42
1752169243037 26387.6 43
1752169253227 26447.5 44
1752169263387 26445.4 45
1752169273576 26067.6 46
1752169283856 26041.8 47
1752169294107 26258.1 48
1752169304298 26217.6 49
1752169314499 26571.6 50
1752169324705 26515.1 51
1752169334921 26964.4 52
1752169345164 26667.7 53
1752169355298 26688.0 54
1752169365440 26391.2 55
1752169375697 26528.3 56
1752169385986 26424.7 57
1752169396203 26533.3 58
1752169406348 26344.2 59
1752169416445 26727.8 60
