1752168805276 76.7 0
1752168815372 79.5 1
1752168825539 77.5 2
1752168835701 78.1 3
1752168845894 77.1 4
1752168856169 77.2 5
1752168866273 77.0 6
1752168876457 76.7 7
1752168886598 76.8 8
1752168896710 77.5 9
1752168906796 76.3 10
1752168916874 76.4 11
1752168927136 76.6 12
1752168937238 76.6 13
1752168947332 77.4 14
1752168957499 76.4 15
1752168967715 76.2 16
1752168977835 77.0 17
1752168987963 76.9 18
1752168998047 76.6 19
1752169008160 77.5 20
1752169018280 77.3 21
1752169028382 77.0 22
1752169038510 77.6 23
1752169048684 78.0 24
1752169058816 78.3 25
1752169069220 77.6 26
1752169079537 77.5 27
1752169089972 78.1 28
1752169100308 77.9 29
1752169110497 78.7 30
1752169120682 77.5 31
1752169130843 79.0 32
1752169140979 78.8 33
1752169151159 78.9 34
1752169161326 79.4 35
1752169171529 78.3 36
1752169181783 78.3 37
1752169191957 78.3 38
1752169202238 78.3 39
1752169212561 78.8 40
1752169222712 77.6 41
1752169232853 77.4 42
1752169243037 77.5 43
1752169253227 77.7 44
1752169263387 77.7 45
1752169273576 76.6 46
1752169283856 76.5 47
1752169294107 77.2 48
1752169304298 77.0 49
1752169314499 78.1 50
1752169324705 77.9 51
1752169334921 79.2 52
1752169345164 78.4 53
1752169355298 78.4 54
1752169365440 77.6 55
1752169375697 78.0 56
1752169385986 77.7 57
1752169396203 78.0 58
1752169406348 77.4 59
1752169416445 78.5 60
