1752515056940 7.099999999837792e-05 0
1752515067390 0.08066200000000379 1
1752515077647 0.13522199999999884 2
1752515087806 0.18434400000000295 3
1752515098075 0.1948369999999997 4
1752515108397 0.2683190000000053 5
1752515118531 0.3952290000000005 6
1752515128727 0.42717800000000494 7
1752515138886 0.46103400000000505 8
1752515149098 0.4933380000000014 9
1752515159247 0.5143529999999998 10
1752515169368 0.526245000000003 11
1752515179513 0.5478629999999995 12
1752515189617 0.5647459999999995 13
