1752515056940 5.39999999915608e-05 0
1752515067390 0.03715199999999186 1
1752515077647 0.06034400000000062 2
1752515087806 0.0723780000000005 3
1752515098075 0.08130299999999124 4
1752515108397 0.12036599999998998 5
1752515118531 0.17872799999999245 6
1752515128727 0.20489999999999498 7
1752515138886 0.33432599999999013 8
1752515149098 0.36533899999999164 9
1752515159247 0.3766429999999872 10
1752515169368 0.3866869999999949 11
1752515179513 0.40435099999999125 12
1752515189617 0.4211299999999909 13
