1750618649722 258209.7 0
1750618659897 258210.3 1
1750618670090 258210.6 2
1750618680253 258211.1 3
1750618690379 258211.2 4
1750618700544 258211.6 5
1750618710685 258212.4 6
1750618720843 258212.4 7
1750618731035 258213.0 8
1750618741234 258213.5 9
1750618751400 258214.2 10
1750618761557 258214.3 11
1750618771787 258214.3 12
1750618781948 258211.4 13
1750618792157 258211.8 14
1750618802374 258213.2 15
1750618812494 258213.3 16
1750618822636 258217.0 17
1750618832782 258364.6 18
1750618842907 258366.6 19
