1750618649722 765183.9 0
1750618659897 765183.4 1
1750618670090 765183.0 2
1750618680253 765182.6 3
1750618690379 765182.4 4
1750618700544 765182.0 5
1750618710685 765181.2 6
1750618720843 765181.2 7
1750618731035 765180.6 8
1750618741234 765180.1 9
1750618751400 765179.4 10
1750618761557 765179.4 11
1750618771787 765179.3 12
1750618781948 765182.2 13
1750618792157 765181.8 14
1750618802374 765180.5 15
1750618812494 765180.3 16
1750618822636 765176.6 17
1750618832782 765029.0 18
1750618842907 765027.0 19
