1750618649722 0.0029129999999999434 0
1750618659897 0.044060999999999684 1
1750618670090 0.06172199999999961 2
1750618680253 0.0778139999999996 3
1750618690379 0.18560699999999963 4
1750618700544 0.2821399999999996 5
1750618710685 0.7951779999999999 6
1750618720843 1.0332429999999997 7
1750618731035 17.353870999999998 8
1750618741234 17.432678 9
1750618751400 17.458682 10
1750618761557 17.481713 11
1750618771787 17.496818 12
1750618781948 17.557164 13
1750618792157 17.576201 14
1750618802374 17.603264 15
1750618812494 17.621358999999998 16
1750618822636 18.209223 17
1750618832782 27.87194 18
1750618842907 28.167861 19
