1750618649722 0.00030800000000041905 0
1750618659897 0.1564009999999998 1
1750618670090 0.18001800000000046 2
1750618680253 0.2178760000000004 3
1750618690379 0.2390610000000004 4
1750618700544 0.27468999999999966 5
1750618710685 0.4287960000000002 6
1750618720843 0.5591059999999999 7
1750618731035 16.470867 8
1750618741234 16.536241 9
1750618751400 16.578162 10
1750618761557 16.607315 11
1750618771787 16.619155 12
1750618781948 16.713885 13
1750618792157 16.747042 14
1750618802374 16.760797 15
1750618812494 16.769125 16
1750618822636 17.080403 17
1750618832782 17.497122 18
1750618842907 17.622087 19
