1750451070429 0.0 0
1750451080546 27.4 1
1750451090660 44.5 2
1750451101132 35.7 3
1750451111853 37.9 4
1750451122521 21.4 5
1750451133066 18.6 6
1750451143339 21.1 7
1750451153867 18.0 8
1750451164620 16.6 9
1750451175362 15.8 10
1750451186513 15.3 11
1750451197459 17.6 12
1750451208616 16.6 13
1750451219098 14.6 14
1750451229957 15.2 15
1750451240799 11.5 16
1750451251576 14.3 17
1750451262109 15.4 18
1750451273115 16.7 19
1750451284016 20.3 20
1750451294737 20.5 21
1750451306084 16.5 22
1750451316770 18.6 23
1750451327294 16.4 24
1750451338239 17.3 25
1750451348891 17.5 26
1750451359927 21.0 27
1750451370245 21.4 28
1750451381126 18.6 29
1750451391516 20.5 30
1750451402449 22.8 31
1750451412701 21.2 32
1750451423376 21.7 33
1750451434370 17.0 34
1750451445014 22.4 35
1750451455122 29.5 36
