1750451070429 257865.1 0
1750451080546 257865.0 1
1750451090660 257865.0 2
1750451101132 257865.0 3
1750451111853 257865.7 4
1750451122521 257865.5 5
1750451133066 257865.6 6
1750451143339 257862.8 7
1750451153867 257862.7 8
1750451164620 257862.7 9
1750451175362 257862.8 10
1750451186513 257862.9 11
1750451197459 257859.7 12
1750451208616 257859.9 13
1750451219098 257859.9 14
1750451229957 257859.9 15
1750451240799 257859.9 16
1750451251576 257859.9 17
1750451262109 257860.0 18
1750451273115 257860.0 19
1750451284016 257860.0 20
1750451294737 257861.3 21
1750451306084 257861.4 22
1750451316770 257861.4 23
1750451327294 257861.3 24
1750451338239 257861.3 25
1750451348891 257861.4 26
1750451359927 257861.3 27
1750451370245 257861.3 28
1750451381126 257861.3 29
1750451391516 257866.4 30
1750451402449 257869.3 31
1750451412701 257870.7 32
1750451423376 257882.9 33
1750451434370 257883.0 34
1750451445014 257883.2 35
1750451455122 257883.5 36
