1750451070429 25.2 0
1750451080546 25.2 1
1750451090660 25.2 2
1750451101132 25.2 3
1750451111853 25.2 4
1750451122521 25.2 5
1750451133066 25.2 6
1750451143339 25.2 7
1750451153867 25.2 8
1750451164620 25.2 9
1750451175362 25.2 10
1750451186513 25.2 11
1750451197459 25.2 12
1750451208616 25.2 13
1750451219098 25.2 14
1750451229957 25.2 15
1750451240799 25.2 16
1750451251576 25.2 17
1750451262109 25.2 18
1750451273115 25.2 19
1750451284016 25.2 20
1750451294737 25.2 21
1750451306084 25.2 22
1750451316770 25.2 23
1750451327294 25.2 24
1750451338239 25.2 25
1750451348891 25.2 26
1750451359927 25.2 27
1750451370245 25.2 28
1750451381126 25.2 29
1750451391516 25.2 30
1750451402449 25.2 31
1750451412701 25.2 32
1750451423376 25.2 33
1750451434370 25.2 34
1750451445014 25.2 35
1750451455122 25.2 36
