1750451070429 765528.5 0
1750451080546 765528.6 1
1750451090660 765528.6 2
1750451101132 765528.6 3
1750451111853 765527.9 4
1750451122521 765528.1 5
1750451133066 765528.0 6
1750451143339 765530.8 7
1750451153867 765531.0 8
1750451164620 765531.0 9
1750451175362 765530.8 10
1750451186513 765530.8 11
1750451197459 765533.9 12
1750451208616 765533.8 13
1750451219098 765533.8 14
1750451229957 765533.8 15
1750451240799 765533.7 16
1750451251576 765533.7 17
1750451262109 765533.7 18
1750451273115 765533.7 19
1750451284016 765533.7 20
1750451294737 765532.3 21
1750451306084 765532.3 22
1750451316770 765532.3 23
1750451327294 765532.3 24
1750451338239 765532.3 25
1750451348891 765532.2 26
1750451359927 765532.3 27
1750451370245 765532.3 28
1750451381126 765532.3 29
1750451391516 765527.2 30
1750451402449 765524.3 31
1750451412701 765522.9 32
1750451423376 765510.7 33
1750451434370 765510.7 34
1750451445014 765510.4 35
1750451455122 765510.1 36
