1750451070429 0.0 0
1750451080546 0.1144879999999997 1
1750451090660 0.12646099999999993 2
1750451101132 0.14963399999999982 3
1750451111853 0.303658 4
1750451122521 0.49766299999999974 5
1750451133066 0.5707079999999998 6
1750451143339 0.706601 7
1750451153867 0.757142 8
1750451164620 0.7718339999999997 9
1750451175362 0.791137 10
1750451186513 0.8088089999999997 11
1750451197459 0.8569259999999996 12
1750451208616 0.880652 13
1750451219098 0.8959069999999998 14
1750451229957 0.902765 15
1750451240799 0.9119409999999997 16
1750451251576 0.9297279999999999 17
1750451262109 0.9434 18
1750451273115 0.9569290000000001 19
1750451284016 0.9801819999999997 20
1750451294737 1.0073209999999997 21
1750451306084 1.0259069999999997 22
1750451316770 1.0686949999999995 23
1750451327294 1.09348 24
1750451338239 1.100057 25
1750451348891 1.14181 26
1750451359927 1.1662399999999997 27
1750451370245 1.1746500000000002 28
1750451381126 1.212018 29
1750451391516 1.6076659999999996 30
1750451402449 2.2374620000000003 31
1750451412701 3.104956 32
1750451423376 4.297248 33
1750451434370 5.0176940000000005 34
1750451445014 5.636974 35
1750451455122 5.895327 36
