1750451070429 0.0 0
1750451080546 0.04084600000000016 1
1750451090660 0.052565000000001305 2
1750451101132 0.07150100000000137 3
1750451111853 0.21807000000000087 4
1750451122521 0.36459800000000087 5
1750451133066 0.4159980000000001 6
1750451143339 0.7261510000000015 7
1750451153867 0.7486750000000004 8
1750451164620 0.7630410000000012 9
1750451175362 0.7797490000000007 10
1750451186513 0.8743590000000001 11
1750451197459 0.9531340000000004 12
1750451208616 0.9798820000000017 13
1750451219098 0.9931780000000003 14
1750451229957 1.0046920000000004 15
1750451240799 1.0131430000000012 16
1750451251576 1.0287970000000008 17
1750451262109 1.045249 18
1750451273115 1.0551010000000005 19
1750451284016 1.0690090000000012 20
1750451294737 1.0878390000000007 21
1750451306084 1.1053830000000016 22
1750451316770 1.139240000000001 23
1750451327294 1.1496440000000003 24
1750451338239 1.1541570000000014 25
1750451348891 1.1898310000000016 26
1750451359927 1.2058930000000014 27
1750451370245 1.210388 28
1750451381126 1.2380220000000008 29
1750451391516 4.747739000000001 30
1750451402449 13.368377000000002 31
1750451412701 25.192892 32
1750451423376 45.348153 33
1750451434370 57.905992999999995 34
1750451445014 63.807692 35
1750451455122 66.086502 36
