1750451070429 18389.6 0
1750451080546 18710.8 1
1750451090660 18687.5 2
1750451101132 18761.9 3
1750451111853 19320.1 4
1750451122521 18934.9 5
1750451133066 18913.1 6
1750451143339 18982.4 7
1750451153867 18922.3 8
1750451164620 19046.5 9
1750451175362 18946.1 10
1750451186513 18964.8 11
1750451197459 18971.4 12
1750451208616 18949.4 13
1750451219098 18759.3 14
1750451229957 18686.8 15
1750451240799 18749.4 16
1750451251576 18749.4 17
1750451262109 18765.9 18
1750451273115 18772.4 19
1750451284016 18775.6 20
1750451294737 18767.8 21
1750451306084 18773.5 22
1750451316770 18751.0 23
1750451327294 18808.4 24
1750451338239 18793.2 25
1750451348891 18785.2 26
1750451359927 18799.7 27
1750451370245 18820.3 28
1750451381126 18872.8 29
1750451391516 19279.4 30
1750451402449 19250.9 31
1750451412701 19209.6 32
1750451423376 19349.5 33
1750451434370 19348.6 34
1750451445014 19389.9 35
1750451455122 19514.9 36
