1750451070429 54.0 0
1750451080546 55.0 1
1750451090660 54.9 2
1750451101132 55.1 3
1750451111853 56.8 4
1750451122521 55.6 5
1750451133066 55.6 6
1750451143339 55.8 7
1750451153867 55.6 8
1750451164620 56.0 9
1750451175362 55.7 10
1750451186513 55.7 11
1750451197459 55.8 12
1750451208616 55.7 13
1750451219098 55.1 14
1750451229957 54.9 15
1750451240799 55.1 16
1750451251576 55.1 17
1750451262109 55.1 18
1750451273115 55.2 19
1750451284016 55.2 20
1750451294737 55.2 21
1750451306084 55.2 22
1750451316770 55.1 23
1750451327294 55.3 24
1750451338239 55.2 25
1750451348891 55.2 26
1750451359927 55.2 27
1750451370245 55.3 28
1750451381126 55.5 29
1750451391516 56.7 30
1750451402449 56.6 31
1750451412701 56.5 32
1750451423376 56.9 33
1750451434370 56.9 34
1750451445014 57.0 35
1750451455122 57.3 36
