1752256327764 0.0008109192169886561 0
1752256330279 0.0006400347695730695 1
1752256332647 0.00018792828988166088 2
1752256334629 0.0002473945157300737 3
1752256337522 0.0006278675362892266 4
1752256340245 0.0021283427074246155 5
1752256342139 0.0025314239651522633 6
1752256344023 0.001381396053694634 7
1752256345956 0.0021628332707609053 8
1752256347778 0.0026295105093669473 9
1752256349863 0.004269387344434685 10
1752256351955 0.00345147476038002 11
1752256353845 0.0040893286939997255 12
1752256356094 0.008585535636038968 13
1752256358156 0.008677556187284248 14
1752256360223 0.011443944797216032 15
1752256362243 0.015818513542587707 16
1752256364404 0.019068800292057694 17
1752256366571 0.04541912958377029 18
1752256369143 0.047733495332631805 19
1752256370994 0.054371511831896126 20
1752256372877 0.06200311212573548 21
1752256374887 0.029885302481352755 22
1752256376810 0.03775357192362786 23
1752256379021 0.03947168512559625 24
