1752011706291 0.0 0
1752011716740 19.8 1
1752011726816 26.7 2
1752011736907 24.6 3
1752011747011 23.5 4
1752011757101 24.0 5
1752011767175 28.8 6
1752011777443 26.3 7
1752011787598 33.5 8
1752011797721 42.1 9
1752011807836 44.3 10
1752011817962 33.3 11
1752011828074 25.7 12
1752011838197 26.5 13
1752011848297 27.6 14
1752011858385 31.0 15
1752011868501 31.3 16
1752011878623 26.2 17
1752011888794 30.6 18
1752011898933 27.3 19
1752011909032 25.1 20
1752011919156 25.9 21
1752011929247 23.4 22
1752011939347 28.4 23
1752011949441 25.7 24
1752011959514 27.5 25
1752011969594 24.9 26
1752011979674 24.0 27
1752011989796 24.1 28
1752011999917 27.4 29
1752012010049 43.1 30
1752012020141 34.9 31
1752012030217 13.9 32
1752012040453 10.8 33
1752012050538 10.1 34
1752012060615 21.0 35
1752012070880 13.1 36
