1752011706291 260033.4 0
1752011716740 260034.4 1
1752011726816 260034.5 2
1752011736907 260034.7 3
1752011747011 260034.9 4
1752011757101 260035.3 5
1752011767175 260035.3 6
1752011777443 260035.4 7
1752011787598 260035.8 8
1752011797721 260035.9 9
1752011807836 260036.2 10
1752011817962 260036.3 11
1752011828074 260036.4 12
1752011838197 260036.6 13
1752011848297 260036.8 14
1752011858385 260037.1 15
1752011868501 260037.2 16
1752011878623 260037.5 17
1752011888794 260037.9 18
1752011898933 260038.0 19
1752011909032 260027.0 20
1752011919156 260027.1 21
1752011929247 260027.2 22
1752011939347 260027.4 23
1752011949441 260027.5 24
1752011959514 260019.3 25
1752011969594 260019.4 26
1752011979674 260019.6 27
1752011989796 260019.8 28
1752011999917 260019.9 29
1752012010049 260020.4 30
1752012020141 260020.5 31
1752012030217 260020.6 32
1752012040453 260020.8 33
1752012050538 260021.1 34
1752012060615 260021.3 35
1752012070880 260021.4 36
