1752011706291 25.4 0
1752011716740 25.4 1
1752011726816 25.4 2
1752011736907 25.4 3
1752011747011 25.4 4
1752011757101 25.4 5
1752011767175 25.4 6
1752011777443 25.4 7
1752011787598 25.4 8
1752011797721 25.4 9
1752011807836 25.4 10
1752011817962 25.4 11
1752011828074 25.4 12
1752011838197 25.4 13
1752011848297 25.4 14
1752011858385 25.4 15
1752011868501 25.4 16
1752011878623 25.4 17
1752011888794 25.4 18
1752011898933 25.4 19
1752011909032 25.4 20
1752011919156 25.4 21
1752011929247 25.4 22
1752011939347 25.4 23
1752011949441 25.4 24
1752011959514 25.4 25
1752011969594 25.4 26
1752011979674 25.4 27
1752011989796 25.4 28
1752011999917 25.4 29
1752012010049 25.4 30
1752012020141 25.4 31
1752012030217 25.4 32
1752012040453 25.4 33
1752012050538 25.4 34
1752012060615 25.4 35
1752012070880 25.4 36
