1752011706291 763360.2 0
1752011716740 763359.2 1
1752011726816 763359.1 2
1752011736907 763359.0 3
1752011747011 763358.7 4
1752011757101 763358.3 5
1752011767175 763358.3 6
1752011777443 763358.2 7
1752011787598 763357.8 8
1752011797721 763357.7 9
1752011807836 763357.5 10
1752011817962 763357.3 11
1752011828074 763357.2 12
1752011838197 763357.0 13
1752011848297 763356.8 14
1752011858385 763356.5 15
1752011868501 763356.4 16
1752011878623 763356.1 17
1752011888794 763355.8 18
1752011898933 763355.6 19
1752011909032 763366.6 20
1752011919156 763366.5 21
1752011929247 763366.4 22
1752011939347 763366.2 23
1752011949441 763366.1 24
1752011959514 763374.3 25
1752011969594 763374.2 26
1752011979674 763374.1 27
1752011989796 763373.9 28
1752011999917 763373.7 29
1752012010049 763373.3 30
1752012020141 763373.1 31
1752012030217 763373.0 32
1752012040453 763372.8 33
1752012050538 763372.5 34
1752012060615 763372.3 35
1752012070880 763372.2 36
