1752011706291 0.0 0
1752011716740 0.3931790000000319 1
1752011726816 0.7896850000000768 2
1752011736907 2.2088130000000774 3
1752011747011 3.5764480000000276 4
1752011757101 3.8220770000000357 5
1752011767175 4.153454000000011 6
1752011777443 4.482383000000027 7
1752011787598 4.862620000000106 8
1752011797721 5.321115000000077 9
1752011807836 5.844343000000094 10
1752011817962 6.5345570000000635 11
1752011828074 8.132204999999999 12
1752011838197 8.528255000000058 13
1752011848297 9.171884000000091 14
1752011858385 11.553948000000105 15
1752011868501 12.031840000000102 16
1752011878623 12.467415000000074 17
1752011888794 13.040995000000066 18
1752011898933 13.439067000000023 19
1752011909032 14.900603000000046 20
1752011919156 15.31228800000008 21
1752011929247 15.708753000000002 22
1752011939347 16.383501000000024 23
1752011949441 16.84795100000008 24
1752011959514 17.233228000000054 25
1752011969594 17.638936000000058 26
1752011979674 18.03472700000009 27
1752011989796 18.426299000000085 28
1752011999917 19.291954000000032 29
1752012010049 19.689208000000008 30
1752012020141 20.091944000000012 31
1752012030217 20.18379600000003 32
1752012040453 20.224049000000036 33
1752012050538 20.24890400000004 34
1752012060615 20.39469500000007 35
1752012070880 20.473509000000035 36
