1752011706291 0.0 0
1752011716740 0.05808999999999287 1
1752011726816 0.08741400000002386 2
1752011736907 0.1937159999999949 3
1752011747011 0.4218720000000076 4
1752011757101 0.5382380000000353 5
1752011767175 0.7925190000000271 6
1752011777443 0.8094839999999976 7
1752011787598 0.9052849999999921 8
1752011797721 1.149881999999991 9
1752011807836 1.3496729999999957 10
1752011817962 1.8099240000000236 11
1752011828074 2.1129400000000373 12
1752011838197 2.2806439999999952 13
1752011848297 2.551169000000016 14
1752011858385 2.697991000000002 15
1752011868501 2.781970000000001 16
1752011878623 2.8703950000000304 17
1752011888794 3.0047250000000076 18
1752011898933 3.041502000000037 19
1752011909032 4.359678000000031 20
1752011919156 4.408132000000023 21
1752011929247 4.435966000000008 22
1752011939347 4.655189000000007 23
1752011949441 4.754980000000046 24
1752011959514 4.77586500000001 25
1752011969594 4.798363999999992 26
1752011979674 4.83322000000004 27
1752011989796 4.8625299999999925 28
1752011999917 5.019610999999998 29
1752012010049 5.05971500000004 30
1752012020141 5.098091000000011 31
1752012030217 5.114615000000015 32
1752012040453 5.153434000000004 33
1752012050538 5.175242000000026 34
1752012060615 5.380112999999994 35
1752012070880 5.493503000000032 36
