1752011706291 57.6 0
1752011716740 58.7 1
1752011726816 59.0 2
1752011736907 59.7 3
1752011747011 60.0 4
1752011757101 60.0 5
1752011767175 59.8 6
1752011777443 60.1 7
1752011787598 60.5 8
1752011797721 60.9 9
1752011807836 61.5 10
1752011817962 61.2 11
1752011828074 61.5 12
1752011838197 61.0 13
1752011848297 61.2 14
1752011858385 62.1 15
1752011868501 62.5 16
1752011878623 61.9 17
1752011888794 62.2 18
1752011898933 61.9 19
1752011909032 61.8 20
1752011919156 62.1 21
1752011929247 62.1 22
1752011939347 62.4 23
1752011949441 62.9 24
1752011959514 63.0 25
1752011969594 63.1 26
1752011979674 63.3 27
1752011989796 63.8 28
1752011999917 64.0 29
1752012010049 63.5 30
1752012020141 63.0 31
1752012030217 63.4 32
1752012040453 64.1 33
1752012050538 64.5 34
1752012060615 64.9 35
1752012070880 64.9 36
