1752011706291 19587.9 0
1752011716740 19962.9 1
1752011726816 20088.4 2
1752011736907 20302.4 3
1752011747011 20418.4 4
1752011757101 20423.0 5
1752011767175 20335.8 6
1752011777443 20462.6 7
1752011787598 20591.6 8
1752011797721 20734.0 9
1752011807836 20933.5 10
1752011817962 20831.7 11
1752011828074 20932.0 12
1752011838197 20749.5 13
1752011848297 20817.1 14
1752011858385 21117.4 15
1752011868501 21269.5 16
1752011878623 21075.3 17
1752011888794 21169.1 18
1752011898933 21074.4 19
1752011909032 21019.5 20
1752011919156 21139.8 21
1752011929247 21142.0 22
1752011939347 21232.0 23
1752011949441 21388.6 24
1752011959514 21441.8 25
1752011969594 21466.2 26
1752011979674 21536.9 27
1752011989796 21704.0 28
1752011999917 21769.8 29
1752012010049 21624.0 30
1752012020141 21431.0 31
1752012030217 21574.6 32
1752012040453 21812.9 33
1752012050538 21936.4 34
1752012060615 22072.5 35
1752012070880 22073.8 36
