1750777365604 258231.0 0
1750777375682 258232.4 1
1750777387106 258232.7 2
1750777397222 258239.5 3
1750777408205 258239.9 4
1750777418340 258240.0 5
1750777428856 258240.7 6
1750777438974 258240.8 7
1750777449317 258240.7 8
1750777459560 258242.8 9
1750777469698 258243.9 10
1750777479814 258244.1 11
1750777489921 258244.2 12
1750777500026 258244.4 13
1750777510475 258244.5 14
1750777520615 258245.3 15
1750777530714 258240.2 16
1750777540812 258240.8 17
1750777550916 258241.3 18
1750777561330 258241.5 19
1750777571432 258241.7 20
