1750777365604 765162.6 0
1750777375682 765161.2 1
1750777387106 765160.9 2
1750777397222 765154.1 3
1750777408205 765153.8 4
1750777418340 765153.6 5
1750777428856 765153.0 6
1750777438974 765152.8 7
1750777449317 765152.9 8
1750777459560 765150.8 9
1750777469698 765149.8 10
1750777479814 765149.6 11
1750777489921 765149.4 12
1750777500026 765149.2 13
1750777510475 765149.1 14
1750777520615 765148.4 15
1750777530714 765153.4 16
1750777540812 765152.8 17
1750777550916 765152.3 18
1750777561330 765152.1 19
1750777571432 765151.9 20
