1750777365604 0.0 0
1750777375682 0.05856099999999742 1
1750777387106 0.10189199999999232 2
1750777397222 0.9375279999999862 3
1750777408205 1.4022740000000056 4
1750777418340 1.6583239999999932 5
1750777428856 1.9207759999999894 6
1750777438974 2.180958000000004 7
1750777449317 2.4584000000000117 8
1750777459560 3.0396749999999884 9
1750777469698 4.529133999999999 10
1750777479814 5.402487000000008 11
1750777489921 5.536045999999999 12
1750777500026 5.620523999999989 13
1750777510475 5.673013999999995 14
1750777520615 6.540704000000005 15
1750777530714 7.348678000000007 16
1750777540812 9.122285000000005 17
1750777550916 9.66303099999999 18
1750777561330 9.72294500000001 19
1750777571432 9.797942000000006 20
