1750777365604 0.0 0
1750777375682 0.25415499999999724 1
1750777387106 0.31855600000000095 2
1750777397222 0.5409979999999948 3
1750777408205 0.935772 4
1750777418340 1.0504379999999998 5
1750777428856 1.161791000000001 6
1750777438974 1.5428899999999999 7
1750777449317 1.8985039999999955 8
1750777459560 2.4001789999999943 9
1750777469698 3.546152999999997 10
1750777479814 4.039898000000001 11
1750777489921 4.750413999999999 12
1750777500026 4.903871000000002 13
1750777510475 4.943777000000004 14
1750777520615 5.711469000000001 15
1750777530714 5.813500999999995 16
1750777540812 6.024346999999999 17
1750777550916 6.126394999999995 18
1750777561330 6.199926999999995 19
1750777571432 6.260420000000003 20
