1750777365604 16806.4 0
1750777375682 17281.7 1
1750777387106 17502.0 2
1750777397222 18272.9 3
1750777408205 18011.3 4
1750777418340 18266.7 5
1750777428856 18115.1 6
1750777438974 18173.8 7
1750777449317 18305.4 8
1750777459560 19110.1 9
1750777469698 19152.3 10
1750777479814 18461.0 11
1750777489921 18286.4 12
1750777500026 18269.6 13
1750777510475 18291.7 14
1750777520615 18660.8 15
1750777530714 18719.8 16
1750777540812 18757.8 17
1750777550916 18470.1 18
1750777561330 18567.6 19
1750777571432 18887.5 20
