1752681086041 0.0 0
1752681096254 0.020727000000022144 1
1752681106423 0.04576600000001463 2
1752681116558 0.06062200000002349 3
1752681126774 0.07057700000001432 4
1752681136959 0.16957800000000134 5
1752681147109 0.20651800000001685 6
1752681157247 0.22669000000001915 7
1752681167476 0.2390320000000088 8
1752681177661 0.24880300000000943 9
1752681187831 0.25877200000002176 10
1752681198062 0.27663200000000643 11
1752681208203 0.31451700000002347 12
1752681218331 0.324986000000024 13
1752681228583 0.3407889999999725 14
