1752681086041 0.0 0
1752681096254 0.015995000000003756 1
1752681106423 0.04602599999999768 2
1752681116558 0.17399600000000248 3
1752681126774 0.18504400000000487 4
1752681136959 0.2095249999999993 5
1752681147109 0.24038199999999676 6
1752681157247 0.2553709999999967 7
1752681167476 0.2707380000000086 8
1752681177661 0.28154600000000585 9
1752681187831 0.2895070000000004 10
1752681198062 0.31062300000000675 11
1752681208203 0.38051199999999596 12
1752681218331 0.38864300000000185 13
1752681228583 0.40829300000000046 14
