1752279967319 0.0 0
1752279977420 18.3 1
1752279987500 38.7 2
1752279997602 46.0 3
1752280007703 43.5 4
1752280017858 49.1 5
1752280027987 50.8 6
1752280038115 52.5 7
1752280048309 57.1 8
1752280058402 52.2 9
1752280068482 46.5 10
1752280078580 48.9 11
1752280088751 48.4 12
1752280098958 46.3 13
1752280109159 45.3 14
1752280119283 42.7 15
1752280129382 45.2 16
1752280139470 54.2 17
1752280149655 48.3 18
1752280159761 37.7 19
1752280169895 35.9 20
1752280180156 34.0 21
1752280190283 36.0 22
1752280200429 33.9 23
1752280210700 35.1 24
