1752279967319 25.5 0
1752279977420 25.5 1
1752279987500 25.5 2
1752279997602 25.5 3
1752280007703 25.5 4
1752280017858 25.5 5
1752280027987 25.5 6
1752280038115 25.5 7
1752280048309 25.5 8
1752280058402 25.5 9
1752280068482 25.5 10
1752280078580 25.5 11
1752280088751 25.5 12
1752280098958 25.5 13
1752280109159 25.5 14
1752280119283 25.5 15
1752280129382 25.5 16
1752280139470 25.5 17
1752280149655 25.5 18
1752280159761 25.5 19
1752280169895 25.5 20
1752280180156 25.5 21
1752280190283 25.5 22
1752280200429 25.5 23
1752280210700 25.5 24
