1752279967319 762221.7 0
1752279977420 762220.5 1
1752279987500 762220.5 2
1752279997602 762219.3 3
1752280007703 762219.0 4
1752280017858 762218.9 5
1752280027987 762218.5 6
1752280038115 762218.4 7
1752280048309 762222.0 8
1752280058402 762221.4 9
1752280068482 762221.4 10
1752280078580 762221.4 11
1752280088751 762221.4 12
1752280098958 762221.2 13
1752280109159 762220.8 14
1752280119283 762220.7 15
1752280129382 762220.6 16
1752280139470 762220.6 17
1752280149655 762220.6 18
1752280159761 762220.4 19
1752280169895 762220.3 20
1752280180156 762220.3 21
1752280190283 762220.3 22
1752280200429 762220.3 23
1752280210700 762220.3 24
