1752279967319 261171.9 0
1752279977420 261173.1 1
1752279987500 261173.1 2
1752279997602 261174.3 3
1752280007703 261174.6 4
1752280017858 261174.8 5
1752280027987 261175.2 6
1752280038115 261175.2 7
1752280048309 261171.6 8
1752280058402 261172.2 9
1752280068482 261172.2 10
1752280078580 261172.2 11
1752280088751 261172.2 12
1752280098958 261172.4 13
1752280109159 261172.9 14
1752280119283 261172.9 15
1752280129382 261173.0 16
1752280139470 261173.0 17
1752280149655 261173.0 18
1752280159761 261173.2 19
1752280169895 261173.3 20
1752280180156 261173.3 21
1752280190283 261173.3 22
1752280200429 261173.3 23
1752280210700 261173.4 24
