1752279967319 0.0 0
1752279977420 0.08298500000000786 1
1752279987500 0.13120100000014645 2
1752279997602 0.20895000000018626 3
1752280007703 0.2497910000001866 4
1752280017858 0.39532600000006823 5
1752280027987 0.45792500000015934 6
1752280038115 0.6878070000000207 7
1752280048309 0.7403730000000905 8
1752280058402 0.7830390000001444 9
1752280068482 0.8399540000000343 10
1752280078580 0.9703719999999976 11
1752280088751 1.0057490000001508 12
1752280098958 1.0997550000001866 13
1752280109159 1.13340600000015 14
1752280119283 1.1675610000002052 15
1752280129382 1.2116330000001199 16
1752280139470 1.3361670000001595 17
1752280149655 1.3622700000000805 18
1752280159761 1.4293059999999969 19
1752280169895 1.4601590000002034 20
1752280180156 1.4801140000001851 21
1752280190283 1.532475000000204 22
1752280200429 1.6132270000000517 23
1752280210700 1.642287000000124 24
