1752279967319 0.0 0
1752279977420 0.17175600000001623 1
1752279987500 0.18974500000001626 2
1752279997602 0.25671699999998054 3
1752280007703 0.2793139999999994 4
1752280017858 0.4087499999999977 5
1752280027987 0.4930269999999837 6
1752280038115 0.6103570000000218 7
1752280048309 0.7709550000000149 8
1752280058402 0.9462550000000078 9
1752280068482 0.9886619999999766 10
1752280078580 1.1010590000000207 11
1752280088751 1.1468189999999936 12
1752280098958 1.3693850000000225 13
1752280109159 1.38811800000002 14
1752280119283 1.4066779999999994 15
1752280129382 1.428621000000021 16
1752280139470 1.5902019999999766 17
1752280149655 1.6055939999999964 18
1752280159761 1.647375000000011 19
1752280169895 1.670837000000006 20
1752280180156 1.6791840000000207 21
1752280190283 1.7157399999999825 22
1752280200429 1.7742749999999887 23
1752280210700 1.7913520000000176 24
