1752279967319 18557.3 0
1752279977420 19240.9 1
1752279987500 19390.7 2
1752279997602 19780.8 3
1752280007703 20186.5 4
1752280017858 19804.5 5
1752280027987 20130.5 6
1752280038115 20267.6 7
1752280048309 20193.7 8
1752280058402 20248.3 9
1752280068482 20130.1 10
1752280078580 20179.1 11
1752280088751 19893.3 12
1752280098958 20258.6 13
1752280109159 20143.0 14
1752280119283 20125.9 15
1752280129382 20208.0 16
1752280139470 20341.5 17
1752280149655 19787.8 18
1752280159761 19807.9 19
1752280169895 19958.9 20
1752280180156 19761.6 21
1752280190283 19926.7 22
1752280200429 19712.1 23
1752280210700 19843.7 24
