1752279967319 54.5 0
1752279977420 56.5 1
1752279987500 57.0 2
1752279997602 58.1 3
1752280007703 59.3 4
1752280017858 58.2 5
1752280027987 59.2 6
1752280038115 59.6 7
1752280048309 59.3 8
1752280058402 59.5 9
1752280068482 59.2 10
1752280078580 59.3 11
1752280088751 58.5 12
1752280098958 59.5 13
1752280109159 59.2 14
1752280119283 59.1 15
1752280129382 59.4 16
1752280139470 59.8 17
1752280149655 58.1 18
1752280159761 58.2 19
1752280169895 58.7 20
1752280180156 58.1 21
1752280190283 58.6 22
1752280200429 57.9 23
1752280210700 58.3 24
