1750692426120 0.003277690355777704 0
1750692433032 0.0005207352269145453 1
1750692436134 0.0002897774628782835 2
1750692439387 0.0013019875980970416 3
1750692442652 0.0013469641982814954 4
1750692446109 0.0011835159443046022 5
1750692449757 0.0028323417688459274 6
1750692453238 0.0070549301245025455 7
1750692456686 0.011573021812225609 8
1750692459915 0.013848383267861405 9
1750692463648 0.015432323501209957 10
1750692467170 0.027913748084240027 11
1750692470676 0.028021984390201517 12
1750692474612 0.006969015613607656 13
1750692478045 0.0010842540150652127 14
1750692481254 0.0011216196486576167 15
1750692484531 0.0006787675437925993 16
1750692487846 0.0006963691137701708 17
1750692490940 0.0005168163737913537 18
1750692493953 0.000562329118567797 19
1750692497014 0.0004902169539215818 20
1750692500097 0.0006189099174442894 21
1750692503030 0.000600874485811135 22
1750692505994 0.0006568280388906536 23
1750692508760 0.0006540778808369774 24
