1750738906399 0.022102710400515167 0
1750738909771 0.048998439409495526 1
1750738918647 0.03344483505216112 2
1750738935544 0.01995881067506375 3
1750738948294 0.05222598433708054 4
1750738955746 0.02145161043382729 5
1750738965554 0.04175752129491818 6
1750738979159 0.027137597461907997 7
1750738983357 0.05368084656147851 8
1750738996422 0.046089703267625 9
1750739005022 0.04564155023780958 10
1750739016336 0.03969189996580453 11
1750739028507 0.046904925149265995 12
1750739038949 0.048546527506443254 13
1750739047775 0.010554254217265954 14
1750739071776 0.023228478828507572 15
1750739085976 0.013498788099245564 16
1750739093541 0.01231772107583522 17
1750739099230 0.010756074156509043 18
1750739108079 0.03529878634158617 19
1750739119987 0.0297137967948854 20
1750739132419 0.0208077470717063 21
1750739145496 0.008300771022999583 22
1750739157706 0.005488407993703902 23
1750739168160 0.006854099044478286 24
1750739180994 0.007147001810520631 25
1750739190954 0.017362543074629786 26
1750739211024 0.025100086662906976 27
1750739223801 0.02624898283660076 28
1750739234978 0.0035295844801453606 29
1750739249942 0.004289682608471801 30
1750739263164 0.03085979971642058 31
1750739275749 0.00765811406278109 32
1750739284793 0.026962757295366173 33
1750739298559 0.008483253538193843 34
1750739310617 0.03127339035706725 35
1750739317598 0.03929074490056276 36
1750739334498 0.032782569524728085 37
1750739345642 0.012797085947965949 38
1750739362603 0.01472851277248139 39
1750739370931 0.0188338715423557 40
1750739375424 0.02979267563588612 41
1750739389991 0.016359675459732506 42
1750739406320 0.006184548502104988 43
1750739423841 0.0037517747599204528 44
1750739436124 0.004518928209639577 45
1750739449948 0.005010970855958647 46
1750739470164 0.025217061980051834 47
1750739482141 0.008948710160599062 48
1750739498110 0.008366489205783338 49
1750739510709 0.0060075659256054155 50
1750739523816 0.006144367515588109 51
1750739535004 0.0044547130239783765 52
1750739543244 0.007447985894005782 53
1750739549781 0.008226639953584592 54
1750739555345 0.005823262492859433 55
1750739569642 0.02513190897153423 56
1750739575751 0.006562320050874734 57
1750739581416 0.006296656301582714 58
1750739588984 0.0077355153677316655 59
1750739596766 0.005608049142588337 60
1750739602806 0.008756587453642196 61
1750739609922 0.008809801648774679 62
1750739619176 0.027862099711847818 63
1750739630514 0.008242501787703917 64
