1752856349790 0.0 0
1752856359958 36.6 1
1752856370076 46.2 2
1752856380244 52.6 3
1752856390360 44.9 4
1752856400676 56.0 5
1752856410809 53.3 6
1752856420943 46.0 7
1752856431150 53.9 8
1752856441278 49.2 9
1752856451504 59.5 10
1752856461643 52.5 11
1752856471751 53.6 12
1752856482014 46.7 13
1752856492098 54.6 14
1752856502298 49.3 15
1752856512650 50.2 16
1752856522833 56.3 17
1752856532981 45.4 18
1752856543159 55.1 19
1752856553318 47.1 20
1752856564085 55.0 21
1752856574258 49.2 22
1752856584370 47.0 23
1752856594469 53.1 24
1752856604588 44.2 25
1752856614687 49.8 26
1752856624832 48.2 27
