1752856349790 25.5 0
1752856359958 25.5 1
1752856370076 25.5 2
1752856380244 25.5 3
1752856390360 25.5 4
1752856400676 25.5 5
1752856410809 25.5 6
1752856420943 25.5 7
1752856431150 25.5 8
1752856441278 25.5 9
1752856451504 25.5 10
1752856461643 25.5 11
1752856471751 25.5 12
1752856482014 25.5 13
1752856492098 25.5 14
1752856502298 25.5 15
1752856512650 25.5 16
1752856522833 25.5 17
1752856532981 25.5 18
1752856543159 25.5 19
1752856553318 25.5 20
1752856564085 25.5 21
1752856574258 25.5 22
1752856584370 25.5 23
1752856594469 25.5 24
1752856604588 25.5 25
1752856614687 25.5 26
1752856624832 25.5 27
