1752856349790 261234.4 0
1752856359958 261235.6 1
1752856370076 261235.8 2
1752856380244 261235.7 3
1752856390360 261236.0 4
1752856400676 261236.0 5
1752856410809 261236.1 6
1752856420943 261236.2 7
1752856431150 261236.3 8
1752856441278 261236.3 9
1752856451504 261236.4 10
1752856461643 261236.4 11
1752856471751 261236.4 12
1752856482014 261236.4 13
1752856492098 261236.4 14
1752856502298 261236.6 15
1752856512650 261236.6 16
1752856522833 261236.6 17
1752856532981 261221.4 18
1752856543159 261224.2 19
1752856553318 261224.2 20
1752856564085 261224.2 21
1752856574258 261223.8 22
1752856584370 261223.9 23
1752856594469 261224.4 24
1752856604588 261224.4 25
1752856614687 261224.3 26
1752856624832 261224.3 27
