1752856349790 762159.2 0
1752856359958 762158.0 1
1752856370076 762157.8 2
1752856380244 762157.9 3
1752856390360 762157.6 4
1752856400676 762157.6 5
1752856410809 762157.6 6
1752856420943 762157.4 7
1752856431150 762157.3 8
1752856441278 762157.3 9
1752856451504 762157.2 10
1752856461643 762157.2 11
1752856471751 762157.2 12
1752856482014 762157.2 13
1752856492098 762157.2 14
1752856502298 762157.0 15
1752856512650 762157.0 16
1752856522833 762157.0 17
1752856532981 762172.2 18
1752856543159 762169.5 19
1752856553318 762169.5 20
1752856564085 762169.4 21
1752856574258 762169.8 22
1752856584370 762169.7 23
1752856594469 762169.2 24
1752856604588 762169.3 25
1752856614687 762169.3 26
1752856624832 762169.3 27
