1752856349790 0.0 0
1752856359958 0.023882999999997878 1
1752856370076 0.09919999999999618 2
1752856380244 0.10655500000000018 3
1752856390360 0.17949600000000032 4
1752856400676 0.2856869999999958 5
1752856410809 0.5389409999999941 6
1752856420943 0.6934969999999936 7
1752856431150 0.7679069999999939 8
1752856441278 0.8326440000000019 9
1752856451504 0.8698420000000056 10
1752856461643 0.8858800000000002 11
1752856471751 0.963901000000007 12
1752856482014 1.0593530000000015 13
1752856492098 1.0867510000000067 14
1752856502298 1.155776000000003 15
1752856512650 1.2067090000000036 16
1752856522833 1.2329009999999982 17
1752856532981 1.3353809999999982 18
1752856543159 1.4566010000000063 19
1752856553318 1.6342280000000073 20
1752856564085 1.7388150000000024 21
1752856574258 1.8062500000000057 22
1752856584370 1.8243570000000062 23
1752856594469 2.0022249999999957 24
1752856604588 2.0190680000000043 25
1752856614687 2.090356 26
1752856624832 2.1389929999999993 27
