1752856349790 0.0 0
1752856359958 0.022477999999978238 1
1752856370076 0.1720349999999371 2
1752856380244 0.1785979999999654 3
1752856390360 0.3136509999999362 4
1752856400676 0.3384039999999686 5
1752856410809 0.5714949999999135 6
1752856420943 0.8196619999999939 7
1752856431150 0.9977309999999306 8
1752856441278 1.0706849999999122 9
1752856451504 1.175510999999915 10
1752856461643 1.1888450000000148 11
1752856471751 1.2911909999999125 12
1752856482014 1.385554999999954 13
1752856492098 1.4070839999999407 14
1752856502298 1.511859999999956 15
1752856512650 1.550707999999986 16
1752856522833 1.584703999999988 17
1752856532981 1.7878650000000107 18
1752856543159 2.2304090000000087 19
1752856553318 2.430932999999982 20
1752856564085 2.5646639999999934 21
1752856574258 2.6786659999999074 22
1752856584370 2.7224449999999933 23
1752856594469 3.0221769999999424 24
1752856604588 3.04371900000001 25
1752856614687 3.134211999999934 26
1752856624832 3.186873999999989 27
