1752856349790 75.6 0
1752856359958 76.6 1
1752856370076 76.7 2
1752856380244 76.7 3
1752856390360 76.9 4
1752856400676 77.2 5
1752856410809 76.8 6
1752856420943 77.4 7
1752856431150 77.3 8
1752856441278 77.1 9
1752856451504 77.7 10
1752856461643 77.8 11
1752856471751 77.4 12
1752856482014 77.9 13
1752856492098 77.5 14
1752856502298 77.1 15
1752856512650 78.0 16
1752856522833 77.3 17
1752856532981 77.6 18
1752856543159 79.0 19
1752856553318 77.9 20
1752856564085 77.0 21
1752856574258 76.6 22
1752856584370 77.1 23
1752856594469 77.1 24
1752856604588 77.4 25
1752856614687 77.1 26
1752856624832 77.6 27
