1752856349790 25729.4 0
1752856359958 26072.1 1
1752856370076 26114.7 2
1752856380244 26095.4 3
1752856390360 26164.7 4
1752856400676 26274.8 5
1752856410809 26147.6 6
1752856420943 26350.7 7
1752856431150 26317.6 8
1752856441278 26238.8 9
1752856451504 26456.8 10
1752856461643 26464.5 11
1752856471751 26323.6 12
1752856482014 26506.4 13
1752856492098 26375.3 14
1752856502298 26219.7 15
1752856512650 26547.9 16
1752856522833 26321.1 17
1752856532981 26416.6 18
1752856543159 26869.2 19
1752856553318 26495.5 20
1752856564085 26207.6 21
1752856574258 26072.4 22
1752856584370 26243.6 23
1752856594469 26236.5 24
1752856604588 26328.6 25
1752856614687 26250.3 26
1752856624832 26407.3 27
