1750648099854 0.0006342083035401752 0
1750648120310 0.0011518554873706757 1
1750648128846 0.0003808209023272128 2
1750648136473 0.00378002454852498 3
1750648147404 0.003374209557638101 4
1750648156204 0.00334010429692864 5
1750648164675 0.0027048710729427727 6
1750648171428 0.0028706688881514316 7
1750648180830 0.006014334030618823 8
1750648186786 0.009104512300895134 9
1750648205160 0.01864814264513989 10
1750648212526 0.022739716768039903 11
1750648224175 0.011634767928520228 12
1750648233432 0.011005797100327123 13
1750648246206 0.03348016260065548 14
1750648261005 0.008497351370065175 15
1750648270373 0.018252690185098584 16
1750648277718 0.01668691564499663 17
1750648284329 0.006057535578002793 18
1750648291838 0.0015575490146632967 19
1750648297446 0.001470443989129239 20
1750648305660 0.0010972913847933504 21
1750648311920 0.0009599785954788073 22
1750648320804 0.0006160643857787114 23
1750648341227 0.0007248031618519623 24
1750648346043 0.0007124520202644954 25
1750648352285 0.000743424462641146 26
1750648356767 0.0007214573427695417 27
1750648363260 0.0006196888755456272 28
1750648368615 0.0009660484601388405 29
1750648373328 0.0008671533634086357 30
1750648378291 0.0009115312565832885 31
1750648384263 0.0006589754483215243 32
1750648389707 0.0006653527827724591 33
1750648396173 0.0005373381981989371 34
1750648409390 0.0005250132989811726 35
1750648417764 0.0004952933542354827 36
1750648424223 0.00040367681224202456 37
1750648431656 0.00044217074811047833 38
1750648437676 0.00020692680407171694 39
1750648442909 0.0002495195004959826 40
1750648448562 0.00016915932865670883 41
1750648453004 0.0001036706547800201 42
1750648458513 0.00012722324812277104 43
1750648473179 0.00042649919550622866 44
1750648487828 0.007340475241663139 45
1750648503402 0.007281505715109788 46
1750648525449 0.008441993178566849 47
1750648551316 0.030099699081421648 48
1750648564322 0.0010996091811473205 49
1750648576555 0.0009363930775124027 50
1750648583952 0.0026176003823029682 51
