1752238368647 0.0001470000000267646 0
1752238378886 0.018694000000039068 1
1752238389079 0.0714900000000398 2
1752238399767 4.17577 3
1752238410056 15.461084000000028 4
1752238420245 15.532525000000021 5
1752238430460 19.629737000000034 6
1752238440668 36.03938099999999 7
1752238450821 38.97377600000004 8
1752238461148 39.23882600000002 9
1752238471303 39.375426000000004 10
1752238481414 39.49170200000003 11
1752238491568 39.64401200000003 12
1752238501733 39.750698 13
1752238512035 39.90997200000004 14
1752238522238 40.036293 15
1752238532366 40.19802200000004 16
1752238542578 41.31238300000001 17
