1752238368647 0.0001619999999995514 0
1752238378886 0.020326000000000732 1
1752238389079 0.10378000000000043 2
1752238399767 0.754448 3
1752238410056 1.208365999999998 4
1752238420245 1.3462049999999977 5
1752238430460 2.0732209999999966 6
1752238440668 3.1070059999999984 7
1752238450821 3.699514999999998 8
1752238461148 3.8834230000000005 9
1752238471303 3.989187000000001 10
1752238481414 4.102499000000002 11
1752238491568 4.274940000000001 12
1752238501733 4.3483560000000026 13
1752238512035 4.4297479999999965 14
1752238522238 4.554696 15
1752238532366 4.724856000000003 16
1752238542578 5.084676000000002 17
