1752502942872 0.0 0
1752502952959 24.8 1
1752502963120 57.3 2
1752502973279 58.5 3
1752502983403 55.3 4
1752502993508 56.8 5
1752503003653 54.1 6
1752503013817 56.2 7
1752503023965 60.3 8
1752503034120 62.2 9
1752503044234 64.2 10
1752503054399 55.0 11
1752503064535 54.9 12
1752503074642 54.9 13
1752503084844 55.4 14
1752503094950 59.8 15
1752503105089 55.8 16
1752503115197 56.6 17
1752503125453 59.2 18
1752503135715 56.3 19
1752503145889 63.5 20
1752503156050 57.4 21
1752503166205 55.5 22
1752503176350 56.2 23
1752503186609 56.7 24
1752503196706 56.2 25
1752503206910 39.7 26
1752503217013 56.8 27
1752503227178 55.8 28
1752503237340 57.1 29
1752503247524 55.3 30
1752503257706 56.5 31
1752503267893 56.9 32
1752503277995 55.3 33
1752503288121 57.4 34
1752503298216 54.9 35
1752503308349 54.4 36
1752503318461 55.0 37
1752503328608 54.7 38
1752503338810 54.8 39
1752503348988 54.0 40
1752503359211 54.5 41
1752503369371 57.2 42
1752503379469 56.4 43
1752503389655 56.4 44
1752503399844 54.2 45
1752503410089 56.5 46
1752503420309 57.4 47
1752503430460 53.0 48
1752503440604 55.7 49
1752503450855 60.1 50
1752503460989 56.1 51
1752503471220 42.5 52
1752503481385 54.6 53
1752503491506 53.5 54
1752503501715 53.6 55
1752503511872 55.3 56
1752503522057 52.6 57
1752503532231 54.7 58
1752503542332 55.5 59
1752503552434 54.8 60
1752503562672 55.0 61
1752503572784 56.1 62
1752503582994 53.8 63
1752503593150 56.3 64
1752503603342 55.1 65
1752503613443 56.2 66
1752503624203 56.7 67
1752503634301 51.2 68
1752503644458 42.3 69
1752503654553 52.6 70
1752503664685 54.0 71
1752503674815 57.7 72
1752503684991 56.8 73
1752503695096 40.6 74
1752503705195 55.3 75
1752503715410 56.9 76
1752503725645 56.2 77
1752503735800 55.0 78
1752503745920 55.0 79
1752503756114 56.3 80
1752503766304 57.4 81
1752503776409 39.0 82
1752503786571 56.2 83
1752503796703 57.7 84
1752503806862 56.1 85
1752503816954 57.3 86
1752503827206 55.8 87
1752503837433 56.4 88
1752503847669 38.3 89
1752503857848 56.3 90
1752503867963 57.2 91
1752503878142 55.0 92
1752503888322 55.4 93
1752503898480 55.2 94
1752503908673 55.6 95
1752503918776 39.6 96
1752503928908 56.1 97
1752503939032 56.6 98
1752503949129 57.5 99
1752503959281 55.3 100
1752503969451 63.5 101
1752503979586 63.0 102
1752503989740 58.5 103
1752503999856 56.4 104
1752504010023 56.3 105
1752504020186 56.6 106
1752504030282 41.1 107
1752504040387 59.8 108
1752504050533 56.2 109
1752504060660 59.6 110
1752504070882 62.2 111
1752504081024 55.2 112
1752504091137 59.5 113
1752504101292 57.4 114
1752504111469 58.7 115
1752504121590 64.1 116
1752504131775 56.2 117
1752504141965 56.3 118
1752504152147 57.6 119
1752504162327 55.1 120
1752504172420 57.5 121
1752504182516 54.0 122
1752504192688 56.1 123
1752504202904 57.6 124
1752504213063 54.9 125
1752504223240 58.3 126
1752504233350 58.0 127
1752504243545 56.2 128
1752504253735 55.3 129
1752504263955 56.9 130
1752504274053 61.4 131
1752504284159 56.8 132
1752504294265 42.4 133
1752504304539 57.2 134
1752504314708 56.9 135
1752504324934 55.9 136
1752504335065 58.3 137
1752504345216 57.5 138
1752504355343 55.8 139
1752504365577 55.5 140
1752504375725 40.1 141
1752504385910 56.4 142
1752504396008 58.1 143
1752504406132 57.0 144
1752504416352 58.1 145
1752504426446 61.0 146
1752504436575 40.6 147
1752504446684 57.9 148
