1752502942872 259375.9 0
1752502952959 259377.2 1
1752502963120 259377.0 2
1752502973279 259377.3 3
1752502983403 259377.3 4
1752502993508 259377.3 5
1752503003653 259377.2 6
1752503013817 259377.3 7
1752503023965 259377.7 8
1752503034120 259378.4 9
1752503044234 259381.4 10
1752503054399 259381.4 11
1752503064535 259381.4 12
1752503074642 259382.1 13
1752503084844 259382.3 14
1752503094950 259382.3 15
1752503105089 259382.3 16
1752503115197 259382.4 17
1752503125453 259378.7 18
1752503135715 259378.6 19
1752503145889 259372.9 20
1752503156050 259373.0 21
1752503166205 259373.0 22
1752503176350 259373.1 23
1752503186609 259373.1 24
1752503196706 259377.4 25
1752503206910 259377.7 26
1752503217013 259378.5 27
1752503227178 259378.7 28
1752503237340 259378.7 29
1752503247524 259378.7 30
1752503257706 259378.8 31
1752503267893 259378.7 32
1752503277995 259377.9 33
1752503288121 259377.9 34
1752503298216 259377.9 35
1752503308349 259378.5 36
1752503318461 259378.6 37
1752503328608 259378.6 38
1752503338810 259376.0 39
1752503348988 259376.0 40
1752503359211 259376.5 41
1752503369371 259377.2 42
1752503379469 259377.4 43
1752503389655 259377.5 44
1752503399844 259378.2 45
1752503410089 259378.3 46
1752503420309 259378.4 47
1752503430460 259378.3 48
1752503440604 259378.3 49
1752503450855 259378.9 50
1752503460989 259379.0 51
1752503471220 259379.2 52
1752503481385 259379.4 53
1752503491506 259379.3 54
1752503501715 259379.3 55
1752503511872 259379.3 56
1752503522057 259379.9 57
1752503532231 259379.9 58
1752503542332 259380.5 59
1752503552434 259381.5 60
1752503562672 259381.4 61
1752503572784 259381.4 62
1752503582994 259378.8 63
1752503593150 259378.8 64
1752503603342 259378.8 65
1752503613443 259378.8 66
1752503624203 259378.9 67
1752503634301 259378.9 68
1752503644458 259379.6 69
1752503654553 259379.6 70
1752503664685 259379.8 71
1752503674815 259380.6 72
1752503684991 259380.5 73
1752503695096 259381.0 74
1752503705195 259381.5 75
1752503715410 259381.7 76
1752503725645 259382.3 77
1752503735800 259380.3 78
1752503745920 259380.3 79
1752503756114 259381.0 80
1752503766304 259380.1 81
1752503776409 259381.2 82
1752503786571 259381.9 83
1752503796703 259381.9 84
1752503806862 259381.8 85
1752503816954 259382.9 86
1752503827206 259383.0 87
1752503837433 259383.6 88
1752503847669 259383.6 89
1752503857848 259383.7 90
1752503867963 259383.7 91
1752503878142 259383.8 92
1752503888322 259383.8 93
1752503898480 259383.9 94
1752503908673 259384.2 95
1752503918776 259384.2 96
1752503928908 259384.2 97
1752503939032 259392.4 98
1752503949129 259376.3 99
1752503959281 259387.4 100
1752503969451 259388.6 101
1752503979586 259389.0 102
1752503989740 259389.3 103
1752503999856 259389.4 104
1752504010023 259388.1 105
1752504020186 259388.1 106
1752504030282 259388.0 107
1752504040387 259384.3 108
1752504050533 259384.3 109
1752504060660 259384.6 110
1752504070882 259384.9 111
1752504081024 259385.0 112
1752504091137 259385.8 113
1752504101292 259386.2 114
1752504111469 259386.2 115
1752504121590 259386.4 116
1752504131775 259386.4 117
1752504141965 259386.4 118
1752504152147 259387.8 119
1752504162327 259388.1 120
1752504172420 259388.6 121
1752504182516 259388.7 122
1752504192688 259388.6 123
1752504202904 259389.0 124
1752504213063 259389.1 125
1752504223240 259389.7 126
1752504233350 259389.7 127
1752504243545 259389.7 128
1752504253735 259389.8 129
1752504263955 259389.8 130
1752504274053 259389.9 131
1752504284159 259389.9 132
1752504294265 259388.2 133
1752504304539 259388.0 134
1752504314708 259388.0 135
1752504324934 259388.2 136
1752504335065 259388.4 137
1752504345216 259388.2 138
1752504355343 259385.8 139
1752504365577 259386.6 140
1752504375725 259389.2 141
1752504385910 259389.4 142
1752504396008 259389.7 143
1752504406132 259389.7 144
1752504416352 259390.2 145
1752504426446 259389.8 146
1752504436575 259390.0 147
1752504446684 259390.1 148
