1752502942872 764017.7 0
1752502952959 764016.4 1
1752502963120 764016.6 2
1752502973279 764016.4 3
1752502983403 764016.4 4
1752502993508 764016.4 5
1752503003653 764016.4 6
1752503013817 764016.4 7
1752503023965 764015.9 8
1752503034120 764015.3 9
1752503044234 764012.3 10
1752503054399 764012.2 11
1752503064535 764012.2 12
1752503074642 764011.5 13
1752503084844 764011.3 14
1752503094950 764011.3 15
1752503105089 764011.3 16
1752503115197 764011.2 17
1752503125453 764014.9 18
1752503135715 764015.0 19
1752503145889 764020.7 20
1752503156050 764020.6 21
1752503166205 764020.6 22
1752503176350 764020.6 23
1752503186609 764020.5 24
1752503196706 764016.2 25
1752503206910 764016.0 26
1752503217013 764015.2 27
1752503227178 764014.9 28
1752503237340 764014.9 29
1752503247524 764014.9 30
1752503257706 764014.8 31
1752503267893 764014.9 32
1752503277995 764015.8 33
1752503288121 764015.8 34
1752503298216 764015.8 35
1752503308349 764015.1 36
1752503318461 764015.0 37
1752503328608 764015.0 38
1752503338810 764017.6 39
1752503348988 764017.6 40
1752503359211 764017.1 41
1752503369371 764016.4 42
1752503379469 764016.2 43
1752503389655 764016.2 44
1752503399844 764015.4 45
1752503410089 764015.3 46
1752503420309 764015.2 47
1752503430460 764015.3 48
1752503440604 764015.3 49
1752503450855 764014.7 50
1752503460989 764014.6 51
1752503471220 764014.4 52
1752503481385 764014.2 53
1752503491506 764014.3 54
1752503501715 764014.3 55
1752503511872 764014.3 56
1752503522057 764013.8 57
1752503532231 764013.7 58
1752503542332 764013.1 59
1752503552434 764012.1 60
1752503562672 764012.2 61
1752503572784 764012.2 62
1752503582994 764014.8 63
1752503593150 764014.8 64
1752503603342 764014.8 65
1752503613443 764014.8 66
1752503624203 764014.8 67
1752503634301 764014.8 68
1752503644458 764014.1 69
1752503654553 764014.0 70
1752503664685 764013.8 71
1752503674815 764013.1 72
1752503684991 764013.1 73
1752503695096 764012.6 74
1752503705195 764012.1 75
1752503715410 764011.9 76
1752503725645 764011.3 77
1752503735800 764013.3 78
1752503745920 764013.4 79
1752503756114 764012.7 80
1752503766304 764013.5 81
1752503776409 764012.4 82
1752503786571 764011.7 83
1752503796703 764011.8 84
1752503806862 764011.8 85
1752503816954 764010.7 86
1752503827206 764010.6 87
1752503837433 764010.0 88
1752503847669 764010.0 89
1752503857848 764010.0 90
1752503867963 764010.0 91
1752503878142 764009.8 92
1752503888322 764009.8 93
1752503898480 764009.7 94
1752503908673 764009.4 95
1752503918776 764009.4 96
1752503928908 764009.4 97
1752503939032 764001.2 98
1752503949129 764017.3 99
1752503959281 764006.2 100
1752503969451 764005.1 101
1752503979586 764004.6 102
1752503989740 764004.3 103
1752503999856 764004.2 104
1752504010023 764005.6 105
1752504020186 764005.6 106
1752504030282 764005.6 107
1752504040387 764009.4 108
1752504050533 764009.3 109
1752504060660 764009.0 110
1752504070882 764008.7 111
1752504081024 764008.7 112
1752504091137 764007.8 113
1752504101292 764007.4 114
1752504111469 764007.4 115
1752504121590 764007.3 116
1752504131775 764007.2 117
1752504141965 764007.2 118
1752504152147 764005.8 119
1752504162327 764005.5 120
1752504172420 764005.0 121
1752504182516 764004.9 122
1752504192688 764005.0 123
1752504202904 764004.6 124
1752504213063 764004.5 125
1752504223240 764004.0 126
1752504233350 764004.0 127
1752504243545 764004.0 128
1752504253735 764003.8 129
1752504263955 764003.8 130
1752504274053 764003.7 131
1752504284159 764003.7 132
1752504294265 764005.4 133
1752504304539 764005.6 134
1752504314708 764005.6 135
1752504324934 764005.4 136
1752504335065 764005.2 137
1752504345216 764005.4 138
1752504355343 764007.8 139
1752504365577 764007.0 140
1752504375725 764004.4 141
1752504385910 764004.2 142
1752504396008 764004.0 143
1752504406132 764003.9 144
1752504416352 764003.5 145
1752504426446 764003.8 146
1752504436575 764003.6 147
1752504446684 764003.5 148
