1752502942872 25.3 0
1752502952959 25.3 1
1752502963120 25.3 2
1752502973279 25.3 3
1752502983403 25.3 4
1752502993508 25.3 5
1752503003653 25.3 6
1752503013817 25.3 7
1752503023965 25.3 8
1752503034120 25.3 9
1752503044234 25.3 10
1752503054399 25.3 11
1752503064535 25.3 12
1752503074642 25.3 13
1752503084844 25.3 14
1752503094950 25.3 15
1752503105089 25.3 16
1752503115197 25.3 17
1752503125453 25.3 18
1752503135715 25.3 19
1752503145889 25.3 20
1752503156050 25.3 21
1752503166205 25.3 22
1752503176350 25.3 23
1752503186609 25.3 24
1752503196706 25.3 25
1752503206910 25.3 26
1752503217013 25.3 27
1752503227178 25.3 28
1752503237340 25.3 29
1752503247524 25.3 30
1752503257706 25.3 31
1752503267893 25.3 32
1752503277995 25.3 33
1752503288121 25.3 34
1752503298216 25.3 35
1752503308349 25.3 36
1752503318461 25.3 37
1752503328608 25.3 38
1752503338810 25.3 39
1752503348988 25.3 40
1752503359211 25.3 41
1752503369371 25.3 42
1752503379469 25.3 43
1752503389655 25.3 44
1752503399844 25.3 45
1752503410089 25.3 46
1752503420309 25.3 47
1752503430460 25.3 48
1752503440604 25.3 49
1752503450855 25.3 50
1752503460989 25.3 51
1752503471220 25.3 52
1752503481385 25.3 53
1752503491506 25.3 54
1752503501715 25.3 55
1752503511872 25.3 56
1752503522057 25.3 57
1752503532231 25.3 58
1752503542332 25.3 59
1752503552434 25.3 60
1752503562672 25.3 61
1752503572784 25.3 62
1752503582994 25.3 63
1752503593150 25.3 64
1752503603342 25.3 65
1752503613443 25.3 66
1752503624203 25.3 67
1752503634301 25.3 68
1752503644458 25.3 69
1752503654553 25.3 70
1752503664685 25.3 71
1752503674815 25.3 72
1752503684991 25.3 73
1752503695096 25.3 74
1752503705195 25.3 75
1752503715410 25.3 76
1752503725645 25.3 77
1752503735800 25.3 78
1752503745920 25.3 79
1752503756114 25.3 80
1752503766304 25.3 81
1752503776409 25.3 82
1752503786571 25.3 83
1752503796703 25.3 84
1752503806862 25.3 85
1752503816954 25.3 86
1752503827206 25.3 87
1752503837433 25.3 88
1752503847669 25.3 89
1752503857848 25.3 90
1752503867963 25.3 91
1752503878142 25.3 92
1752503888322 25.3 93
1752503898480 25.3 94
1752503908673 25.3 95
1752503918776 25.3 96
1752503928908 25.3 97
1752503939032 25.3 98
1752503949129 25.3 99
1752503959281 25.3 100
1752503969451 25.3 101
1752503979586 25.3 102
1752503989740 25.3 103
1752503999856 25.3 104
1752504010023 25.3 105
1752504020186 25.3 106
1752504030282 25.3 107
1752504040387 25.3 108
1752504050533 25.3 109
1752504060660 25.3 110
1752504070882 25.3 111
1752504081024 25.3 112
1752504091137 25.3 113
1752504101292 25.3 114
1752504111469 25.3 115
1752504121590 25.3 116
1752504131775 25.3 117
1752504141965 25.3 118
1752504152147 25.3 119
1752504162327 25.3 120
1752504172420 25.3 121
1752504182516 25.3 122
1752504192688 25.3 123
1752504202904 25.3 124
1752504213063 25.3 125
1752504223240 25.3 126
1752504233350 25.3 127
1752504243545 25.3 128
1752504253735 25.3 129
1752504263955 25.3 130
1752504274053 25.3 131
1752504284159 25.3 132
1752504294265 25.3 133
1752504304539 25.3 134
1752504314708 25.3 135
1752504324934 25.3 136
1752504335065 25.3 137
1752504345216 25.3 138
1752504355343 25.3 139
1752504365577 25.3 140
1752504375725 25.3 141
1752504385910 25.3 142
1752504396008 25.3 143
1752504406132 25.3 144
1752504416352 25.3 145
1752504426446 25.3 146
1752504436575 25.3 147
1752504446684 25.3 148
