1752502942872 0.0006479999999982056 0
1752502952959 0.009726999999998043 1
1752502963120 0.01346900000000062 2
1752502973279 0.029433999999994853 3
1752502983403 0.038892999999994515 4
1752502993508 0.046277999999993824 5
1752503003653 0.04836699999999894 6
1752503013817 0.05754400000000004 7
1752503023965 0.060558000000000334 8
1752503034120 0.1704779999999957 9
1752503044234 0.3896090000000001 10
1752503054399 0.4293309999999977 11
1752503064535 0.4321809999999999 12
1752503074642 0.4517719999999983 13
1752503084844 0.4635409999999993 14
1752503094950 0.4792799999999957 15
1752503105089 0.4874069999999975 16
1752503115197 0.5253729999999948 17
1752503125453 0.5596019999999982 18
1752503135715 0.5917699999999968 19
1752503145889 0.6014949999999999 20
1752503156050 0.6046619999999976 21
1752503166205 0.6332889999999978 22
1752503176350 0.6353829999999974 23
1752503186609 0.6375369999999947 24
1752503196706 0.6504569999999958 25
1752503206910 0.654211999999994 26
1752503217013 0.7975609999999946 27
1752503227178 0.9497339999999994 28
1752503237340 0.9990609999999975 29
1752503247524 1.0991569999999982 30
1752503257706 1.159879999999994 31
1752503267893 1.2312809999999956 32
1752503277995 1.3168739999999985 33
1752503288121 1.4470789999999951 34
1752503298216 1.494889999999998 35
1752503308349 1.5511909999999958 36
1752503318461 1.6833549999999988 37
1752503328608 1.7798680000000004 38
1752503338810 1.9390749999999954 39
1752503348988 2.1426549999999978 40
1752503359211 2.3086489999999955 41
1752503369371 2.4860929999999968 42
1752503379469 2.5833469999999963 43
1752503389655 2.6575789999999984 44
1752503399844 2.713009999999997 45
1752503410089 2.7282239999999973 46
1752503420309 2.7444729999999993 47
1752503430460 2.749494999999996 48
1752503440604 2.762018999999995 49
1752503450855 2.7751309999999947 50
1752503460989 2.7768449999999945 51
1752503471220 2.7815439999999967 52
1752503481385 2.793191 53
1752503491506 2.84131 54
1752503501715 2.914400999999998 55
1752503511872 2.970986999999994 56
1752503522057 3.0223259999999996 57
1752503532231 3.0824379999999962 58
1752503542332 3.108744999999999 59
1752503552434 3.1871329999999958 60
1752503562672 3.2773830000000004 61
1752503572784 3.3829739999999973 62
1752503582994 3.499556999999996 63
1752503593150 3.6613259999999954 64
1752503603342 3.7267379999999974 65
1752503613443 3.816049999999997 66
1752503624203 3.870394999999995 67
1752503634301 4.016925999999998 68
1752503644458 4.104712999999997 69
1752503654553 4.160193999999997 70
1752503664685 4.210210999999994 71
1752503674815 4.282394999999994 72
1752503684991 4.286766 73
1752503695096 4.303218999999999 74
1752503705195 4.343306999999996 75
1752503715410 4.389205999999994 76
1752503725645 4.443182999999998 77
1752503735800 4.476163999999997 78
1752503745920 4.477674999999998 79
1752503756114 4.513433999999997 80
1752503766304 4.5452200000000005 81
1752503776409 4.575834999999998 82
1752503786571 4.620255 83
1752503796703 4.643836 84
1752503806862 4.676316999999997 85
1752503816954 4.889661999999994 86
1752503827206 21.136539999999997 87
1752503837433 21.503149 88
1752503847669 21.525543999999996 89
1752503857848 21.543338999999996 90
1752503867963 21.555062 91
1752503878142 21.620304999999995 92
1752503888322 21.634398999999995 93
1752503898480 21.635337999999997 94
1752503908673 21.64839 95
1752503918776 21.651398 96
1752503928908 21.677921999999995 97
1752503939032 21.858697 98
1752503949129 22.075328999999996 99
1752503959281 22.084675999999995 100
1752503969451 22.129621 101
1752503979586 22.153318 102
1752503989740 22.183816999999998 103
1752503999856 22.196487999999995 104
1752504010023 22.221939999999996 105
1752504020186 22.257416 106
1752504030282 22.280493 107
1752504040387 22.284276999999996 108
1752504050533 22.322309999999995 109
1752504060660 22.344172999999998 110
1752504070882 22.380145999999996 111
1752504081024 22.406512999999997 112
1752504091137 22.409901999999995 113
1752504101292 22.446613 114
1752504111469 22.479825999999996 115
1752504121590 22.543274999999994 116
1752504131775 22.621517999999995 117
1752504141965 22.63684 118
1752504152147 22.734296 119
1752504162327 22.784150999999994 120
1752504172420 22.85933 121
1752504182516 22.876030999999998 122
1752504192688 22.885861 123
1752504202904 22.887777 124
1752504213063 22.890916999999995 125
1752504223240 22.911229999999996 126
1752504233350 22.943168999999997 127
1752504243545 23.015662999999996 128
1752504253735 23.039367999999996 129
1752504263955 23.097508999999995 130
1752504274053 23.113885999999994 131
1752504284159 23.134809999999995 132
1752504294265 23.145592999999998 133
1752504304539 23.170009 134
1752504314708 23.178200999999994 135
1752504324934 23.192702999999995 136
1752504335065 23.226197999999997 137
1752504345216 23.249088 138
1752504355343 23.287129999999998 139
1752504365577 23.369648999999995 140
1752504375725 23.383311 141
1752504385910 23.390532 142
1752504396008 23.396575999999996 143
1752504406132 23.404989999999998 144
1752504416352 23.413101999999995 145
1752504426446 23.434818999999997 146
1752504436575 23.492435999999998 147
1752504446684 23.565256999999995 148
