1752502942872 5.3999999998666226e-05 0
1752502952959 0.013526999999996292 1
1752502963120 0.058229999999994675 2
1752502973279 0.192580999999997 3
1752502983403 0.20496299999999934 4
1752502993508 0.20805000000000007 5
1752503003653 0.21013999999999555 6
1752503013817 0.21774899999999775 7
1752503023965 0.22486399999999662 8
1752503034120 0.2914609999999982 9
1752503044234 0.4196199999999948 10
1752503054399 0.4435889999999958 11
1752503064535 0.44610599999999323 12
1752503074642 0.4617019999999954 13
1752503084844 0.4744569999999939 14
1752503094950 0.4914139999999989 15
1752503105089 0.4989049999999935 16
1752503115197 0.513424999999998 17
1752503125453 0.5535779999999946 18
1752503135715 0.5743839999999949 19
1752503145889 0.5989959999999996 20
1752503156050 0.6044079999999994 21
1752503166205 0.6334989999999934 22
1752503176350 0.6361769999999964 23
1752503186609 0.6392949999999971 24
1752503196706 0.6506459999999947 25
1752503206910 0.6536829999999938 26
1752503217013 0.7745079999999973 27
1752503227178 5.594292999999993 28
1752503237340 5.631954999999998 29
1752503247524 5.754655 30
1752503257706 5.8081359999999975 31
1752503267893 5.873261999999997 32
1752503277995 6.018172 33
1752503288121 6.129541999999994 34
1752503298216 6.166391999999995 35
1752503308349 6.252735999999999 36
1752503318461 6.343173999999998 37
1752503328608 6.428747999999999 38
1752503338810 6.564522999999994 39
1752503348988 6.764567999999997 40
1752503359211 6.8586659999999995 41
1752503369371 7.0608879999999985 42
1752503379469 7.103088999999997 43
1752503389655 7.140496999999996 44
1752503399844 7.258035 45
1752503410089 7.285209999999999 46
1752503420309 7.300947999999998 47
1752503430460 7.3036069999999995 48
1752503440604 7.319423999999998 49
1752503450855 7.364111999999999 50
1752503460989 7.367601999999998 51
1752503471220 7.373096999999994 52
1752503481385 7.382992999999999 53
1752503491506 7.4299839999999975 54
1752503501715 7.483711 55
1752503511872 7.5297999999999945 56
1752503522057 7.606409999999997 57
1752503532231 7.636685999999997 58
1752503542332 7.658531999999994 59
1752503552434 7.762909999999998 60
1752503562672 7.791000999999994 61
1752503572784 7.855215999999999 62
1752503582994 8.024772999999996 63
1752503593150 8.094856999999998 64
1752503603342 8.145964 65
1752503613443 8.252005999999994 66
1752503624203 8.270682999999998 67
1752503634301 8.328218999999997 68
1752503644458 8.455669999999998 69
1752503654553 8.501723999999996 70
1752503664685 8.535554999999995 71
1752503674815 8.634302999999996 72
1752503684991 8.642394999999993 73
1752503695096 8.686155 74
1752503705195 8.758114999999997 75
1752503715410 8.858663999999997 76
1752503725645 8.956367999999998 77
1752503735800 9.023035 78
1752503745920 9.035005999999996 79
1752503756114 9.101946999999996 80
1752503766304 9.147451999999994 81
1752503776409 9.207709999999999 82
1752503786571 9.274054999999997 83
1752503796703 9.313312999999994 84
1752503806862 9.367737999999996 85
1752503816954 9.579116999999997 86
1752503827206 25.419214999999994 87
1752503837433 25.530175 88
1752503847669 25.549132 89
1752503857848 25.569554999999994 90
1752503867963 25.588029999999996 91
1752503878142 25.636742999999996 92
1752503888322 25.653627 93
1752503898480 25.655317999999994 94
1752503908673 25.668617999999995 95
1752503918776 25.671032999999994 96
1752503928908 25.702706999999997 97
1752503939032 25.818036999999997 98
1752503949129 27.033231999999998 99
1752503959281 27.042601999999995 100
1752503969451 27.141531999999998 101
1752503979586 27.161148999999995 102
1752503989740 27.187225999999995 103
1752503999856 27.205887999999995 104
1752504010023 27.233466999999997 105
1752504020186 27.249153 106
1752504030282 27.263551 107
1752504040387 27.285263999999998 108
1752504050533 27.335159999999995 109
1752504060660 27.361062999999994 110
1752504070882 27.389208999999994 111
1752504081024 27.405434 112
1752504091137 27.420831 113
1752504101292 27.467658999999998 114
1752504111469 27.506483999999993 115
1752504121590 27.544064999999996 116
1752504131775 27.581264999999995 117
1752504141965 27.637803999999996 118
1752504152147 27.734032999999997 119
1752504162327 27.773362 120
1752504172420 27.845565999999998 121
1752504182516 27.857690999999996 122
1752504192688 27.866811 123
1752504202904 27.872875999999998 124
1752504213063 27.875837999999995 125
1752504223240 27.895540999999994 126
1752504233350 27.935239999999993 127
1752504243545 27.947556999999996 128
1752504253735 27.970312999999997 129
1752504263955 28.007441 130
1752504274053 28.127388999999994 131
1752504284159 28.144513999999994 132
1752504294265 28.168639999999996 133
1752504304539 28.472465 134
1752504314708 28.484613999999993 135
1752504324934 28.498022999999996 136
1752504335065 28.518515999999998 137
1752504345216 28.541739999999997 138
1752504355343 28.595295999999998 139
1752504365577 28.650870999999995 140
1752504375725 28.666239999999995 141
1752504385910 28.673502999999997 142
1752504396008 28.682047999999995 143
1752504406132 28.690396999999997 144
1752504416352 28.715235999999997 145
1752504426446 28.791683 146
1752504436575 29.136407999999996 147
1752504446684 29.165688999999993 148
