1752502942872 16211.2 0
1752502952959 16767.3 1
1752502963120 16704.1 2
1752502973279 16743.6 3
1752502983403 16625.6 4
1752502993508 16597.0 5
1752503003653 16676.6 6
1752503013817 16571.7 7
1752503023965 16678.8 8
1752503034120 16674.1 9
1752503044234 16764.0 10
1752503054399 16805.4 11
1752503064535 16735.7 12
1752503074642 16754.5 13
1752503084844 16690.7 14
1752503094950 16655.2 15
1752503105089 16805.9 16
1752503115197 16681.1 17
1752503125453 16965.0 18
1752503135715 16622.1 19
1752503145889 16843.8 20
1752503156050 16553.5 21
1752503166205 16623.7 22
1752503176350 16630.1 23
1752503186609 16632.3 24
1752503196706 16641.0 25
1752503206910 16796.0 26
1752503217013 16814.9 27
1752503227178 16789.5 28
1752503237340 16719.5 29
1752503247524 16726.3 30
1752503257706 16696.7 31
1752503267893 16725.7 32
1752503277995 16693.5 33
1752503288121 16665.1 34
1752503298216 16708.1 35
1752503308349 16702.2 36
1752503318461 16677.2 37
1752503328608 16744.5 38
1752503338810 16686.0 39
1752503348988 16658.2 40
1752503359211 16564.9 41
1752503369371 16785.2 42
1752503379469 16820.9 43
1752503389655 16766.5 44
1752503399844 16775.6 45
1752503410089 16742.0 46
1752503420309 16739.3 47
1752503430460 16723.6 48
1752503440604 16636.6 49
1752503450855 16658.8 50
1752503460989 16511.6 51
1752503471220 16601.1 52
1752503481385 16628.4 53
1752503491506 16570.6 54
1752503501715 16520.7 55
1752503511872 16488.8 56
1752503522057 16587.4 57
1752503532231 16511.2 58
1752503542332 16585.3 59
1752503552434 16541.8 60
1752503562672 16588.5 61
1752503572784 16513.0 62
1752503582994 16484.7 63
1752503593150 16349.6 64
1752503603342 16396.7 65
1752503613443 16402.3 66
1752503624203 16341.5 67
1752503634301 16222.7 68
1752503644458 16397.5 69
1752503654553 16428.2 70
1752503664685 16408.5 71
1752503674815 16584.9 72
1752503684991 16532.3 73
1752503695096 16585.5 74
1752503705195 16547.1 75
1752503715410 16612.8 76
1752503725645 16636.3 77
1752503735800 16586.0 78
1752503745920 16497.7 79
1752503756114 16552.3 80
1752503766304 16581.3 81
1752503776409 16610.0 82
1752503786571 16583.6 83
1752503796703 16688.5 84
1752503806862 16710.6 85
1752503816954 16740.9 86
1752503827206 16634.0 87
1752503837433 16736.8 88
1752503847669 16869.1 89
1752503857848 16878.0 90
1752503867963 16809.3 91
1752503878142 16914.2 92
1752503888322 16906.0 93
1752503898480 16900.1 94
1752503908673 16824.0 95
1752503918776 16972.4 96
1752503928908 16984.6 97
1752503939032 17012.5 98
1752503949129 17168.5 99
1752503959281 17138.0 100
1752503969451 17388.4 101
1752503979586 17154.9 102
1752503989740 17220.1 103
1752503999856 17041.7 104
1752504010023 17153.1 105
1752504020186 17121.2 106
1752504030282 17126.1 107
1752504040387 17176.8 108
1752504050533 17126.6 109
1752504060660 17322.1 110
1752504070882 17104.1 111
1752504081024 17063.7 112
1752504091137 17030.3 113
1752504101292 17041.1 114
1752504111469 17145.9 115
1752504121590 16011.6 116
1752504131775 15976.6 117
1752504141965 15970.6 118
1752504152147 16103.5 119
1752504162327 15978.9 120
1752504172420 15976.0 121
1752504182516 16065.0 122
1752504192688 15993.4 123
1752504202904 16032.7 124
1752504213063 16098.0 125
1752504223240 16139.9 126
1752504233350 15995.4 127
1752504243545 15941.4 128
1752504253735 16057.9 129
1752504263955 16077.7 130
1752504274053 16291.0 131
1752504284159 16324.5 132
1752504294265 16578.4 133
1752504304539 16174.0 134
1752504314708 16196.3 135
1752504324934 16127.3 136
1752504335065 16260.3 137
1752504345216 16190.3 138
1752504355343 16225.6 139
1752504365577 16202.8 140
1752504375725 16575.9 141
1752504385910 16451.7 142
1752504396008 16529.9 143
1752504406132 16199.9 144
1752504416352 16453.4 145
1752504426446 16677.8 146
1752504436575 16507.3 147
1752504446684 16354.5 148
