1752502942872 47.6 0
1752502952959 49.3 1
1752502963120 49.1 2
1752502973279 49.2 3
1752502983403 48.9 4
1752502993508 48.8 5
1752503003653 49.0 6
1752503013817 48.7 7
1752503023965 49.0 8
1752503034120 49.0 9
1752503044234 49.3 10
1752503054399 49.4 11
1752503064535 49.2 12
1752503074642 49.2 13
1752503084844 49.0 14
1752503094950 48.9 15
1752503105089 49.4 16
1752503115197 49.0 17
1752503125453 49.9 18
1752503135715 48.8 19
1752503145889 49.5 20
1752503156050 48.6 21
1752503166205 48.9 22
1752503176350 48.9 23
1752503186609 48.9 24
1752503196706 48.9 25
1752503206910 49.4 26
1752503217013 49.4 27
1752503227178 49.3 28
1752503237340 49.1 29
1752503247524 49.2 30
1752503257706 49.1 31
1752503267893 49.2 32
1752503277995 49.1 33
1752503288121 49.0 34
1752503298216 49.1 35
1752503308349 49.1 36
1752503318461 49.0 37
1752503328608 49.2 38
1752503338810 49.0 39
1752503348988 49.0 40
1752503359211 48.7 41
1752503369371 49.3 42
1752503379469 49.4 43
1752503389655 49.3 44
1752503399844 49.3 45
1752503410089 49.2 46
1752503420309 49.2 47
1752503430460 49.1 48
1752503440604 48.9 49
1752503450855 49.0 50
1752503460989 48.5 51
1752503471220 48.8 52
1752503481385 48.9 53
1752503491506 48.7 54
1752503501715 48.5 55
1752503511872 48.5 56
1752503522057 48.7 57
1752503532231 48.5 58
1752503542332 48.7 59
1752503552434 48.6 60
1752503562672 48.7 61
1752503572784 48.5 62
1752503582994 48.4 63
1752503593150 48.0 64
1752503603342 48.2 65
1752503613443 48.2 66
1752503624203 48.0 67
1752503634301 47.7 68
1752503644458 48.2 69
1752503654553 48.3 70
1752503664685 48.2 71
1752503674815 48.7 72
1752503684991 48.6 73
1752503695096 48.7 74
1752503705195 48.6 75
1752503715410 48.8 76
1752503725645 48.9 77
1752503735800 48.7 78
1752503745920 48.5 79
1752503756114 48.6 80
1752503766304 48.7 81
1752503776409 48.8 82
1752503786571 48.7 83
1752503796703 49.0 84
1752503806862 49.1 85
1752503816954 49.2 86
1752503827206 48.9 87
1752503837433 49.2 88
1752503847669 49.6 89
1752503857848 49.6 90
1752503867963 49.4 91
1752503878142 49.7 92
1752503888322 49.7 93
1752503898480 49.7 94
1752503908673 49.4 95
1752503918776 49.9 96
1752503928908 49.9 97
1752503939032 50.0 98
1752503949129 50.5 99
1752503959281 50.4 100
1752503969451 51.1 101
1752503979586 50.4 102
1752503989740 50.6 103
1752503999856 50.1 104
1752504010023 50.4 105
1752504020186 50.3 106
1752504030282 50.3 107
1752504040387 50.5 108
1752504050533 50.3 109
1752504060660 50.9 110
1752504070882 50.3 111
1752504081024 50.1 112
1752504091137 50.0 113
1752504101292 50.1 114
1752504111469 50.4 115
1752504121590 47.1 116
1752504131775 46.9 117
1752504141965 46.9 118
1752504152147 47.3 119
1752504162327 47.0 120
1752504172420 46.9 121
1752504182516 47.2 122
1752504192688 47.0 123
1752504202904 47.1 124
1752504213063 47.3 125
1752504223240 47.4 126
1752504233350 47.0 127
1752504243545 46.8 128
1752504253735 47.2 129
1752504263955 47.2 130
1752504274053 47.9 131
1752504284159 48.0 132
1752504294265 48.7 133
1752504304539 47.5 134
1752504314708 47.6 135
1752504324934 47.4 136
1752504335065 47.8 137
1752504345216 47.6 138
1752504355343 47.7 139
1752504365577 47.6 140
1752504375725 48.7 141
1752504385910 48.3 142
1752504396008 48.6 143
1752504406132 47.6 144
1752504416352 48.4 145
1752504426446 49.0 146
1752504436575 48.5 147
1752504446684 48.1 148
