1752509763951 0.000130641085686839 0
1752509774336 0.000506626297171409 1
1752509788580 0.0016579158699501005 2
1752509797068 0.009611181832271906 3
1752509818015 0.02167271766566197 4
1752509825305 0.0007310237654710246 5
1752509829799 0.00017723421880172445 6
1752509833814 0.00014043392929987558 7
1752509838046 0.00015729364752237968 8
1752509843384 0.00011896140460265677 9
1752509848460 0.0001329087859103163 10
1752509852117 0.00015261381817062918 11
1752509855638 7.826109541433448e-05 12
1752509871720 0.0008493239615828545 13
