1749843823980 0.0209076774095278 0
1749843833248 0.013280604901806641 1
1749843837718 0.007572632053630669 2
1749843843810 0.006687462035340682 3
1749843848737 0.005519927179949215 4
1749843877239 2.7768986115630128 5
1749843885618 0.005420518046904441 6
1749843894682 0.004579764048887105 7
1749843902701 0.0035054954581660762 8
1749843912315 0.00358939790662051 9
1749843921550 0.003252925129825689 10
1749843930300 0.003340145087986006 11
1749843941307 0.003753674452122146 12
1749843950372 0.0031578349531304626 13
1749843960771 0.004001252707561996 14
1749843971608 0.0038594700537080582 15
1749843981600 0.005040360055222172 16
1749843991297 0.0046800410914119486 17
1749844000037 0.003956321638518468 18
1749844008540 0.003884996983765707 19
1749844018332 0.004522833897485143 20
1749844026873 0.003205524459189796 21
1749844037630 0.003722952489772978 22
1749844048161 0.004034469064465222 23
1749844057585 0.004009108921293199 24
1749844066419 0.004609225279489616 25
1749844075251 0.004153710218866678 26
1749844083452 0.00734331001991803 27
1749844091155 0.0049639621620779185 28
1749844098926 0.006287727559734366 29
1749844107463 0.007769793524692395 30
1749844122882 16.360964393528274 31
1749844125697 0.017403245831133268 32
1749844134228 0.010897529980789918 33
1749844139891 0.0052927251273523325 34
