1749845457113 0.0 0
1749845467295 31.1 1
1749845477441 39.8 2
1749845487616 29.7 3
1749845497783 20.6 4
1749845507936 25.0 5
1749845518422 20.5 6
1749845528681 22.0 7
1749845538786 34.1 8
1749845548887 21.6 9
1749845559022 21.9 10
1749845569744 29.9 11
1749845579869 22.9 12
1749845589942 18.6 13
1749845600043 25.2 14
1749845610156 22.2 15
1749845620340 19.9 16
1749845630907 26.9 17
1749845641035 45.5 18
1749845651472 30.6 19
1749845661549 31.1 20
1749845671619 16.2 21
1749845681730 15.3 22
1749845691811 28.4 23
