1749845457113 253651.0 0
1749845467295 253651.8 1
1749845477441 253651.6 2
1749845487616 253652.1 3
1749845497783 253652.1 4
1749845507936 253652.1 5
1749845518422 253652.2 6
1749845528681 253652.5 7
1749845538786 253652.2 8
1749845548887 253652.2 9
1749845559022 253652.2 10
1749845569744 253652.5 11
1749845579869 253650.9 12
1749845589942 253650.9 13
1749845600043 253651.0 14
1749845610156 253649.1 15
1749845620340 253649.1 16
1749845630907 253649.4 17
1749845641035 253649.4 18
1749845651472 253649.4 19
1749845661549 253649.4 20
1749845671619 253650.0 21
1749845681730 253650.0 22
1749845691811 253650.2 23
