1749845457113 769742.7 0
1749845467295 769741.9 1
1749845477441 769742.0 2
1749845487616 769741.6 3
1749845497783 769741.5 4
1749845507936 769741.5 5
1749845518422 769741.4 6
1749845528681 769741.1 7
1749845538786 769741.4 8
1749845548887 769741.4 9
1749845559022 769741.4 10
1749845569744 769741.1 11
1749845579869 769742.7 12
1749845589942 769742.8 13
1749845600043 769742.6 14
1749845610156 769744.6 15
1749845620340 769744.5 16
1749845630907 769744.2 17
1749845641035 769744.2 18
1749845651472 769744.2 19
1749845661549 769744.2 20
1749845671619 769743.7 21
1749845681730 769743.7 22
1749845691811 769743.4 23
