1749845457113 24.8 0
1749845467295 24.8 1
1749845477441 24.8 2
1749845487616 24.8 3
1749845497783 24.8 4
1749845507936 24.8 5
1749845518422 24.8 6
1749845528681 24.8 7
1749845538786 24.8 8
1749845548887 24.8 9
1749845559022 24.8 10
1749845569744 24.8 11
1749845579869 24.8 12
1749845589942 24.8 13
1749845600043 24.8 14
1749845610156 24.8 15
1749845620340 24.8 16
1749845630907 24.8 17
1749845641035 24.8 18
1749845651472 24.8 19
1749845661549 24.8 20
1749845671619 24.8 21
1749845681730 24.8 22
1749845691811 24.8 23
