1749845457113 0.0 0
1749845467295 0.6523290000000088 1
1749845477441 1.979229000000032 2
1749845487616 4.850189999999884 3
1749845497783 4.92541099999994 4
1749845507936 5.04681800000003 5
1749845518422 5.090031999999837 6
1749845528681 5.536885999999868 7
1749845538786 6.843044999999847 8
1749845548887 6.938517999999931 9
1749845559022 7.11654099999987 10
1749845569744 7.954984999999851 11
1749845579869 7.976760999999897 12
1749845589942 8.014488999999912 13
1749845600043 8.184444999999869 14
1749845610156 9.354577999999947 15
1749845620340 10.841267000000016 16
1749845630907 12.171133000000054 17
1749845641035 12.316012999999884 18
1749845651472 12.589350999999851 19
1749845661549 12.985447000000022 20
1749845671619 13.401492999999846 21
1749845681730 13.846702999999934 22
1749845691811 14.024951999999985 23
