1749845457113 0.00018099999999776628 0
1749845467295 0.4707050000000095 1
1749845477441 0.5361880000000383 2
1749845487616 1.0227620000000002 3
1749845497783 1.1909390000000144 4
1749845507936 1.3745910000000094 5
1749845518422 1.408141999999998 6
1749845528681 1.5605490000000373 7
1749845538786 1.9990150000000426 8
1749845548887 2.1273889999999938 9
1749845559022 2.246225000000038 10
1749845569744 2.6600710000000163 11
1749845579869 2.701843999999994 12
1749845589942 2.7324710000000323 13
1749845600043 3.0132220000000416 14
1749845610156 3.124515000000031 15
1749845620340 3.2538560000000416 16
1749845630907 3.3344240000000127 17
1749845641035 3.58206100000001 18
1749845651472 5.983858999999995 19
1749845661549 8.318549000000019 20
1749845671619 11.543785000000014 21
1749845681730 16.055227000000002 22
1749845691811 18.610874000000024 23
