1749845457113 78.4 0
1749845467295 80.7 1
1749845477441 81.4 2
1749845487616 81.3 3
1749845497783 81.0 4
1749845507936 80.7 5
1749845518422 80.8 6
1749845528681 81.2 7
1749845538786 81.8 8
1749845548887 81.5 9
1749845559022 81.5 10
1749845569744 81.9 11
1749845579869 81.8 12
1749845589942 81.5 13
1749845600043 81.4 14
1749845610156 82.2 15
1749845620340 82.0 16
1749845630907 83.9 17
1749845641035 83.3 18
1749845651472 83.8 19
1749845661549 83.4 20
1749845671619 84.0 21
1749845681730 84.3 22
1749845691811 84.8 23
