1749845457113 26663.9 0
1749845467295 27452.3 1
1749845477441 27685.2 2
1749845487616 27663.8 3
1749845497783 27557.1 4
1749845507936 27471.1 5
1749845518422 27508.1 6
1749845528681 27645.7 7
1749845538786 27830.1 8
1749845548887 27731.4 9
1749845559022 27726.5 10
1749845569744 27867.4 11
1749845579869 27845.8 12
1749845589942 27740.4 13
1749845600043 27687.3 14
1749845610156 27969.0 15
1749845620340 27890.4 16
1749845630907 28549.5 17
1749845641035 28357.9 18
1749845651472 28500.2 19
1749845661549 28394.4 20
1749845671619 28570.5 21
1749845681730 28685.8 22
1749845691811 28840.7 23
