1751047244030 762502.6 0
1751047254144 762501.9 1
1751047264238 762501.7 2
1751047274356 762501.7 3
1751047284445 762501.5 4
1751047294557 762500.9 5
1751047304663 762499.0 6
1751047314763 762497.0 7
1751047324860 762496.4 8
1751047334968 762496.5 9
1751047345066 762496.4 10
1751047355265 762496.3 11
1751047365407 762496.3 12
1751047375495 762496.3 13
1751047385595 762496.3 14
1751047395701 762496.2 15
1751047405806 762496.1 16
1751047415906 762496.0 17
1751047426014 762496.0 18
1751047436125 762495.8 19
1751047446215 762495.8 20
