1751047244030 260891.0 0
1751047254144 260891.8 1
1751047264238 260892.0 2
1751047274356 260892.0 3
1751047284445 260892.2 4
1751047294557 260892.7 5
1751047304663 260894.7 6
1751047314763 260896.6 7
1751047324860 260897.2 8
1751047334968 260897.1 9
1751047345066 260897.2 10
1751047355265 260897.3 11
1751047365407 260897.3 12
1751047375495 260897.4 13
1751047385595 260897.4 14
1751047395701 260897.4 15
1751047405806 260897.5 16
1751047415906 260897.6 17
1751047426014 260897.6 18
1751047436125 260897.8 19
1751047446215 260897.8 20
