1751047244030 0.0 0
1751047254144 0.17066300000000112 1
1751047264238 0.2610480000000024 2
1751047274356 0.3096730000000001 3
1751047284445 0.47105000000000175 4
1751047294557 0.581429 5
1751047304663 0.6462770000000013 6
1751047314763 0.6878330000000012 7
1751047324860 0.7360810000000022 8
1751047334968 0.8925580000000011 9
1751047345066 0.9333920000000013 10
1751047355265 1.0668940000000013 11
1751047365407 1.110082000000002 12
1751047375495 1.210993000000002 13
1751047385595 1.2406940000000013 14
1751047395701 1.2626620000000024 15
1751047405806 1.3673020000000022 16
1751047415906 1.413611000000003 17
1751047426014 1.4297300000000028 18
1751047436125 1.4508790000000005 19
1751047446215 1.4831380000000003 20
