1751047244030 0.0 0
1751047254144 0.0930459999999993 1
1751047264238 0.1699629999999992 2
1751047274356 0.2494809999999994 3
1751047284445 0.29192899999999966 4
1751047294557 0.38607199999999864 5
1751047304663 0.840897 6
1751047314763 2.023719 7
1751047324860 2.5208949999999994 8
1751047334968 2.5644519999999993 9
1751047345066 2.604367999999999 10
1751047355265 2.650898999999999 11
1751047365407 2.6758369999999996 12
1751047375495 2.7254179999999995 13
1751047385595 2.768846 14
1751047395701 2.7821229999999986 15
1751047405806 2.8858419999999985 16
1751047415906 2.9324390000000005 17
1751047426014 2.949233999999999 18
1751047436125 2.965351 19
1751047446215 2.9997649999999982 20
