1751047244030 27542.5 0
1751047254144 27504.0 1
1751047264238 27714.6 2
1751047274356 27703.3 3
1751047284445 27698.8 4
1751047294557 28133.3 5
1751047304663 28040.3 6
1751047314763 27985.8 7
1751047324860 27902.2 8
1751047334968 28021.4 9
1751047345066 27854.3 10
1751047355265 27839.4 11
1751047365407 27965.2 12
1751047375495 27975.2 13
1751047385595 27803.4 14
1751047395701 27767.9 15
1751047405806 27917.9 16
1751047415906 27897.4 17
1751047426014 27732.2 18
1751047436125 27689.7 19
1751047446215 27672.6 20
