1726509947254 0.005667501289647258 0
1726509953526 0.01845551842917005 1
1726509963068 0.015836409967390785 2
1726509989652 0.02225653111585347 3
1726510018880 0.02329979676791364 4
1726510025639 0.02168330365883272 5
1726510056941 0.01943094755965445 6
1726510066455 0.01568079266719462 7
1726510071662 0.01348579056966333 8
1726510086707 0.01018881012435425 9
1726510091318 0.018821997811065493 10
1726510096290 0.01876815105750677 11
1726510105192 0.015282837568444051 12
1726510110389 0.008927568153287744 13
1726510132765 0.002541208600210411 14
1726510139693 0.0014966615654090597 15
1726510148184 0.0016850700977740396 16
1726510165123 0.0009794218492721368 17
1726510167710 0.0010576359931022876 18
1726510171087 0.016124144011855465 19
1726510174982 0.015169251653201234 20
1726510189214 0.012751043415289386 21
1726510191797 0.0019141436294029905 22
