1752182592937 0.0 0
1752182603103 31.8 1
1752182613270 56.9 2
1752182623364 54.7 3
1752182633520 59.7 4
1752182643787 57.1 5
1752182654030 60.2 6
1752182664164 65.4 7
1752182674271 53.1 8
1752182684396 43.0 9
1752182694659 54.8 10
1752182704797 53.0 11
1752182714977 42.5 12
1752182725109 53.9 13
1752182735265 53.6 14
1752182745430 54.3 15
1752182755550 46.9 16
1752182765669 53.5 17
1752182775770 53.3 18
1752182785921 53.2 19
1752182796019 46.7 20
1752182806134 48.4 21
1752182816240 54.4 22
1752182826328 53.3 23
