1752182592937 25.4 0
1752182603103 25.4 1
1752182613270 25.4 2
1752182623364 25.4 3
1752182633520 25.4 4
1752182643787 25.4 5
1752182654030 25.4 6
1752182664164 25.4 7
1752182674271 25.4 8
1752182684396 25.4 9
1752182694659 25.4 10
1752182704797 25.4 11
1752182714977 25.4 12
1752182725109 25.4 13
1752182735265 25.4 14
1752182745430 25.4 15
1752182755550 25.4 16
1752182765669 25.4 17
1752182775770 25.4 18
1752182785921 25.4 19
1752182796019 25.4 20
1752182806134 25.4 21
1752182816240 25.4 22
1752182826328 25.4 23
