1752182592937 260153.9 0
1752182603103 260155.1 1
1752182613270 260155.5 2
1752182623364 260155.5 3
1752182633520 260155.9 4
1752182643787 260156.0 5
1752182654030 260156.1 6
1752182664164 260156.1 7
1752182674271 260156.1 8
1752182684396 260156.1 9
1752182694659 260156.2 10
1752182704797 260156.3 11
1752182714977 260156.3 12
1752182725109 260154.3 13
1752182735265 260154.5 14
1752182745430 260154.6 15
1752182755550 260154.5 16
1752182765669 260154.5 17
1752182775770 260154.5 18
1752182785921 260154.5 19
1752182796019 260154.5 20
1752182806134 260154.6 21
1752182816240 260154.7 22
1752182826328 260154.7 23
