1752182592937 763239.7 0
1752182603103 763238.5 1
1752182613270 763238.2 2
1752182623364 763238.1 3
1752182633520 763237.8 4
1752182643787 763237.6 5
1752182654030 763237.5 6
1752182664164 763237.5 7
1752182674271 763237.5 8
1752182684396 763237.5 9
1752182694659 763237.4 10
1752182704797 763237.3 11
1752182714977 763237.3 12
1752182725109 763239.3 13
1752182735265 763239.1 14
1752182745430 763239.1 15
1752182755550 763239.1 16
1752182765669 763239.1 17
1752182775770 763239.1 18
1752182785921 763239.1 19
1752182796019 763239.1 20
1752182806134 763239.0 21
1752182816240 763238.9 22
1752182826328 763238.9 23
