1752182592937 0.0 0
1752182603103 0.04996800000003532 1
1752182613270 0.14167399999996633 2
1752182623364 0.21047199999998156 3
1752182633520 0.31758300000001327 4
1752182643787 0.41919399999994766 5
1752182654030 0.5588490000000093 6
1752182664164 0.8402670000000398 7
1752182674271 0.8849319999999352 8
1752182684396 0.9256249999999682 9
1752182694659 1.0649039999999559 10
1752182704797 1.1048130000000356 11
1752182714977 1.1656759999999622 12
1752182725109 1.191404000000034 13
1752182735265 1.2116029999999682 14
1752182745430 1.2436279999999442 15
1752182755550 1.3051530000000184 16
1752182765669 1.3644829999999502 17
1752182775770 1.4084080000000085 18
1752182785921 1.427691999999979 19
1752182796019 1.4792629999999463 20
1752182806134 1.5110799999999927 21
1752182816240 1.6134069999999383 22
1752182826328 1.6790750000000116 23
