1752182592937 0.0 0
1752182603103 0.389697999999953 1
1752182613270 0.9169959999999264 2
1752182623364 1.333694999999807 3
1752182633520 1.7361739999998917 4
1752182643787 2.1752109999999902 5
1752182654030 2.603885999999875 6
1752182664164 3.0349489999998696 7
1752182674271 3.4322199999999157 8
1752182684396 3.829574999999977 9
1752182694659 4.2881049999998595 10
1752182704797 4.674299999999903 11
1752182714977 5.085025999999971 12
1752182725109 5.4734809999999925 13
1752182735265 5.842859999999973 14
1752182745430 6.2289579999999205 15
1752182755550 6.632969999999887 16
1752182765669 7.0646909999998115 17
1752182775770 7.465984999999819 18
1752182785921 7.833448999999973 19
1752182796019 8.249535999999807 20
1752182806134 8.63493799999992 21
1752182816240 9.124229000000014 22
1752182826328 9.356804999999895 23
