1752182592937 75.5 0
1752182603103 78.1 1
1752182613270 76.7 2
1752182623364 76.8 3
1752182633520 76.0 4
1752182643787 76.2 5
1752182654030 76.8 6
1752182664164 76.2 7
1752182674271 76.2 8
1752182684396 76.2 9
1752182694659 76.2 10
1752182704797 76.1 11
1752182714977 76.4 12
1752182725109 76.3 13
1752182735265 76.2 14
1752182745430 75.5 15
1752182755550 76.0 16
1752182765669 75.8 17
1752182775770 75.5 18
1752182785921 75.4 19
1752182796019 75.3 20
1752182806134 75.6 21
1752182816240 75.4 22
1752182826328 75.7 23
