1752182592937 25695.7 0
1752182603103 26577.5 1
1752182613270 26086.1 2
1752182623364 26136.3 3
1752182633520 25876.3 4
1752182643787 25913.7 5
1752182654030 26147.6 6
1752182664164 25931.6 7
1752182674271 25926.8 8
1752182684396 25916.7 9
1752182694659 25917.0 10
1752182704797 25911.6 11
1752182714977 25994.2 12
1752182725109 25963.4 13
1752182735265 25947.0 14
1752182745430 25708.9 15
1752182755550 25853.4 16
1752182765669 25809.9 17
1752182775770 25700.2 18
1752182785921 25661.5 19
1752182796019 25609.1 20
1752182806134 25712.6 21
1752182816240 25664.0 22
1752182826328 25763.9 23
