1750794140061 0.004368961046056469 0
1750794145485 0.0072533682732616065 1
1750794151946 0.0080334536796312 2
1750794158391 0.004003159588244669 3
1750794164228 0.007186674125753089 4
1750794169737 0.005225542157199321 5
1750794175835 0.0062430938873712675 6
1750794182530 0.007720020514194303 7
1750794189309 0.005550811921178944 8
1750794196163 0.008600658232411731 9
1750794202120 0.009202290837350597 10
1750794207105 0.007047744509317109 11
1750794211159 0.008276568365886323 12
1750794216507 0.00829505226179826 13
1750794221910 0.006026026870856038 14
1750794227529 0.008472005230577683 15
1750794232611 0.006131181568153558 16
1750794237530 0.010152832320391032 17
1750794243585 0.011385233884578298 18
1750794248783 0.008043137112944807 19
1750794256814 0.008166148632458965 20
1750794263761 0.0104811271370748 21
1750794268649 0.006379663941929809 22
1750794274138 0.006778037493235501 23
1750794282719 0.005901029219877597 24
