1752539277087 0.02194743387290613 0
1752539296146 0.02570980330091399 1
1752539313732 0.009735238346962423 2
1752539333456 0.0071437559221386 3
1752539348467 0.007410576029984749 4
1752539365830 0.004998490480168969 5
1752539380851 0.0032736259889404374 6
1752539395405 0.003780630595539385 7
1752539411099 0.005276135890825338 8
1752539422528 0.004737165769365288 9
1752539433924 0.003921099501096629 10
1752539446214 0.002143312207491238 11
1752539459021 0.002558006424866107 12
1752539473249 0.0024307188309110207 13
1752539486906 0.0026758721769988038 14
1752539503476 0.002616813483175395 15
1752539524056 1.6369386334316194 16
1752539538383 0.0025508733005592645 17
1752539551169 0.0035195158053175734 18
1752539563387 0.0019976860820140043 19
1752539576324 0.0032633244927756508 20
1752539589735 0.003098666589503027 21
1752539602435 0.004242711252417396 22
1752539613017 0.0030652602714757796 23
1752539625065 0.003914508025089853 24
1752539637688 0.0033172596376118404 25
1752539652122 0.002669265243209762 26
1752539668582 0.0027736766735360786 27
1752539683808 0.003429139697481712 28
1752539695786 0.002694559568692528 29
1752539709072 0.002788437756910056 30
1752539722598 0.0021637659729705785 31
1752539738312 0.0031511946300344495 32
1752539752895 0.003719709196737302 33
1752539766296 0.002634771951365868 34
1752539776512 0.0038461327237079125 35
1752539787437 0.004390862434419917 36
1752539797749 0.0039062103361920154 37
1752539807427 0.005830092822437056 38
1752539818174 0.0036204905934363934 39
1752539829282 0.003768918684043431 40
1752539838160 0.005068801788258149 41
1752539847704 0.006116732683795 42
1752539863470 20.44610845455067 43
1752539868724 1695.9268615646974 44
1752539877258 0.007550117477483005 45
1752539899051 0.017347428273797056 46
1752539902916 0.008871603927451949 47
1752539916514 0.01093917203201232 48
