1750863628844 0.0 0
1750863638969 29.9 1
1750863649057 42.3 2
1750863659152 33.7 3
1750863669287 42.9 4
1750863679402 38.6 5
1750863689470 26.9 6
1750863699543 34.7 7
1750863709646 44.0 8
1750863719730 29.2 9
1750863729834 37.3 10
1750863739970 24.9 11
1750863750073 41.6 12
1750863760190 34.9 13
1750863770278 40.6 14
1750863780359 30.2 15
1750863790458 23.9 16
1750863800576 25.7 17
1750863810731 32.9 18
1750863820810 28.5 19
1750863830901 30.6 20
1750863841002 41.7 21
1750863851091 18.7 22
1750863861446 30.7 23
1750863871555 37.7 24
1750863881684 28.8 25
1750863891816 42.0 26
1750863901917 23.4 27
1750863912036 23.0 28
1750863922118 37.1 29
1750863932203 29.9 30
1750863942315 33.2 31
1750863952669 32.2 32
1750863962740 16.5 33
1750863972800 11.8 34
1750863982923 10.4 35
1750863993024 19.5 36
1750864003552 15.3 37
