1750863628844 259175.1 0
1750863638969 259177.0 1
1750863649057 259177.7 2
1750863659152 259177.7 3
1750863669287 259177.8 4
1750863679402 259177.9 5
1750863689470 259177.8 6
1750863699543 259178.3 7
1750863709646 259178.7 8
1750863719730 259178.6 9
1750863729834 259178.6 10
1750863739970 259178.6 11
1750863750073 259178.6 12
1750863760190 259178.5 13
1750863770278 259179.2 14
1750863780359 259179.2 15
1750863790458 259179.3 16
1750863800576 259179.3 17
1750863810731 259179.3 18
1750863820810 259179.2 19
1750863830901 259179.3 20
1750863841002 259179.4 21
1750863851091 259179.4 22
1750863861446 259179.6 23
1750863871555 259179.5 24
1750863881684 259179.8 25
1750863891816 259179.8 26
1750863901917 259179.8 27
1750863912036 259179.7 28
1750863922118 259179.8 29
1750863932203 259179.8 30
1750863942315 259179.9 31
1750863952669 259179.9 32
1750863962740 259180.0 33
1750863972800 259189.0 34
1750863982923 259189.2 35
1750863993024 259188.6 36
1750864003552 259188.5 37
