1750863628844 764218.5 0
1750863638969 764216.6 1
1750863649057 764215.9 2
1750863659152 764215.9 3
1750863669287 764215.9 4
1750863679402 764215.7 5
1750863689470 764215.8 6
1750863699543 764215.3 7
1750863709646 764214.9 8
1750863719730 764215.0 9
1750863729834 764215.0 10
1750863739970 764215.0 11
1750863750073 764215.0 12
1750863760190 764215.1 13
1750863770278 764214.4 14
1750863780359 764214.4 15
1750863790458 764214.3 16
1750863800576 764214.3 17
1750863810731 764214.3 18
1750863820810 764214.4 19
1750863830901 764214.3 20
1750863841002 764214.2 21
1750863851091 764214.2 22
1750863861446 764214.0 23
1750863871555 764214.1 24
1750863881684 764213.8 25
1750863891816 764213.8 26
1750863901917 764213.8 27
1750863912036 764213.9 28
1750863922118 764213.8 29
1750863932203 764213.8 30
1750863942315 764213.8 31
1750863952669 764213.7 32
1750863962740 764213.6 33
1750863972800 764204.7 34
1750863982923 764204.4 35
1750863993024 764205.0 36
1750864003552 764205.1 37
