1750863628844 25.3 0
1750863638969 25.3 1
1750863649057 25.3 2
1750863659152 25.3 3
1750863669287 25.3 4
1750863679402 25.3 5
1750863689470 25.3 6
1750863699543 25.3 7
1750863709646 25.3 8
1750863719730 25.3 9
1750863729834 25.3 10
1750863739970 25.3 11
1750863750073 25.3 12
1750863760190 25.3 13
1750863770278 25.3 14
1750863780359 25.3 15
1750863790458 25.3 16
1750863800576 25.3 17
1750863810731 25.3 18
1750863820810 25.3 19
1750863830901 25.3 20
1750863841002 25.3 21
1750863851091 25.3 22
1750863861446 25.3 23
1750863871555 25.3 24
1750863881684 25.3 25
1750863891816 25.3 26
1750863901917 25.3 27
1750863912036 25.3 28
1750863922118 25.3 29
1750863932203 25.3 30
1750863942315 25.3 31
1750863952669 25.3 32
1750863962740 25.3 33
1750863972800 25.3 34
1750863982923 25.3 35
1750863993024 25.3 36
1750864003552 25.3 37
