1750863628844 0.0 0
1750863638969 0.04205000000001746 1
1750863649057 0.0679930000000013 2
1750863659152 0.07589400000000524 3
1750863669287 0.1332919999999831 4
1750863679402 0.16992299999998295 5
1750863689470 0.20581099999998287 6
1750863699543 0.32413200000002007 7
1750863709646 0.5438960000000179 8
1750863719730 0.7505879999999934 9
1750863729834 0.9687950000000001 10
1750863739970 1.1607020000000148 11
1750863750073 1.3593779999999924 12
1750863760190 1.5722969999999918 13
1750863770278 1.7536119999999755 14
1750863780359 1.9408429999999726 15
1750863790458 2.1565219999999954 16
1750863800576 2.3429120000000125 17
1750863810731 2.5376150000000166 18
1750863820810 2.7562300000000164 19
1750863830901 2.9428350000000023 20
1750863841002 3.1457469999999716 21
1750863851091 3.357922999999971 22
1750863861446 3.5604769999999917 23
1750863871555 3.760381999999993 24
1750863881684 4.034778000000017 25
1750863891816 4.229664000000014 26
1750863901917 4.43444199999999 27
1750863912036 4.638553000000002 28
1750863922118 4.843866999999989 29
1750863932203 5.061169000000007 30
1750863942315 5.25714099999999 31
1750863952669 5.404134999999997 32
1750863962740 5.607096000000013 33
1750863972800 5.843195999999978 34
1750863982923 6.0493359999999825 35
1750863993024 6.422777999999994 36
1750864003552 6.7213330000000155 37
