1750863628844 0.0 0
1750863638969 0.2758670000000052 1
1750863649057 0.30613800000000424 2
1750863659152 0.32443800000000067 3
1750863669287 0.46994899999999973 4
1750863679402 0.5404769999999957 5
1750863689470 0.631639000000007 6
1750863699543 0.7202170000000052 7
1750863709646 0.7586380000000048 8
1750863719730 0.7853709999999978 9
1750863729834 0.8281510000000054 10
1750863739970 0.8555350000000033 11
1750863750073 0.8696780000000075 12
1750863760190 0.914787000000004 13
1750863770278 0.9211269999999985 14
1750863780359 0.9339039999999983 15
1750863790458 0.9729140000000029 16
1750863800576 0.9882800000000032 17
1750863810731 1.0072250000000054 18
1750863820810 1.0562400000000025 19
1750863830901 1.0666630000000055 20
1750863841002 1.0945430000000016 21
1750863851091 1.1378300000000081 22
1750863861446 1.163728000000006 23
1750863871555 1.1786199999999951 24
1750863881684 1.207406000000006 25
1750863891816 1.2267480000000006 26
1750863901917 1.2642390000000034 27
1750863912036 1.3094420000000042 28
1750863922118 1.3961500000000058 29
1750863932203 1.7069410000000005 30
1750863942315 1.7258910000000043 31
1750863952669 1.814515 32
1750863962740 1.848700000000008 33
1750863972800 1.9343609999999956 34
1750863982923 1.9547900000000027 35
1750863993024 2.0410420000000045 36
1750864003552 2.2919550000000015 37
