1750863628844 67.4 0
1750863638969 68.6 1
1750863649057 70.1 2
1750863659152 70.7 3
1750863669287 71.5 4
1750863679402 71.4 5
1750863689470 71.7 6
1750863699543 72.4 7
1750863709646 72.7 8
1750863719730 72.3 9
1750863729834 72.3 10
1750863739970 72.5 11
1750863750073 72.5 12
1750863760190 72.3 13
1750863770278 71.9 14
1750863780359 72.1 15
1750863790458 72.5 16
1750863800576 72.8 17
1750863810731 72.9 18
1750863820810 73.1 19
1750863830901 73.2 20
1750863841002 73.4 21
1750863851091 73.6 22
1750863861446 73.9 23
1750863871555 73.5 24
1750863881684 73.5 25
1750863891816 73.4 26
1750863901917 73.6 27
1750863912036 74.7 28
1750863922118 74.8 29
1750863932203 75.0 30
1750863942315 74.6 31
1750863952669 74.9 32
1750863962740 75.2 33
1750863972800 75.7 34
1750863982923 76.3 35
1750863993024 77.3 36
1750864003552 78.1 37
