1750863628844 22933.2 0
1750863638969 23338.3 1
1750863649057 23852.0 2
1750863659152 24042.5 3
1750863669287 24320.7 4
1750863679402 24296.3 5
1750863689470 24403.5 6
1750863699543 24633.9 7
1750863709646 24734.9 8
1750863719730 24614.2 9
1750863729834 24609.9 10
1750863739970 24683.5 11
1750863750073 24662.0 12
1750863760190 24611.5 13
1750863770278 24466.0 14
1750863780359 24527.0 15
1750863790458 24686.3 16
1750863800576 24768.3 17
1750863810731 24802.1 18
1750863820810 24879.5 19
1750863830901 24899.1 20
1750863841002 24978.8 21
1750863851091 25062.1 22
1750863861446 25159.9 23
1750863871555 25020.2 24
1750863881684 25018.3 25
1750863891816 24960.7 26
1750863901917 25044.0 27
1750863912036 25429.3 28
1750863922118 25448.9 29
1750863932203 25529.3 30
1750863942315 25392.1 31
1750863952669 25477.3 32
1750863962740 25593.5 33
1750863972800 25771.9 34
1750863982923 25958.9 35
1750863993024 26314.3 36
1750864003552 26567.0 37
