1752247551342 0.00054212445412072 0
1752247553264 0.00034588641254073486 1
1752247555162 0.00022032098716278108 2
1752247557296 0.00018745216421896526 3
1752247560546 0.0006363977195769405 4
1752247562943 0.0023197419536953477 5
1752247565750 0.0006687310516527167 6
1752247568113 0.0012814003543738667 7
1752247570691 0.00038057021201087836 8
1752247572941 0.0024275870970020706 9
1752247575239 0.0017526431656344772 10
1752247577573 0.0019129273797490888 11
1752247579923 0.010768950395144068 12
1752247582210 0.018577477419878925 13
1752247584507 0.012434747740931796 14
1752247587333 0.016970903181125745 15
1752247590509 0.02563782489383612 16
1752247592978 0.022434252463138807 17
1752247595962 0.04456726727898149 18
1752247599131 0.023845393393912687 19
