1752246847538 0.00054212445412072 0
1752246849931 0.0002203111838496471 1
1752246853370 0.000636423953234004 2
1752246855754 0.0006687372025444377 3
1752246858336 0.000380568437000994 4
1752246861003 0.001752634148091412 5
1752246863354 0.010769076482116106 6
1752246865903 0.012434842057686184 7
1752246869359 0.025638091023928177 8
1752246871723 0.04456763389240424 9
1752246874032 0.017119605270985574 10
1752246876469 0.0009217983190092919 11
1752246878660 0.0003932622161047383 12
1752246880708 0.0002893657746119209 13
1752246882536 0.00017164597043121472 14
1752246884552 0.0002154195013756208 15
1752246886339 0.0001475104168135223 16
1752246888252 0.00027384995035660645 17
1752246890278 0.00020250318493017394 18
1752246892361 0.0002378148283433931 19
1752246894335 0.00016286863828680667 20
1752246896285 0.00019741188078248293 21
1752246898057 0.0002185175271927264 22
1752246900251 0.00013998626738104066 23
1752246902229 7.898989435919522e-05 24
1752246903929 5.5443911343688175e-05 25
