1752177730104 260038.3 0
1752177740251 260039.3 1
1752177750381 260039.9 2
1752177760585 260040.1 3
1752177770722 260040.2 4
1752177780939 260040.2 5
1752177791051 260040.2 6
1752177801160 260040.2 7
1752177811252 260040.3 8
1752177821417 260040.3 9
1752177831607 260041.4 10
1752177841781 260041.4 11
1752177851937 260040.7 12
1752177862088 260040.7 13
1752177872320 260040.8 14
1752177882485 260040.9 15
1752177892619 260040.9 16
1752177902822 260040.9 17
1752177913036 260041.2 18
1752177923266 260041.7 19
