1752177730104 763355.4 0
1752177740251 763354.3 1
1752177750381 763353.7 2
1752177760585 763353.5 3
1752177770722 763353.5 4
1752177780939 763353.4 5
1752177791051 763353.4 6
1752177801160 763353.4 7
1752177811252 763353.4 8
1752177821417 763353.3 9
1752177831607 763352.2 10
1752177841781 763352.2 11
1752177851937 763353.0 12
1752177862088 763352.9 13
1752177872320 763352.8 14
1752177882485 763352.7 15
1752177892619 763352.7 16
1752177902822 763352.7 17
1752177913036 763352.4 18
1752177923266 763351.9 19
