1752177730104 0.0 0
1752177740251 0.031345999999985 1
1752177750381 0.19206499999995685 2
1752177760585 0.24283099999996693 3
1752177770722 0.44743599999998196 4
1752177780939 0.5601659999999811 5
1752177791051 0.5987030000000004 6
1752177801160 0.6614799999999832 7
1752177811252 0.9069919999999456 8
1752177821417 0.9654999999999632 9
1752177831607 1.0296109999999885 10
1752177841781 1.5319109999999796 11
1752177851937 1.5800369999999475 12
1752177862088 1.6287889999999834 13
1752177872320 1.644611999999995 14
1752177882485 2.053112999999996 15
1752177892619 2.0807269999999676 16
1752177902822 2.1316309999999703 17
1752177913036 2.4157109999999875 18
1752177923266 2.5535429999999906 19
