1752177730104 0.0 0
1752177740251 0.025088000000096145 1
1752177750381 0.4271000000001095 2
1752177760585 0.5050249999999323 3
1752177770722 0.5371360000001459 4
1752177780939 0.6104170000000977 5
1752177791051 0.6568560000000616 6
1752177801160 1.001459000000068 7
1752177811252 1.259422000000086 8
1752177821417 1.3177720000001045 9
1752177831607 1.372920000000022 10
1752177841781 1.7880749999999352 11
1752177851937 1.8281369999999697 12
1752177862088 1.8688850000000912 13
1752177872320 1.8812760000000708 14
1752177882485 2.0023650000000544 15
1752177892619 2.016064000000142 16
1752177902822 2.0526629999999386 17
1752177913036 2.1049789999999575 18
1752177923266 2.1348669999999856 19
