1750691279683 0.0006342083035401752 0
1750691285683 0.00043095882295015404 1
1750691291692 0.0003808176905790539 2
1750691297993 0.00023747580808928167 3
1750691304567 0.0012619844446131734 4
1750691312400 0.0014051269908515733 5
1750691318527 0.001055984683633823 6
1750691325005 0.0011530767661293866 7
1750691332622 0.0038885905615065153 8
1750691339503 0.004267778083712545 9
1750691346072 0.010856137062271754 10
1750691353662 0.014514718171463282 11
1750691360455 0.009505526295357954 12
1750691371089 0.01078553014687363 13
1750691378959 0.028105508980497598 14
1750691386484 0.007468915293928976 15
1750691394195 0.033181812906924124 16
1750691400759 0.012034152151245626 17
1750691408065 0.003953774120370992 18
1750691414068 0.0011120241931137074 19
1750691420104 0.0010597569611032651 20
1750691426122 0.0009273186542690329 21
1750691433510 0.0009595018747392358 22
1750691438926 0.0006155785747290881 23
1750691444250 0.0005298134328283099 24
1750691450285 0.0005109893586864826 25
1750691456286 0.0005113097734970517 26
1750691461689 0.0005152373640432298 27
1750691467703 0.0005909168770483022 28
1750691473339 0.0006822989899133252 29
1750691478698 0.0006205735963049272 30
1750691483892 0.0006662458408815795 31
1750691488748 0.0006578827554489036 32
1750691494446 0.0007083552414966201 33
1750691504983 0.0005142109444961487 34
