1753110252166 0.0 0
1753110262334 40.4 1
1753110272497 61.5 2
1753110282676 57.8 3
1753110292879 50.0 4
1753110303131 64.8 5
1753110313297 72.9 6
1753110323413 61.3 7
1753110333522 63.1 8
1753110343819 62.7 9
1753110353982 50.9 10
1753110364102 57.7 11
1753110374265 65.3 12
1753110384445 50.0 13
1753110394627 56.8 14
1753110404742 59.6 15
1753110414851 68.1 16
1753110425008 62.3 17
1753110435232 53.8 18
1753110445349 61.6 19
1753110455473 58.6 20
1753110465641 52.8 21
1753110475795 57.1 22
1753110485891 51.7 23
