1753110252166 761252.9 0
1753110262334 761251.5 1
1753110272497 761251.6 2
1753110282676 761251.5 3
1753110292879 761251.5 4
1753110303131 761251.5 5
1753110313297 761250.8 6
1753110323413 761261.5 7
1753110333522 761261.5 8
1753110343819 761261.5 9
1753110353982 761261.6 10
1753110364102 761261.4 11
1753110374265 761263.1 12
1753110384445 761262.9 13
1753110394627 761263.0 14
1753110404742 761262.9 15
1753110414851 761263.9 16
1753110425008 761263.9 17
1753110435232 761263.9 18
1753110445349 761263.8 19
1753110455473 761263.8 20
1753110465641 761263.8 21
1753110475795 761263.7 22
1753110485891 761263.4 23
