1753110252166 262140.8 0
1753110262334 262142.1 1
1753110272497 262142.0 2
1753110282676 262142.1 3
1753110292879 262142.1 4
1753110303131 262142.1 5
1753110313297 262142.9 6
1753110323413 262132.1 7
1753110333522 262132.1 8
1753110343819 262132.1 9
1753110353982 262132.1 10
1753110364102 262132.2 11
1753110374265 262130.6 12
1753110384445 262130.7 13
1753110394627 262130.6 14
1753110404742 262130.7 15
1753110414851 262129.7 16
1753110425008 262129.7 17
1753110435232 262129.7 18
1753110445349 262129.8 19
1753110455473 262129.8 20
1753110465641 262129.8 21
1753110475795 262130.0 22
1753110485891 262130.3 23
