1753110252166 25.6 0
1753110262334 25.6 1
1753110272497 25.6 2
1753110282676 25.6 3
1753110292879 25.6 4
1753110303131 25.6 5
1753110313297 25.6 6
1753110323413 25.6 7
1753110333522 25.6 8
1753110343819 25.6 9
1753110353982 25.6 10
1753110364102 25.6 11
1753110374265 25.6 12
1753110384445 25.6 13
1753110394627 25.6 14
1753110404742 25.6 15
1753110414851 25.6 16
1753110425008 25.6 17
1753110435232 25.6 18
1753110445349 25.6 19
1753110455473 25.6 20
1753110465641 25.6 21
1753110475795 25.6 22
1753110485891 25.6 23
