1753110252166 0.0003879999999867323 0
1753110262334 0.039420000000006894 1
1753110272497 0.0608970000000113 2
1753110282676 0.11977400000000671 3
1753110292879 0.17179400000000555 4
1753110303131 0.2366440000000125 5
1753110313297 0.46199400000000423 6
1753110323413 0.5004940000000033 7
1753110333522 0.5709119999999928 8
1753110343819 0.6172970000000078 9
1753110353982 0.6784529999999904 10
1753110364102 0.7449799999999982 11
1753110374265 0.763071999999994 12
1753110384445 0.7959109999999896 13
1753110394627 0.8038689999999917 14
1753110404742 0.8499070000000017 15
1753110414851 0.9192329999999913 16
1753110425008 0.9797049999999956 17
1753110435232 1.005552999999992 18
1753110445349 1.029720999999995 19
1753110455473 1.0386410000000126 20
1753110465641 1.0598640000000046 21
1753110475795 1.1002909999999986 22
1753110485891 1.1863270000000057 23
