1753110252166 0.0051839999999856445 0
1753110262334 0.39307700000000523 1
1753110272497 0.4868799999999851 2
1753110282676 0.5333479999999895 3
1753110292879 0.6025730000000067 4
1753110303131 0.6495500000000334 5
1753110313297 3.5402839999999856 6
1753110323413 3.5966619999999807 7
1753110333522 3.7198159999999802 8
1753110343819 3.7830109999999877 9
1753110353982 3.8356110000000285 10
1753110364102 3.9153929999999946 11
1753110374265 3.9341570000000274 12
1753110384445 3.9715019999999868 13
1753110394627 3.9795780000000036 14
1753110404742 4.034695999999997 15
1753110414851 4.094873000000007 16
1753110425008 4.282579999999996 17
1753110435232 4.299031000000014 18
1753110445349 4.326570000000004 19
1753110455473 4.3383759999999825 20
1753110465641 4.360976999999991 21
1753110475795 4.400867000000005 22
1753110485891 4.4761609999999905 23
