1753110252166 28380.9 0
1753110262334 29001.9 1
1753110272497 29101.9 2
1753110282676 28861.8 3
1753110292879 28852.8 4
1753110303131 28880.8 5
1753110313297 28776.7 6
1753110323413 28319.8 7
1753110333522 28400.6 8
1753110343819 28506.9 9
1753110353982 27897.5 10
1753110364102 27797.5 11
1753110374265 27696.2 12
1753110384445 27755.0 13
1753110394627 27726.6 14
1753110404742 27726.9 15
1753110414851 27701.5 16
1753110425008 27818.9 17
1753110435232 28055.0 18
1753110445349 27884.0 19
1753110455473 27738.2 20
1753110465641 27906.0 21
1753110475795 27923.8 22
1753110485891 27831.8 23
