1753110252166 83.4 0
1753110262334 85.2 1
1753110272497 85.5 2
1753110282676 84.8 3
1753110292879 84.8 4
1753110303131 84.9 5
1753110313297 84.6 6
1753110323413 83.2 7
1753110333522 83.5 8
1753110343819 83.8 9
1753110353982 82.0 10
1753110364102 81.7 11
1753110374265 81.4 12
1753110384445 81.6 13
1753110394627 81.5 14
1753110404742 81.5 15
1753110414851 81.4 16
1753110425008 81.8 17
1753110435232 82.4 18
1753110445349 81.9 19
1753110455473 81.5 20
1753110465641 82.0 21
1753110475795 82.1 22
1753110485891 81.8 23
