1750863632940 0.03578877269472988 0
1750863641419 0.012025158364915182 1
1750863647058 0.04027506225322025 2
1750863656168 0.02912587134360925 3
1750863662768 0.03261907131459206 4
1750863670921 177.69952194964645 5
1750863675665 0.021886312186436364 6
1750863678680 0.026243905236844285 7
1750863682501 0.023498666445910237 8
1750863686854 0.023746632363020215 9
1750863698084 4.038941795988389 10
1750863702514 2994.637948387863 11
1750863718135 0.015709597495642023 12
1750863721117 0.022601701014025588 13
1750863724061 0.021295343333862182 14
1750863743219 0.014745939515411314 15
1750863766020 0.013675271666377026 16
1750863769191 0.023361658223611616 17
1750863773340 710.5750561174423 18
1750863776636 14.650233141346675 19
1750863782812 4.545682228456324 20
1750863786750 0.46019196197466794 21
1750863791481 235.48308619756205 22
1750863801219 0.020034667604718663 23
1750863803893 1.6144590697363665 24
1750863816321 0.0175220989868409 25
1750863819078 4.991866696934606 26
1750863831193 0.014633627232678945 27
1750863834273 0.024405806043912816 28
1750863839112 0.01982453104365155 29
1750863842910 0.02169318775908021 30
1750863849795 0.025477439851057295 31
1750863860841 0.026284636864817523 32
1750863864897 0.02191298885994088 33
1750863882762 214.32455415167857 34
1750863886558 0.023883371178884807 35
1750863891061 0.021704649095771723 36
1750863894754 0.020064952798778457 37
1750863898429 0.023565001162893416 38
1750863908902 0.7237573902536361 39
1750863912256 0.02307875620930864 40
1750863920385 0.02436855893460614 41
1750863924439 34.59940970199017 42
1750863935638 0.023427006789463047 43
1750863940298 0.020972886007266094 44
1750863943919 0.0254418462398913 45
1750863947387 0.024677784956742124 46
