1749841692538 0.0 0
1749841702625 0.16431299999999283 1
1749841712693 1.9387890000000425 2
1749841722756 2.440712000000076 3
1749841732845 2.9723539999999957 4
1749841742934 3.610753000000045 5
1749841752997 6.0567060000000765 6
1749841763057 7.478789000000006 7
1749841773537 8.542727000000014 8
1749841783623 14.386140000000069 9
1749841793708 18.926597000000015 10
1749841803808 24.609391000000073 11
1749841813916 24.758560000000102 12
1749841823989 24.845548000000008 13
1749841834078 24.938372000000072 14
