1749841692538 0.0 0
1749841702625 0.2687010000000214 1
1749841712693 1.0373119999999858 2
1749841722756 1.1754399999999805 3
1749841732845 1.457335999999998 4
1749841742934 1.7965249999999742 5
1749841752997 1.9467539999999985 6
1749841763057 2.241921999999988 7
1749841773537 2.465953000000013 8
1749841783623 2.5801720000000046 9
1749841793708 2.6592679999999973 10
1749841803808 3.022154999999998 11
1749841813916 3.2469689999999787 12
1749841823989 3.406708999999978 13
1749841834078 3.5033559999999966 14
