1752335892400 78.6 0
1752335902490 28.7 1
1752335912605 39.7 2
1752335922747 45.9 3
1752335932852 44.4 4
1752335943072 45.8 5
1752335953150 45.4 6
1752335963284 45.4 7
1752335973510 44.5 8
1752335983602 47.5 9
1752335993696 45.7 10
1752336003787 45.9 11
1752336013880 47.2 12
1752336024032 49.0 13
1752336034157 49.3 14
1752336044247 49.9 15
1752336054364 49.2 16
1752336064561 47.8 17
1752336074724 52.7 18
1752336084800 45.6 19
1752336094873 45.9 20
1752336104997 47.7 21
1752336115163 46.3 22
1752336125239 45.1 23
1752336135333 46.4 24
1752336145472 20.9 25
1752336155645 45.9 26
1752336165746 46.6 27
1752336175869 45.6 28
1752336185981 46.5 29
1752336196096 47.5 30
1752336206270 46.8 31
1752336216377 47.2 32
1752336226521 45.3 33
1752336236621 45.7 34
1752336246786 46.6 35
1752336256949 49.9 36
1752336267039 49.2 37
1752336277165 45.9 38
1752336287258 46.5 39
1752336297346 46.8 40
1752336307439 45.5 41
1752336317551 45.6 42
1752336327683 45.9 43
1752336337769 46.8 44
1752336347867 46.3 45
1752336358082 49.6 46
