1752335892400 25.6 0
1752335902490 25.6 1
1752335912605 25.6 2
1752335922747 25.6 3
1752335932852 25.6 4
1752335943072 25.6 5
1752335953150 25.6 6
1752335963284 25.6 7
1752335973510 25.6 8
1752335983602 25.6 9
1752335993696 25.6 10
1752336003787 25.6 11
1752336013880 25.6 12
1752336024032 25.6 13
1752336034157 25.6 14
1752336044247 25.6 15
1752336054364 25.6 16
1752336064561 25.6 17
1752336074724 25.6 18
1752336084800 25.6 19
1752336094873 25.6 20
1752336104997 25.6 21
1752336115163 25.6 22
1752336125239 25.6 23
1752336135333 25.6 24
1752336145472 25.6 25
1752336155645 25.6 26
1752336165746 25.6 27
1752336175869 25.6 28
1752336185981 25.6 29
1752336196096 25.6 30
1752336206270 25.6 31
1752336216377 25.6 32
1752336226521 25.6 33
1752336236621 25.6 34
1752336246786 25.6 35
1752336256949 25.6 36
1752336267039 25.6 37
1752336277165 25.6 38
1752336287258 25.6 39
1752336297346 25.6 40
1752336307439 25.6 41
1752336317551 25.6 42
1752336327683 25.6 43
1752336337769 25.6 44
1752336347867 25.6 45
1752336358082 25.6 46
