1752335892400 761892.9 0
1752335902490 761892.1 1
1752335912605 761892.1 2
1752335922747 761892.1 3
1752335932852 761892.1 4
1752335943072 761892.1 5
1752335953150 761891.6 6
1752335963284 761891.6 7
1752335973510 761891.6 8
1752335983602 761891.6 9
1752335993696 761891.6 10
1752336003787 761891.6 11
1752336013880 761891.5 12
1752336024032 761891.4 13
1752336034157 761891.2 14
1752336044247 761889.1 15
1752336054364 761889.0 16
1752336064561 761888.9 17
1752336074724 761888.9 18
1752336084800 761889.0 19
1752336094873 761889.0 20
1752336104997 761888.8 21
1752336115163 761888.9 22
1752336125239 761888.3 23
1752336135333 761888.3 24
1752336145472 761888.3 25
1752336155645 761888.3 26
1752336165746 761888.3 27
1752336175869 761888.3 28
1752336185981 761888.3 29
1752336196096 761888.2 30
1752336206270 761888.2 31
1752336216377 761888.2 32
1752336226521 761888.1 33
1752336236621 761888.2 34
1752336246786 761888.2 35
1752336256949 761888.2 36
1752336267039 761888.1 37
1752336277165 761889.8 38
1752336287258 761889.8 39
1752336297346 761889.8 40
1752336307439 761889.7 41
1752336317551 761889.7 42
1752336327683 761889.7 43
1752336337769 761889.7 44
1752336347867 761889.7 45
1752336358082 761889.4 46
