1752335892400 261500.7 0
1752335902490 261501.6 1
1752335912605 261501.5 2
1752335922747 261501.5 3
1752335932852 261501.6 4
1752335943072 261501.5 5
1752335953150 261502.0 6
1752335963284 261502.1 7
1752335973510 261502.0 8
1752335983602 261502.1 9
1752335993696 261502.0 10
1752336003787 261502.1 11
1752336013880 261502.1 12
1752336024032 261502.2 13
1752336034157 261502.4 14
1752336044247 261504.5 15
1752336054364 261504.6 16
1752336064561 261504.7 17
1752336074724 261504.7 18
1752336084800 261504.6 19
1752336094873 261504.6 20
1752336104997 261504.8 21
1752336115163 261504.8 22
1752336125239 261505.3 23
1752336135333 261505.3 24
1752336145472 261505.3 25
1752336155645 261505.3 26
1752336165746 261505.3 27
1752336175869 261505.3 28
1752336185981 261505.3 29
1752336196096 261505.4 30
1752336206270 261505.4 31
1752336216377 261505.4 32
1752336226521 261505.5 33
1752336236621 261505.4 34
1752336246786 261505.4 35
1752336256949 261505.4 36
1752336267039 261505.5 37
1752336277165 261503.8 38
1752336287258 261503.8 39
1752336297346 261503.8 40
1752336307439 261503.9 41
1752336317551 261503.9 42
1752336327683 261503.9 43
1752336337769 261503.9 44
1752336347867 261503.9 45
1752336358082 261504.3 46
