1752335892400 0.0014000000001033186 0
1752335902490 0.18199299999992036 1
1752335912605 0.2074529999999868 2
1752335922747 0.21503699999993842 3
1752335932852 0.22806100000002516 4
1752335943072 0.2615290000001096 5
1752335953150 0.27718499999991764 6
1752335963284 0.31575900000007096 7
1752335973510 0.39525000000003274 8
1752335983602 0.42483800000013616 9
1752335993696 0.4459360000000743 10
1752336003787 0.49007800000003954 11
1752336013880 0.5546540000000277 12
1752336024032 0.584280999999919 13
1752336034157 0.6242469999999685 14
1752336044247 0.6469569999999294 15
1752336054364 0.6834960000001047 16
1752336064561 0.8005120000000261 17
1752336074724 0.9179810000000543 18
1752336084800 0.9478610000001026 19
1752336094873 0.9563980000000356 20
1752336104997 0.9680109999999331 21
1752336115163 1.0651769999999487 22
1752336125239 1.2685140000000956 23
1752336135333 1.3395519999999124 24
1752336145472 1.38776299999995 25
1752336155645 1.4032090000000608 26
1752336165746 1.428098000000091 27
1752336175869 1.440659000000096 28
1752336185981 1.8647390000000996 29
1752336196096 1.9772100000000137 30
1752336206270 2.0033880000000863 31
1752336216377 2.0242490000000544 32
1752336226521 2.1365740000001097 33
1752336236621 2.1590759999999136 34
1752336246786 2.203674000000092 35
1752336256949 2.280040000000099 36
1752336267039 2.3370010000001002 37
1752336277165 2.3633839999999964 38
1752336287258 2.3694849999999406 39
1752336297346 2.3936479999999847 40
1752336307439 2.4099220000000514 41
1752336317551 2.506313999999975 42
1752336327683 2.52813900000001 43
1752336337769 2.5451089999999112 44
1752336347867 2.5591719999999896 45
1752336358082 2.6562880000001314 46
