1752335892400 0.0067729999999528445 0
1752335902490 0.7857449999999062 1
1752335912605 0.8047490000000153 2
1752335922747 0.8124819999999318 3
1752335932852 0.8236769999999751 4
1752335943072 0.8528329999999187 5
1752335953150 0.8833109999999351 6
1752335963284 0.9124679999999898 7
1752335973510 0.9586249999999836 8
1752335983602 0.9789509999999382 9
1752335993696 0.9981369999999288 10
1752336003787 1.030512999999928 11
1752336013880 1.103279999999927 12
1752336024032 1.1297559999999294 13
1752336034157 1.1693709999999555 14
1752336044247 1.2034079999999676 15
1752336054364 1.2427399999999125 16
1752336064561 1.3277709999999843 17
1752336074724 1.501233999999954 18
1752336084800 1.5244659999999612 19
1752336094873 1.5341949999999542 20
1752336104997 1.5442279999999755 21
1752336115163 1.6124179999999342 22
1752336125239 1.7455800000000181 23
1752336135333 1.8446519999999964 24
1752336145472 1.884939999999915 25
1752336155645 1.899501999999984 26
1752336165746 1.9190719999999146 27
1752336175869 1.9308750000000146 28
1752336185981 2.0847329999999147 29
1752336196096 2.1669160000000147 30
1752336206270 2.189167999999995 31
1752336216377 2.2107209999999213 32
1752336226521 2.237555999999927 33
1752336236621 2.2564800000000105 34
1752336246786 2.3074699999999666 35
1752336256949 2.4355399999999463 36
1752336267039 2.4931100000000015 37
1752336277165 2.5180219999999736 38
1752336287258 2.5239369999999326 39
1752336297346 2.552315999999905 40
1752336307439 2.562971999999945 41
1752336317551 2.6272010000000137 42
1752336327683 2.6534090000000106 43
1752336337769 2.666892999999959 44
1752336347867 2.6730819999999085 45
1752336358082 2.7621339999999464 46
