1752335892400 19352.9 0
1752335902490 19488.9 1
1752335912605 19289.4 2
1752335922747 19356.3 3
1752335932852 19625.8 4
1752335943072 19250.2 5
1752335953150 19370.2 6
1752335963284 19627.7 7
1752335973510 19233.0 8
1752335983602 19329.5 9
1752335993696 19255.2 10
1752336003787 18793.7 11
1752336013880 18888.0 12
1752336024032 19288.6 13
1752336034157 19053.7 14
1752336044247 19107.9 15
1752336054364 19074.6 16
1752336064561 19103.9 17
1752336074724 19252.4 18
1752336084800 19181.1 19
1752336094873 19418.0 20
1752336104997 18950.0 21
1752336115163 19005.0 22
1752336125239 19137.5 23
1752336135333 19419.7 24
1752336145472 19166.0 25
1752336155645 19277.4 26
1752336165746 19301.7 27
1752336175869 19418.5 28
1752336185981 19432.8 29
1752336196096 19412.3 30
1752336206270 19086.8 31
1752336216377 19150.8 32
1752336226521 19435.8 33
1752336236621 19040.2 34
1752336246786 19160.5 35
1752336256949 19787.6 36
1752336267039 19263.7 37
1752336277165 18964.7 38
1752336287258 19091.5 39
1752336297346 19170.5 40
1752336307439 19272.5 41
1752336317551 19300.3 42
1752336327683 19113.7 43
1752336337769 19244.7 44
1752336347867 19308.6 45
1752336358082 19528.0 46
