1752335892400 56.9 0
1752335902490 57.3 1
1752335912605 56.7 2
1752335922747 56.9 3
1752335932852 57.7 4
1752335943072 56.6 5
1752335953150 56.9 6
1752335963284 57.7 7
1752335973510 56.5 8
1752335983602 56.8 9
1752335993696 56.6 10
1752336003787 55.2 11
1752336013880 55.5 12
1752336024032 56.7 13
1752336034157 56.0 14
1752336044247 56.2 15
1752336054364 56.1 16
1752336064561 56.1 17
1752336074724 56.6 18
1752336084800 56.4 19
1752336094873 57.1 20
1752336104997 55.7 21
1752336115163 55.8 22
1752336125239 56.2 23
1752336135333 57.1 24
1752336145472 56.3 25
1752336155645 56.6 26
1752336165746 56.7 27
1752336175869 57.1 28
1752336185981 57.1 29
1752336196096 57.0 30
1752336206270 56.1 31
1752336216377 56.3 32
1752336226521 57.1 33
1752336236621 56.0 34
1752336246786 56.3 35
1752336256949 58.1 36
1752336267039 56.6 37
1752336277165 55.7 38
1752336287258 56.1 39
1752336297346 56.3 40
1752336307439 56.6 41
1752336317551 56.7 42
1752336327683 56.2 43
1752336337769 56.6 44
1752336347867 56.7 45
1752336358082 57.4 46
