1752190413321 0.016155326551182184 0
1752190466438 0.030375637153182776 1
1752190523825 0.04545363744222293 2
1752190547307 0.05741346333467039 3
1752190581417 0.07556347227623195 4
1752190611236 0.061466517095643616 5
1752190839429 0.048952322556000925 6
1752190848620 0.07379369674810571 7
1752190852531 0.06539298636074974 8
1752190884711 0.028972051194621918 9
1752190918557 0.034369129511938025 10
1752190947246 0.04263132953291525 11
1752190978285 0.06359680470503756 12
1752190981798 0.05105528709172781 13
1752191017664 0.0293152500909291 14
1752191052289 0.02873320739417937 15
1752191095138 0.03007523300634265 16
1752191124752 0.033389160463952655 17
1752191174434 0.022738984329987857 18
1752191299841 0.03206222696260697 19
1752191350698 0.024870139372839772 20
1752191375949 0.02262300998135516 21
1752191436852 0.026691620415046205 22
1752191477211 0.023578885544349462 23
1752191509757 0.031402400991649274 24
1752191554910 0.02488490335144112 25
1752191595123 0.035323617624655475 26
1752191636930 0.03252571791634979 27
1752191677158 0.02929659943710255 28
1752191847254 0.027462303194525656 29
1752191869992 0.029294877023383417 30
1752191896011 0.0360310817374841 31
1752192150173 0.02739449917264505 32
1752192173399 0.031116268804177446 33
1752192236532 0.03413897578685817 34
1752192265660 0.04127866115397571 35
1752192305154 0.0318003146041407 36
1752192346847 0.030655806520884055 37
1752192370168 0.031778704131429476 38
1752192413734 0.049603679348508116 39
1752192483770 0.03926982937804231 40
1752192548488 0.0731259573602516 41
1752192595251 0.03356767064318661 42
1752192638216 0.05025886312617456 43
1752192678228 0.05334590391171201 44
1752192709868 0.02020281664428809 45
1752192825169 0.024267752751409247 46
1752192881484 0.020429825198634007 47
1752192988040 0.040624275675009494 48
1752193369235 0.0062353072556818314 49
1752193480158 0.008047078933116594 50
1752193548505 0.006469480309741314 51
1752193579760 0.005349499741159485 52
1752193649390 0.010209432665539326 53
1752193721709 0.033069372118017915 54
1752193778770 0.010402169865419959 55
1752193854137 0.006003784099237453 56
1752193911892 0.005166291179014099 57
1752193953341 0.010248068464426222 58
1752193982912 0.02878883873947404 59
1752194041558 0.013912556425664196 60
