1750455882581 0.0 0
1750455892764 0.06387700000000152 1
1750455902868 0.12362500000000054 2
1750455912971 0.1960809999999995 3
1750455923071 0.34588899999999967 4
1750455933209 0.3885310000000004 5
1750455943369 0.4392889999999987 6
1750455953489 0.47026500000000127 7
1750455963617 0.4830520000000007 8
1750455973717 0.5068470000000005 9
1750455983833 0.5349150000000016 10
1750455993933 0.5784580000000012 11
1750456004055 0.5984380000000016 12
1750456014190 0.6308720000000001 13
1750456024290 0.6612280000000013 14
1750456034381 0.6699960000000011 15
1750456044505 0.6760729999999988 16
1750456055004 0.7210099999999997 17
