1750455882581 0.0 0
1750455892764 0.022466000000008535 1
1750455902868 0.12190400000000068 2
1750455912971 0.2926230000000061 3
1750455923071 0.3879480000000086 4
1750455933209 0.4181960000000089 5
1750455943369 0.45427100000000564 6
1750455953489 0.4805630000000036 7
1750455963617 0.4911080000000112 8
1750455973717 0.503138000000007 9
1750455983833 0.5320310000000035 10
1750455993933 0.5715630000000118 11
1750456004055 0.5945040000000006 12
1750456014190 0.6230070000000012 13
1750456024290 0.6555520000000001 14
1750456034381 0.6650029999999987 15
1750456044505 0.6707090000000022 16
1750456055004 0.7317480000000103 17
