1750648757088 0.0006342083035401752 0
1750648761292 0.00043095882295015404 1
1750648765178 0.0003808176905790539 2
1750648769615 0.00023747580808928167 3
1750648773937 0.0012619844446131734 4
1750648778999 0.0014051269908515733 5
1750648783097 0.001055984683633823 6
1750648787278 0.0011530767661293866 7
1750648791859 0.0038885905615065153 8
1750648796166 0.004267778083712545 9
1750648800662 0.010856137062271754 10
1750648805728 0.014514718171463282 11
1750648810102 0.009505526295357954 12
1750648816352 0.01078553014687363 13
1750648821856 0.028105508980497598 14
1750648826952 0.007468915293928976 15
1750648832082 0.033181812906924124 16
1750648836650 0.012034152151245626 17
1750648841433 0.003953774120370992 18
1750648845491 0.0011120241931137074 19
1750648849601 0.0010597569611032651 20
1750648853642 0.0009273186542690329 21
1750648857890 0.0009595018747392358 22
1750648861683 0.0006155785747290881 23
1750648865499 0.0005298134328283099 24
1750648869550 0.0005109893586864826 25
1750648873723 0.0005113097734970517 26
1750648877555 0.0005152373640432298 27
1750648881437 0.0005909168770483022 28
1750648885571 0.0006822989899133252 29
1750648889306 0.0006205735963049272 30
1750648893039 0.0006662458408815795 31
1750648896564 0.0006578827554489036 32
1750648900479 0.0007083552414966201 33
1750648907205 0.0005142109444961487 34
1750648911278 0.0005119566449319161 35
1750648915428 0.0004948850695703187 36
1750648919413 0.0005492685790515055 37
1750648923220 0.0004388941343833118 38
1750648927678 0.00030699534411771274 39
1750648931212 0.0002369862441839867 40
1750648935357 0.00016541378565104893 41
1750648939235 0.00014726502051918807 42
1750648942677 0.00012346799636137883 43
1750648948701 0.00020262068830997413 44
1750648960602 0.000213670827275804 45
1750648980551 0.00044086120985259897 46
1750648998742 0.0011546732612721024 47
1750649004916 0.00042710990203600747 48
1750649008774 0.00037928227068943483 49
1750649013482 0.0006190741875865556 50
1750649017807 0.0016709991032188387 51
