1752594126735 0.0 0
1752594136819 23.1 1
1752594147056 58.4 2
1752594157211 63.2 3
1752594167337 59.5 4
1752594177488 59.9 5
1752594187661 60.2 6
1752594197839 59.9 7
1752594208026 59.2 8
1752594218154 39.4 9
1752594228254 56.4 10
1752594238475 60.6 11
1752594248755 60.1 12
1752594258932 60.7 13
1752594269095 60.3 14
1752594279242 63.9 15
1752594289463 60.5 16
1752594299614 61.6 17
1752594309796 63.9 18
1752594319926 61.3 19
1752594330151 59.2 20
1752594340303 59.0 21
1752594350530 63.9 22
1752594360637 59.3 23
1752594370772 58.1 24
1752594380939 49.8 25
1752594391234 38.1 26
1752594401433 74.7 27
1752594411591 65.2 28
1752594421768 59.3 29
1752594431924 60.1 30
1752594442077 55.9 31
1752594452231 54.9 32
1752594462432 52.6 33
1752594472665 60.8 34
1752594482936 53.1 35
1752594493062 52.8 36
1752594503502 50.8 37
1752594513747 50.7 38
1752594523963 52.3 39
1752594534107 50.4 40
1752594544277 55.8 41
1752594554439 55.7 42
1752594564602 63.0 43
1752594574798 56.4 44
1752594584927 57.3 45
1752594595082 60.9 46
1752594605202 56.2 47
1752594615383 56.8 48
1752594625505 55.5 49
1752594635621 56.5 50
1752594645788 63.5 51
1752594656014 58.6 52
1752594666281 54.5 53
1752594676492 59.6 54
1752594686636 59.9 55
1752594696792 61.3 56
1752594706959 63.8 57
1752594717066 57.7 58
1752594727167 55.0 59
1752594737279 54.8 60
1752594747443 37.3 61
1752594757686 56.4 62
1752594767802 59.2 63
1752594777901 57.8 64
1752594788113 53.3 65
1752594798242 56.9 66
1752594808389 57.3 67
1752594818560 54.6 68
1752594828690 63.5 69
1752594838813 60.1 70
1752594848907 57.4 71
1752594859049 56.7 72
1752594869213 57.4 73
1752594879415 56.5 74
1752594889528 60.6 75
1752594899644 56.8 76
1752594909809 61.3 77
1752594919944 57.1 78
1752594930066 55.5 79
1752594940197 57.7 80
1752594950342 61.8 81
1752594960530 61.5 82
1752594970697 56.9 83
1752594980815 57.8 84
1752594991054 60.0 85
1752595001206 55.9 86
1752595011373 39.9 87
1752595021501 64.7 88
1752595031642 58.7 89
1752595041798 54.7 90
1752595051888 55.6 91
1752595062033 53.6 92
1752595072148 55.0 93
1752595082401 56.6 94
1752595092670 54.8 95
1752595102791 53.4 96
1752595112972 56.0 97
1752595123070 56.9 98
1752595133172 59.4 99
1752595143260 57.1 100
1752595153480 58.7 101
1752595163660 57.0 102
1752595173881 56.5 103
1752595183987 56.1 104
1752595194231 61.8 105
1752595204343 61.2 106
1752595214545 59.5 107
1752595224761 55.4 108
1752595234873 53.9 109
1752595245090 53.5 110
1752595255305 62.5 111
1752595265474 59.5 112
1752595275568 40.3 113
1752595285682 55.7 114
1752595295832 57.6 115
1752595305993 57.9 116
1752595316161 62.7 117
1752595326376 57.3 118
1752595336503 57.3 119
1752595346636 55.5 120
1752595356737 57.7 121
1752595366840 57.0 122
1752595376939 57.7 123
1752595387088 57.7 124
1752595397271 59.3 125
1752595407422 55.2 126
1752595417559 55.0 127
1752595427673 57.7 128
1752595437791 58.4 129
1752595447945 36.4 130
1752595458150 57.3 131
1752595468288 52.5 132
1752595478495 51.1 133
1752595488642 55.3 134
1752595498779 53.4 135
1752595508936 52.9 136
1752595519265 53.0 137
1752595529364 51.4 138
1752595539594 50.8 139
1752595549781 54.3 140
1752595559878 44.1 141
1752595570076 45.9 142
1752595580264 56.8 143
1752595590458 57.8 144
1752595600564 57.1 145
1752595610718 61.3 146
1752595620895 56.1 147
1752595631088 56.2 148
1752595641295 57.1 149
1752595651386 56.1 150
1752595661551 57.4 151
1752595671676 60.2 152
1752595681831 57.3 153
1752595692006 56.4 154
1752595702223 55.1 155
1752595712380 57.5 156
1752595722538 53.7 157
1752595732706 57.9 158
1752595742842 54.9 159
1752595753023 58.0 160
1752595763175 58.1 161
