1752594126735 763202.8 0
1752594136819 763201.9 1
1752594147056 763202.0 2
1752594157211 763201.7 3
1752594167337 763201.1 4
1752594177488 763201.3 5
1752594187661 763201.0 6
1752594197839 763201.3 7
1752594208026 763201.2 8
1752594218154 763201.0 9
1752594228254 763200.2 10
1752594238475 763199.9 11
1752594248755 763221.3 12
1752594258932 763221.0 13
1752594269095 763224.4 14
1752594279242 763224.1 15
1752594289463 763224.1 16
1752594299614 763223.4 17
1752594309796 763222.7 18
1752594319926 763218.7 19
1752594330151 763218.7 20
1752594340303 763218.6 21
1752594350530 763217.8 22
1752594360637 763217.8 23
1752594370772 763216.1 24
1752594380939 763216.4 25
1752594391234 763210.1 26
1752594401433 763194.5 27
1752594411591 763191.8 28
1752594421768 763469.2 29
1752594431924 763464.1 30
1752594442077 763462.9 31
1752594452231 763463.3 32
1752594462432 763463.0 33
1752594472665 763461.1 34
1752594482936 763459.6 35
1752594493062 763459.1 36
1752594503502 763461.3 37
1752594513747 763461.4 38
1752594523963 763461.2 39
1752594534107 763455.3 40
1752594544277 763455.2 41
1752594554439 763456.5 42
1752594564602 763452.4 43
1752594574798 763451.2 44
1752594584927 763451.1 45
1752594595082 763450.6 46
1752594605202 763453.4 47
1752594615383 763452.8 48
1752594625505 763452.2 49
1752594635621 763450.8 50
1752594645788 763450.9 51
1752594656014 763449.4 52
1752594666281 763449.2 53
1752594676492 763448.9 54
1752594686636 763450.6 55
1752594696792 763450.4 56
1752594706959 763450.4 57
1752594717066 763450.2 58
1752594727167 763450.2 59
1752594737279 763449.4 60
1752594747443 763449.4 61
1752594757686 763449.4 62
1752594767802 763449.0 63
1752594777901 763449.9 64
1752594788113 763449.9 65
1752594798242 763449.9 66
1752594808389 763449.8 67
1752594818560 763449.8 68
1752594828690 763447.8 69
1752594838813 763447.8 70
1752594848907 763447.6 71
1752594859049 763447.4 72
1752594869213 763447.2 73
1752594879415 763447.2 74
1752594889528 763446.8 75
1752594899644 763446.6 76
1752594909809 763446.8 77
1752594919944 763446.7 78
1752594930066 763444.1 79
1752594940197 763444.0 80
1752594950342 763444.0 81
1752594960530 763443.7 82
1752594970697 763443.7 83
1752594980815 763443.6 84
1752594991054 763443.6 85
1752595001206 763443.0 86
1752595011373 763442.6 87
1752595021501 763442.5 88
1752595031642 763442.5 89
1752595041798 763442.5 90
1752595051888 763442.5 91
1752595062033 763442.4 92
1752595072148 763442.1 93
1752595082401 763442.1 94
1752595092670 763441.9 95
1752595102791 763442.2 96
1752595112972 763442.1 97
1752595123070 763442.1 98
1752595133172 763440.8 99
1752595143260 763440.5 100
1752595153480 763436.2 101
1752595163660 763436.2 102
1752595173881 763436.2 103
1752595183987 763436.3 104
1752595194231 763438.8 105
1752595204343 763438.7 106
1752595214545 763438.7 107
1752595224761 763438.7 108
1752595234873 763438.6 109
1752595245090 763438.6 110
1752595255305 763436.0 111
1752595265474 763437.6 112
1752595275568 763437.2 113
1752595285682 763437.3 114
1752595295832 763437.2 115
1752595305993 763437.0 116
1752595316161 763436.8 117
1752595326376 763436.9 118
1752595336503 763436.6 119
1752595346636 763436.6 120
1752595356737 763436.6 121
1752595366840 763437.0 122
1752595376939 763436.8 123
1752595387088 763436.7 124
1752595397271 763436.7 125
1752595407422 763436.5 126
1752595417559 763434.2 127
1752595427673 763434.1 128
1752595437791 763434.0 129
1752595447945 763433.9 130
1752595458150 763433.7 131
1752595468288 763433.4 132
1752595478495 763433.5 133
1752595488642 763433.1 134
1752595498779 763433.0 135
1752595508936 763432.0 136
1752595519265 763432.0 137
1752595529364 763432.0 138
1752595539594 763432.3 139
1752595549781 763432.0 140
1752595559878 763431.6 141
1752595570076 763431.5 142
1752595580264 763431.5 143
1752595590458 763431.5 144
1752595600564 763431.5 145
1752595610718 763434.0 146
1752595620895 763433.4 147
1752595631088 763433.4 148
1752595641295 763433.0 149
1752595651386 763432.9 150
1752595661551 763432.7 151
1752595671676 763429.5 152
1752595681831 763426.9 153
1752595692006 763415.6 154
1752595702223 763406.6 155
1752595712380 763445.8 156
1752595722538 763435.6 157
1752595732706 763431.2 158
1752595742842 763431.2 159
1752595753023 763431.1 160
1752595763175 763431.1 161
