1752594126735 260190.8 0
1752594136819 260191.7 1
1752594147056 260191.6 2
1752594157211 260191.9 3
1752594167337 260192.5 4
1752594177488 260192.3 5
1752594187661 260192.7 6
1752594197839 260192.3 7
1752594208026 260192.5 8
1752594218154 260192.6 9
1752594228254 260193.5 10
1752594238475 260193.7 11
1752594248755 260172.3 12
1752594258932 260172.7 13
1752594269095 260169.2 14
1752594279242 260169.5 15
1752594289463 260169.6 16
1752594299614 260170.2 17
1752594309796 260170.9 18
1752594319926 260175.0 19
1752594330151 260175.0 20
1752594340303 260175.0 21
1752594350530 260175.8 22
1752594360637 260175.8 23
1752594370772 260177.5 24
1752594380939 260177.2 25
1752594391234 260183.5 26
1752594401433 260199.1 27
1752594411591 260201.8 28
1752594421768 259924.4 29
1752594431924 259929.5 30
1752594442077 259930.8 31
1752594452231 259930.3 32
1752594462432 259930.6 33
1752594472665 259932.5 34
1752594482936 259934.0 35
1752594493062 259934.5 36
1752594503502 259932.3 37
1752594513747 259932.2 38
1752594523963 259932.4 39
1752594534107 259938.3 40
1752594544277 259938.5 41
1752594554439 259937.2 42
1752594564602 259941.2 43
1752594574798 259942.5 44
1752594584927 259942.6 45
1752594595082 259943.0 46
1752594605202 259940.2 47
1752594615383 259940.9 48
1752594625505 259941.4 49
1752594635621 259942.8 50
1752594645788 259942.7 51
1752594656014 259944.2 52
1752594666281 259944.4 53
1752594676492 259944.7 54
1752594686636 259943.1 55
1752594696792 259943.3 56
1752594706959 259943.3 57
1752594717066 259943.4 58
1752594727167 259943.4 59
1752594737279 259944.3 60
1752594747443 259944.3 61
1752594757686 259944.2 62
1752594767802 259944.6 63
1752594777901 259943.7 64
1752594788113 259943.7 65
1752594798242 259943.7 66
1752594808389 259943.8 67
1752594818560 259943.8 68
1752594828690 259945.8 69
1752594838813 259945.8 70
1752594848907 259946.0 71
1752594859049 259946.3 72
1752594869213 259946.4 73
1752594879415 259946.4 74
1752594889528 259946.8 75
1752594899644 259947.0 76
1752594909809 259946.9 77
1752594919944 259947.0 78
1752594930066 259949.6 79
1752594940197 259949.6 80
1752594950342 259949.6 81
1752594960530 259949.9 82
1752594970697 259949.9 83
1752594980815 259950.1 84
1752594991054 259950.1 85
1752595001206 259950.6 86
1752595011373 259951.0 87
1752595021501 259951.1 88
1752595031642 259951.2 89
1752595041798 259951.2 90
1752595051888 259951.1 91
1752595062033 259951.2 92
1752595072148 259951.5 93
1752595082401 259951.6 94
1752595092670 259951.7 95
1752595102791 259951.4 96
1752595112972 259951.5 97
1752595123070 259951.5 98
1752595133172 259952.8 99
1752595143260 259953.1 100
1752595153480 259957.4 101
1752595163660 259957.4 102
1752595173881 259957.4 103
1752595183987 259957.4 104
1752595194231 259954.8 105
1752595204343 259954.9 106
1752595214545 259954.9 107
1752595224761 259955.0 108
1752595234873 259955.0 109
1752595245090 259955.0 110
1752595255305 259957.6 111
1752595265474 259956.1 112
1752595275568 259956.4 113
1752595285682 259956.3 114
1752595295832 259956.4 115
1752595305993 259956.6 116
1752595316161 259956.8 117
1752595326376 259956.7 118
1752595336503 259957.0 119
1752595346636 259957.0 120
1752595356737 259957.0 121
1752595366840 259956.7 122
1752595376939 259956.8 123
1752595387088 259956.9 124
1752595397271 259956.9 125
1752595407422 259957.1 126
1752595417559 259959.4 127
1752595427673 259959.5 128
1752595437791 259959.6 129
1752595447945 259959.7 130
1752595458150 259960.0 131
1752595468288 259960.2 132
1752595478495 259960.1 133
1752595488642 259960.5 134
1752595498779 259960.6 135
1752595508936 259961.7 136
1752595519265 259961.7 137
1752595529364 259961.7 138
1752595539594 259961.3 139
1752595549781 259961.6 140
1752595559878 259962.0 141
1752595570076 259962.1 142
1752595580264 259962.1 143
1752595590458 259962.1 144
1752595600564 259962.1 145
1752595610718 259959.7 146
1752595620895 259960.2 147
1752595631088 259960.2 148
1752595641295 259960.7 149
1752595651386 259960.7 150
1752595661551 259960.9 151
1752595671676 259964.1 152
1752595681831 259966.7 153
1752595692006 259978.0 154
1752595702223 259987.0 155
1752595712380 259947.8 156
1752595722538 259958.0 157
1752595732706 259962.4 158
1752595742842 259962.4 159
1752595753023 259962.5 160
1752595763175 259962.5 161
