1752594126735 25.4 0
1752594136819 25.4 1
1752594147056 25.4 2
1752594157211 25.4 3
1752594167337 25.4 4
1752594177488 25.4 5
1752594187661 25.4 6
1752594197839 25.4 7
1752594208026 25.4 8
1752594218154 25.4 9
1752594228254 25.4 10
1752594238475 25.4 11
1752594248755 25.4 12
1752594258932 25.4 13
1752594269095 25.4 14
1752594279242 25.4 15
1752594289463 25.4 16
1752594299614 25.4 17
1752594309796 25.4 18
1752594319926 25.4 19
1752594330151 25.4 20
1752594340303 25.4 21
1752594350530 25.4 22
1752594360637 25.4 23
1752594370772 25.4 24
1752594380939 25.4 25
1752594391234 25.4 26
1752594401433 25.4 27
1752594411591 25.4 28
1752594421768 25.4 29
1752594431924 25.4 30
1752594442077 25.4 31
1752594452231 25.4 32
1752594462432 25.4 33
1752594472665 25.4 34
1752594482936 25.4 35
1752594493062 25.4 36
1752594503502 25.4 37
1752594513747 25.4 38
1752594523963 25.4 39
1752594534107 25.4 40
1752594544277 25.4 41
1752594554439 25.4 42
1752594564602 25.4 43
1752594574798 25.4 44
1752594584927 25.4 45
1752594595082 25.4 46
1752594605202 25.4 47
1752594615383 25.4 48
1752594625505 25.4 49
1752594635621 25.4 50
1752594645788 25.4 51
1752594656014 25.4 52
1752594666281 25.4 53
1752594676492 25.4 54
1752594686636 25.4 55
1752594696792 25.4 56
1752594706959 25.4 57
1752594717066 25.4 58
1752594727167 25.4 59
1752594737279 25.4 60
1752594747443 25.4 61
1752594757686 25.4 62
1752594767802 25.4 63
1752594777901 25.4 64
1752594788113 25.4 65
1752594798242 25.4 66
1752594808389 25.4 67
1752594818560 25.4 68
1752594828690 25.4 69
1752594838813 25.4 70
1752594848907 25.4 71
1752594859049 25.4 72
1752594869213 25.4 73
1752594879415 25.4 74
1752594889528 25.4 75
1752594899644 25.4 76
1752594909809 25.4 77
1752594919944 25.4 78
1752594930066 25.4 79
1752594940197 25.4 80
1752594950342 25.4 81
1752594960530 25.4 82
1752594970697 25.4 83
1752594980815 25.4 84
1752594991054 25.4 85
1752595001206 25.4 86
1752595011373 25.4 87
1752595021501 25.4 88
1752595031642 25.4 89
1752595041798 25.4 90
1752595051888 25.4 91
1752595062033 25.4 92
1752595072148 25.4 93
1752595082401 25.4 94
1752595092670 25.4 95
1752595102791 25.4 96
1752595112972 25.4 97
1752595123070 25.4 98
1752595133172 25.4 99
1752595143260 25.4 100
1752595153480 25.4 101
1752595163660 25.4 102
1752595173881 25.4 103
1752595183987 25.4 104
1752595194231 25.4 105
1752595204343 25.4 106
1752595214545 25.4 107
1752595224761 25.4 108
1752595234873 25.4 109
1752595245090 25.4 110
1752595255305 25.4 111
1752595265474 25.4 112
1752595275568 25.4 113
1752595285682 25.4 114
1752595295832 25.4 115
1752595305993 25.4 116
1752595316161 25.4 117
1752595326376 25.4 118
1752595336503 25.4 119
1752595346636 25.4 120
1752595356737 25.4 121
1752595366840 25.4 122
1752595376939 25.4 123
1752595387088 25.4 124
1752595397271 25.4 125
1752595407422 25.4 126
1752595417559 25.4 127
1752595427673 25.4 128
1752595437791 25.4 129
1752595447945 25.4 130
1752595458150 25.4 131
1752595468288 25.4 132
1752595478495 25.4 133
1752595488642 25.4 134
1752595498779 25.4 135
1752595508936 25.4 136
1752595519265 25.4 137
1752595529364 25.4 138
1752595539594 25.4 139
1752595549781 25.4 140
1752595559878 25.4 141
1752595570076 25.4 142
1752595580264 25.4 143
1752595590458 25.4 144
1752595600564 25.4 145
1752595610718 25.4 146
1752595620895 25.4 147
1752595631088 25.4 148
1752595641295 25.4 149
1752595651386 25.4 150
1752595661551 25.4 151
1752595671676 25.4 152
1752595681831 25.4 153
1752595692006 25.4 154
1752595702223 25.4 155
1752595712380 25.4 156
1752595722538 25.4 157
1752595732706 25.4 158
1752595742842 25.4 159
1752595753023 25.4 160
1752595763175 25.4 161
