1752594126735 0.0 0
1752594136819 0.06412700000001337 1
1752594147056 0.07581800000001238 2
1752594157211 0.08231400000001088 3
1752594167337 0.6737350000000077 4
1752594177488 0.6831420000000037 5
1752594187661 0.9383310000000051 6
1752594197839 0.9576370000000054 7
1752594208026 1.1501190000000037 8
1752594218154 1.1608690000000053 9
1752594228254 1.4363700000000108 10
1752594238475 1.639802000000003 11
1752594248755 1.6459170000000114 12
1752594258932 1.847674000000012 13
1752594269095 1.8844070000000102 14
1752594279242 2.1548640000000034 15
1752594289463 2.4426750000000084 16
1752594299614 2.628957000000014 17
1752594309796 2.721631000000002 18
1752594319926 2.7428520000000134 19
1752594330151 2.7651830000000075 20
1752594340303 2.771983000000006 21
1752594350530 3.2567030000000017 22
1752594360637 3.3587990000000048 23
1752594370772 3.421846000000002 24
1752594380939 3.4433350000000047 25
1752594391234 3.6798020000000093 26
1752594401433 6.016181000000003 27
1752594411591 7.327524000000011 28
1752594421768 9.951287000000008 29
1752594431924 11.81352600000001 30
1752594442077 11.919060000000016 31
1752594452231 11.997766999999996 32
1752594462432 12.03134900000002 33
1752594472665 12.856668999999997 34
1752594482936 13.009708000000003 35
1752594493062 13.203469999999996 36
1752594503502 13.360481000000007 37
1752594513747 13.50824900000002 38
1752594523963 13.600887000000014 39
1752594534107 14.102679000000009 40
1752594544277 14.194766999999999 41
1752594554439 14.254136000000003 42
1752594564602 14.336435000000009 43
1752594574798 14.352285000000009 44
1752594584927 14.35782300000001 45
1752594595082 15.126681000000005 46
1752594605202 15.275320000000008 47
1752594615383 15.692314999999994 48
1752594625505 15.901488000000015 49
1752594635621 16.109786999999997 50
1752594645788 16.16542200000002 51
1752594656014 16.654579 52
1752594666281 16.776517 53
1752594676492 17.022927999999993 54
1752594686636 17.171070999999998 55
1752594696792 17.363595000000018 56
1752594706959 17.450469000000012 57
1752594717066 17.639076000000003 58
1752594727167 17.656397000000013 59
1752594737279 17.669297000000014 60
1752594747443 17.672512999999995 61
1752594757686 17.690044000000015 62
1752594767802 18.04867 63
1752594777901 18.51912400000002 64
1752594788113 18.530724000000006 65
1752594798242 18.54174000000002 66
1752594808389 18.58551200000001 67
1752594818560 18.605316000000002 68
1752594828690 19.229692000000014 69
1752594838813 19.291146000000012 70
1752594848907 19.576699000000005 71
1752594859049 19.59353 72
1752594869213 19.777943000000008 73
1752594879415 19.80391200000001 74
1752594889528 20.262578000000005 75
1752594899644 20.35560600000001 76
1752594909809 20.560457999999997 77
1752594919944 20.657300000000006 78
1752594930066 20.659806000000017 79
1752594940197 20.779984 80
1752594950342 21.08016400000001 81
1752594960530 21.320656 82
1752594970697 21.33384600000001 83
1752594980815 21.352144999999993 84
1752594991054 21.35795800000001 85
1752595001206 21.403892 86
1752595011373 21.92834900000001 87
1752595021501 22.073377000000008 88
1752595031642 22.157325999999998 89
1752595041798 22.181882000000016 90
1752595051888 22.211839000000012 91
1752595062033 22.230706000000012 92
1752595072148 22.729011 93
1752595082401 22.838764000000012 94
1752595092670 22.969593000000017 95
1752595102791 23.002960000000016 96
1752595112972 23.019974000000005 97
1752595123070 23.033081999999993 98
1752595133172 23.570903 99
1752595143260 23.676910000000007 100
1752595153480 23.772777000000005 101
1752595163660 23.785385000000005 102
1752595173881 23.803309 103
1752595183987 23.813944000000006 104
1752595194231 24.31646400000001 105
1752595204343 24.34999600000002 106
1752595214545 24.596556000000007 107
1752595224761 24.64284500000001 108
1752595234873 24.66345300000002 109
1752595245090 24.686234 110
1752595255305 25.708140999999998 111
1752595265474 25.714568 112
1752595275568 25.915474000000003 113
1752595285682 25.92948700000001 114
1752595295832 26.016731000000007 115
1752595305993 26.368572000000015 116
1752595316161 26.660614999999993 117
1752595326376 26.677957000000006 118
1752595336503 27.013796999999997 119
1752595346636 27.14590200000002 120
1752595356737 27.41191400000001 121
1752595366840 27.696871 122
1752595376939 27.979324000000005 123
1752595387088 28.05453200000001 124
1752595397271 28.13868700000002 125
1752595407422 28.159743000000006 126
1752595417559 28.172883 127
1752595427673 28.55107600000001 128
1752595437791 28.640479000000013 129
1752595447945 28.684493000000018 130
1752595458150 28.708708000000016 131
1752595468288 28.736269000000007 132
1752595478495 28.75188200000001 133
1752595488642 29.349858999999995 134
1752595498779 29.484634000000014 135
1752595508936 29.53431300000001 136
1752595519265 29.615503000000004 137
1752595529364 29.628248999999997 138
1752595539594 29.71685700000002 139
1752595549781 30.405984000000004 140
1752595559878 30.516085000000018 141
1752595570076 30.588666000000003 142
1752595580264 30.669708 143
1752595590458 30.69041700000001 144
1752595600564 30.720321999999996 145
1752595610718 31.029730000000015 146
1752595620895 31.047084999999996 147
1752595631088 31.109356000000005 148
1752595641295 31.130313000000015 149
1752595651386 31.254948999999996 150
1752595661551 31.321236000000013 151
1752595671676 31.939777000000007 152
1752595681831 32.039685000000006 153
1752595692006 32.390328 154
1752595702223 32.44988400000001 155
1752595712380 32.772116 156
1752595722538 32.781783000000004 157
1752595732706 33.054297000000005 158
1752595742842 33.09521400000001 159
1752595753023 33.435413 160
1752595763175 33.528442 161
