1752594126735 0.0 0
1752594136819 0.11907700000000432 1
1752594147056 0.1389159999999947 2
1752594157211 0.14753999999999223 3
1752594167337 0.36150100000000407 4
1752594177488 0.3834229999999934 5
1752594187661 0.545494000000005 6
1752594197839 0.5676440000000014 7
1752594208026 0.6772129999999947 8
1752594218154 0.6935989999999919 9
1752594228254 0.8834909999999923 10
1752594238475 1.0178209999999979 11
1752594248755 1.032662000000002 12
1752594258932 1.165621999999999 13
1752594269095 1.1949180000000013 14
1752594279242 1.4039899999999932 15
1752594289463 1.590880999999996 16
1752594299614 1.7114839999999987 17
1752594309796 1.762668000000005 18
1752594319926 1.779209999999992 19
1752594330151 1.799592000000004 20
1752594340303 1.8061579999999964 21
1752594350530 2.0807899999999933 22
1752594360637 2.153150999999994 23
1752594370772 2.213486000000003 24
1752594380939 2.2391329999999954 25
1752594391234 2.3579210000000046 26
1752594401433 3.1469749999999976 27
1752594411591 3.850572999999997 28
1752594421768 4.381934999999999 29
1752594431924 4.701268999999996 30
1752594442077 4.829052000000004 31
1752594452231 6.725768000000002 32
1752594462432 6.77243 33
1752594472665 7.214072999999999 34
1752594482936 7.299431999999996 35
1752594493062 7.425642999999994 36
1752594503502 7.646585000000002 37
1752594513747 7.805001000000004 38
1752594523963 7.887174000000002 39
1752594534107 8.307146000000003 40
1752594544277 8.385231000000005 41
1752594554439 8.440736999999999 42
1752594564602 8.574815999999998 43
1752594574798 8.601563999999996 44
1752594584927 8.607726999999997 45
1752594595082 8.787289999999999 46
1752594605202 10.190778999999992 47
1752594615383 10.333483999999999 48
1752594625505 10.483180000000004 49
1752594635621 10.621628999999999 50
1752594645788 10.726821000000001 51
1752594656014 11.034424999999999 52
1752594666281 11.133685 53
1752594676492 11.312284000000005 54
1752594686636 11.432543999999993 55
1752594696792 11.553168 56
1752594706959 11.707836999999998 57
1752594717066 11.827536999999992 58
1752594727167 11.843647000000004 59
1752594737279 11.854640000000003 60
1752594747443 11.861446 61
1752594757686 11.879853999999995 62
1752594767802 12.212174000000005 63
1752594777901 12.422546999999994 64
1752594788113 12.439418000000003 65
1752594798242 12.449319000000003 66
1752594808389 12.471810000000005 67
1752594818560 12.486923000000004 68
1752594828690 12.864246999999992 69
1752594838813 12.918714999999992 70
1752594848907 13.065498000000005 71
1752594859049 13.088637000000006 72
1752594869213 13.198554999999999 73
1752594879415 13.220476000000005 74
1752594889528 13.468503999999996 75
1752594899644 13.552344000000005 76
1752594909809 13.726379999999992 77
1752594919944 13.753567000000004 78
1752594930066 13.760726000000005 79
1752594940197 13.861352999999994 80
1752594950342 14.001846999999998 81
1752594960530 14.144299000000004 82
1752594970697 14.156008999999997 83
1752594980815 14.175032999999999 84
1752594991054 14.180379000000002 85
1752595001206 14.238834999999995 86
1752595011373 14.735884999999996 87
1752595021501 14.891324999999995 88
1752595031642 14.992210999999998 89
1752595041798 15.011139 90
1752595051888 15.040276000000006 91
1752595062033 15.052977999999996 92
1752595072148 15.272976 93
1752595082401 15.366241000000002 94
1752595092670 15.471624000000006 95
1752595102791 15.505139 96
1752595112972 15.516593 97
1752595123070 15.527668000000006 98
1752595133172 15.754167999999993 99
1752595143260 15.840988999999993 100
1752595153480 15.933677000000003 101
1752595163660 15.947757999999993 102
1752595173881 15.955547999999993 103
1752595183987 15.962303000000006 104
1752595194231 16.239835999999997 105
1752595204343 16.314323 106
1752595214545 16.379814999999994 107
1752595224761 16.522629999999992 108
1752595234873 16.540093 109
1752595245090 16.561662 110
1752595255305 16.876516999999993 111
1752595265474 16.889399999999995 112
1752595275568 16.987178999999998 113
1752595285682 17.000649999999993 114
1752595295832 17.115477 115
1752595305993 17.223578000000003 116
1752595316161 17.448202999999992 117
1752595326376 17.465945000000005 118
1752595336503 17.618206 119
1752595346636 17.733079000000004 120
1752595356737 17.842226999999994 121
1752595366840 18.032793999999996 122
1752595376939 18.152115999999992 123
1752595387088 18.219376999999994 124
1752595397271 18.329633 125
1752595407422 18.351929999999996 126
1752595417559 18.367216999999997 127
1752595427673 18.580956 128
1752595437791 18.653763999999995 129
1752595447945 18.699427999999997 130
1752595458150 18.737117999999995 131
1752595468288 18.762551000000002 132
1752595478495 18.773307000000003 133
1752595488642 19.050224999999998 134
1752595498779 19.163427999999996 135
1752595508936 19.217167000000003 136
1752595519265 19.236901000000003 137
1752595529364 19.251890000000003 138
1752595539594 19.311682000000005 139
1752595549781 19.60055 140
1752595559878 19.691698000000002 141
1752595570076 19.757256999999996 142
1752595580264 19.851366999999996 143
1752595590458 19.873560999999995 144
1752595600564 19.897847 145
1752595610718 20.121044999999995 146
1752595620895 20.138736999999992 147
1752595631088 20.232895 148
1752595641295 20.249453000000003 149
1752595651386 20.342223000000004 150
1752595661551 20.376801999999998 151
1752595671676 20.621837999999997 152
1752595681831 20.708367999999993 153
1752595692006 20.837458999999996 154
1752595702223 20.876088999999993 155
1752595712380 23.620164000000003 156
1752595722538 23.638694 157
1752595732706 23.821384999999992 158
1752595742842 23.865968999999993 159
1752595753023 24.028027999999992 160
1752595763175 24.125359000000003 161
