1752594126735 20925.5 0
1752594136819 21503.9 1
1752594147056 21545.0 2
1752594157211 21501.8 3
1752594167337 21367.6 4
1752594177488 21360.4 5
1752594187661 21371.3 6
1752594197839 21285.8 7
1752594208026 21178.2 8
1752594218154 21451.3 9
1752594228254 21515.1 10
1752594238475 21623.9 11
1752594248755 20836.7 12
1752594258932 20554.9 13
1752594269095 20632.1 14
1752594279242 20594.1 15
1752594289463 20606.4 16
1752594299614 20874.7 17
1752594309796 20973.0 18
1752594319926 21078.4 19
1752594330151 20973.7 20
1752594340303 20886.8 21
1752594350530 21020.4 22
1752594360637 20871.5 23
1752594370772 20784.1 24
1752594380939 20724.7 25
1752594391234 21121.9 26
1752594401433 21696.2 27
1752594411591 21846.9 28
1752594421768 21802.3 29
1752594431924 21756.4 30
1752594442077 21734.3 31
1752594452231 21676.7 32
1752594462432 21572.5 33
1752594472665 21825.4 34
1752594482936 21827.4 35
1752594493062 21708.6 36
1752594503502 21417.6 37
1752594513747 21468.1 38
1752594523963 21175.3 39
1752594534107 21235.7 40
1752594544277 21119.6 41
1752594554439 21217.0 42
1752594564602 21590.3 43
1752594574798 21248.6 44
1752594584927 21442.2 45
1752594595082 21730.9 46
1752594605202 21678.0 47
1752594615383 21638.7 48
1752594625505 21666.4 49
1752594635621 21787.4 50
1752594645788 21643.9 51
1752594656014 21727.7 52
1752594666281 21450.5 53
1752594676492 21237.5 54
1752594686636 21314.5 55
1752594696792 21423.2 56
1752594706959 21583.2 57
1752594717066 21239.0 58
1752594727167 21222.4 59
1752594737279 21226.6 60
1752594747443 21325.4 61
1752594757686 21323.5 62
1752594767802 21484.7 63
1752594777901 21510.0 64
1752594788113 21401.5 65
1752594798242 21440.8 66
1752594808389 21464.3 67
1752594818560 21446.9 68
1752594828690 21496.8 69
1752594838813 21441.2 70
1752594848907 21346.0 71
1752594859049 21463.0 72
1752594869213 21447.1 73
1752594879415 21429.7 74
1752594889528 21139.1 75
1752594899644 21136.5 76
1752594909809 20787.3 77
1752594919944 20770.8 78
1752594930066 20772.0 79
1752594940197 20728.8 80
1752594950342 20860.2 81
1752594960530 20855.1 82
1752594970697 20864.2 83
1752594980815 20856.4 84
1752594991054 21014.1 85
1752595001206 21142.1 86
1752595011373 21132.0 87
1752595021501 21102.4 88
1752595031642 21234.8 89
1752595041798 21131.8 90
1752595051888 21123.6 91
1752595062033 21208.2 92
1752595072148 21152.9 93
1752595082401 21209.7 94
1752595092670 21152.6 95
1752595102791 21178.7 96
1752595112972 21169.4 97
1752595123070 21161.4 98
1752595133172 21193.9 99
1752595143260 21222.3 100
1752595153480 21210.9 101
1752595163660 21202.3 102
1752595173881 21207.7 103
1752595183987 21224.8 104
1752595194231 21095.0 105
1752595204343 21250.8 106
1752595214545 21278.6 107
1752595224761 21132.8 108
1752595234873 21250.9 109
1752595245090 21126.6 110
1752595255305 21358.4 111
1752595265474 20843.9 112
1752595275568 21047.1 113
1752595285682 21055.4 114
1752595295832 20892.9 115
1752595305993 21064.2 116
1752595316161 21124.2 117
1752595326376 21086.2 118
1752595336503 21053.7 119
1752595346636 21040.7 120
1752595356737 21038.6 121
1752595366840 20909.8 122
1752595376939 21108.7 123
1752595387088 21100.9 124
1752595397271 21076.1 125
1752595407422 21077.8 126
1752595417559 20993.4 127
1752595427673 21034.5 128
1752595437791 20998.9 129
1752595447945 21184.7 130
1752595458150 21205.0 131
1752595468288 21247.0 132
1752595478495 21225.0 133
1752595488642 21187.4 134
1752595498779 21272.0 135
1752595508936 21196.3 136
1752595519265 21130.6 137
1752595529364 21128.9 138
1752595539594 21145.6 139
1752595549781 21195.1 140
1752595559878 21113.3 141
1752595570076 21378.0 142
1752595580264 21670.0 143
1752595590458 21269.0 144
1752595600564 21390.0 145
1752595610718 21334.2 146
1752595620895 21280.5 147
1752595631088 21278.7 148
1752595641295 21287.1 149
1752595651386 21269.8 150
1752595661551 21370.5 151
1752595671676 21418.5 152
1752595681831 21289.2 153
1752595692006 21425.6 154
1752595702223 21286.5 155
1752595712380 21336.5 156
1752595722538 21357.2 157
1752595732706 21268.6 158
1752595742842 21244.4 159
1752595753023 21281.5 160
1752595763175 21393.9 161
