1752594126735 61.5 0
1752594136819 63.2 1
1752594147056 63.3 2
1752594157211 63.2 3
1752594167337 62.8 4
1752594177488 62.8 5
1752594187661 62.8 6
1752594197839 62.6 7
1752594208026 62.2 8
1752594218154 63.0 9
1752594228254 63.2 10
1752594238475 63.5 11
1752594248755 61.2 12
1752594258932 60.4 13
1752594269095 60.6 14
1752594279242 60.5 15
1752594289463 60.6 16
1752594299614 61.3 17
1752594309796 61.6 18
1752594319926 61.9 19
1752594330151 61.6 20
1752594340303 61.4 21
1752594350530 61.8 22
1752594360637 61.3 23
1752594370772 61.1 24
1752594380939 60.9 25
1752594391234 62.1 26
1752594401433 63.8 27
1752594411591 64.2 28
1752594421768 64.1 29
1752594431924 63.9 30
1752594442077 63.9 31
1752594452231 63.7 32
1752594462432 63.4 33
1752594472665 64.1 34
1752594482936 64.1 35
1752594493062 63.8 36
1752594503502 62.9 37
1752594513747 63.1 38
1752594523963 62.2 39
1752594534107 62.4 40
1752594544277 62.1 41
1752594554439 62.3 42
1752594564602 63.4 43
1752594574798 62.4 44
1752594584927 63.0 45
1752594595082 63.9 46
1752594605202 63.7 47
1752594615383 63.6 48
1752594625505 63.7 49
1752594635621 64.0 50
1752594645788 63.6 51
1752594656014 63.9 52
1752594666281 63.0 53
1752594676492 62.4 54
1752594686636 62.6 55
1752594696792 63.0 56
1752594706959 63.4 57
1752594717066 62.4 58
1752594727167 62.4 59
1752594737279 62.4 60
1752594747443 62.7 61
1752594757686 62.7 62
1752594767802 63.1 63
1752594777901 63.2 64
1752594788113 62.9 65
1752594798242 63.0 66
1752594808389 63.1 67
1752594818560 63.0 68
1752594828690 63.2 69
1752594838813 63.0 70
1752594848907 62.7 71
1752594859049 63.1 72
1752594869213 63.0 73
1752594879415 63.0 74
1752594889528 62.1 75
1752594899644 62.1 76
1752594909809 61.1 77
1752594919944 61.0 78
1752594930066 61.0 79
1752594940197 60.9 80
1752594950342 61.3 81
1752594960530 61.3 82
1752594970697 61.3 83
1752594980815 61.3 84
1752594991054 61.8 85
1752595001206 62.1 86
1752595011373 62.1 87
1752595021501 62.0 88
1752595031642 62.4 89
1752595041798 62.1 90
1752595051888 62.1 91
1752595062033 62.3 92
1752595072148 62.2 93
1752595082401 62.3 94
1752595092670 62.2 95
1752595102791 62.2 96
1752595112972 62.2 97
1752595123070 62.2 98
1752595133172 62.3 99
1752595143260 62.4 100
1752595153480 62.3 101
1752595163660 62.3 102
1752595173881 62.3 103
1752595183987 62.4 104
1752595194231 62.0 105
1752595204343 62.4 106
1752595214545 62.5 107
1752595224761 62.1 108
1752595234873 62.4 109
1752595245090 62.1 110
1752595255305 62.8 111
1752595265474 61.3 112
1752595275568 61.9 113
1752595285682 61.9 114
1752595295832 61.4 115
1752595305993 61.9 116
1752595316161 62.1 117
1752595326376 62.0 118
1752595336503 61.9 119
1752595346636 61.8 120
1752595356737 61.8 121
1752595366840 61.4 122
1752595376939 62.0 123
1752595387088 62.0 124
1752595397271 61.9 125
1752595407422 61.9 126
1752595417559 61.7 127
1752595427673 61.8 128
1752595437791 61.7 129
1752595447945 62.3 130
1752595458150 62.3 131
1752595468288 62.4 132
1752595478495 62.4 133
1752595488642 62.3 134
1752595498779 62.5 135
1752595508936 62.3 136
1752595519265 62.1 137
1752595529364 62.1 138
1752595539594 62.1 139
1752595549781 62.3 140
1752595559878 62.0 141
1752595570076 62.8 142
1752595580264 63.7 143
1752595590458 62.5 144
1752595600564 62.9 145
1752595610718 62.7 146
1752595620895 62.5 147
1752595631088 62.5 148
1752595641295 62.6 149
1752595651386 62.5 150
1752595661551 62.8 151
1752595671676 62.9 152
1752595681831 62.6 153
1752595692006 63.0 154
1752595702223 62.6 155
1752595712380 62.7 156
1752595722538 62.8 157
1752595732706 62.5 158
1752595742842 62.4 159
1752595753023 62.5 160
1752595763175 62.9 161
