1749845921389 0.028124048890117857 0
1749845942164 0.024028752749709406 1
1749845948707 0.008642145570582245 2
1749845954550 0.012170863666820124 3
1749845967898 0.027423744552813958 4
1749845974266 0.008579882482435262 5
1749845979538 0.007382586454840068 6
1749845997737 0.019578499664422683 7
1749846002732 0.005525540534602991 8
1749846007452 0.004702291837302878 9
1749846012073 0.004967046248876453 10
1749846026930 2.4108598149378357 11
1749846031780 0.005866825266132166 12
1749846036968 0.005478491365950859 13
1749846042903 0.005154578081171471 14
1749846047313 0.0036965545068095747 15
1749846052357 0.0032845105603841727 16
1749846057094 0.0030071824499172794 17
1749846061435 0.0035034625700566422 18
1749846066207 0.003680212447281412 19
1749846071256 0.0035972106053288205 20
1749846077467 0.003092193229205402 21
1749846082362 0.0030047478445496185 22
1749846088125 0.0027214633270371998 23
1749846093007 0.0035019096428177414 24
1749846097005 0.004354865426793878 25
1749846103045 0.0036018814957867627 26
1749846108543 0.0035188451686714597 27
1749846114174 0.004034756632781678 28
1749846119490 0.0038341390307072894 29
1749846125169 0.0036991500065440405 30
1749846130546 0.004261241247481083 31
1749846136034 0.005183343809297105 32
1749846141485 0.00428695121003921 33
1749846146628 0.004232112389212626 34
1749846152083 0.004182606685834706 35
1749846158091 0.004735326137706258 36
1749846165272 0.003729508420652551 37
1749846170574 0.004177231948867335 38
1749846175816 0.0032364272234790712 39
1749846182483 0.004021895685345369 40
1749846187706 0.004782777673183044 41
1749846192867 0.0034438784772212443 42
1749846198910 0.0032272795853512362 43
1749846207103 0.0034190597587634604 44
1749846216449 0.003767758160616471 45
1749846225784 0.0038893446979799203 46
1749846235627 0.003946978067187733 47
1749846245491 0.00389633530840312 48
1749846254484 0.004160031841307222 49
1749846263111 0.004544578355813552 50
1749846271497 0.0058114044624492335 51
1749846281565 0.004137610410807168 52
1749846289665 0.004824994936792624 53
1749846298578 0.0073206965942596205 54
1749846308224 0.006759466770419676 55
1749846317639 0.004587401302898945 56
1749846326631 0.00524183294918004 57
1749846335334 0.006710231984212866 58
1749846343724 0.0058718374521703354 59
1749846352753 0.0070777190728367675 60
1749846361279 0.010175822287527607 61
1749846385379 16.325781800469766 62
1749846397082 1513.1127715023515 63
1749846402653 1333.017261017445 64
1749846419001 0.008901548336698633 65
1749846434935 0.015418180679618941 66
1749846441451 0.009280447634769293 67
1749846451051 0.0036200477770914397 68
1749846457049 0.012727097379649015 69
