1753109304184 0.0 0
1753109314367 38.0 1
1753109324562 57.8 2
1753109334847 61.4 3
1753109345103 61.5 4
1753109355278 67.8 5
1753109365480 47.9 6
1753109375850 42.1 7
1753109386228 46.9 8
1753109396522 40.8 9
1753109406700 38.3 10
1753109416880 37.7 11
1753109427020 39.7 12
1753109437362 40.6 13
1753109447751 41.9 14
1753109458197 40.1 15
1753109468507 45.7 16
1753109478827 33.6 17
1753109489118 41.5 18
1753109499241 34.5 19
1753109509381 42.2 20
1753109519888 41.3 21
1753109530133 45.6 22
1753109540290 34.4 23
1753109550433 42.9 24
1753109560656 35.0 25
1753109570959 42.1 26
1753109581158 49.3 27
1753109591313 33.6 28
1753109601471 41.3 29
1753109611670 33.6 30
1753109622292 32.9 31
