1753109304184 761267.4 0
1753109314367 761266.4 1
1753109324562 761266.2 2
1753109334847 761266.1 3
1753109345103 761266.0 4
1753109355278 761265.9 5
1753109365480 761265.9 6
1753109375850 761265.9 7
1753109386228 761265.1 8
1753109396522 761265.0 9
1753109406700 761264.9 10
1753109416880 761265.2 11
1753109427020 761265.1 12
1753109437362 761265.1 13
1753109447751 761265.1 14
1753109458197 761265.0 15
1753109468507 761265.2 16
1753109478827 761265.1 17
1753109489118 761265.0 18
1753109499241 761265.0 19
1753109509381 761264.7 20
1753109519888 761264.9 21
1753109530133 761264.9 22
1753109540290 761264.8 23
1753109550433 761264.8 24
1753109560656 761264.8 25
1753109570959 761264.8 26
1753109581158 761264.6 27
1753109591313 761264.8 28
1753109601471 761264.6 29
1753109611670 761264.7 30
1753109622292 761264.4 31
