1753109304184 25.6 0
1753109314367 25.6 1
1753109324562 25.6 2
1753109334847 25.6 3
1753109345103 25.6 4
1753109355278 25.6 5
1753109365480 25.6 6
1753109375850 25.6 7
1753109386228 25.6 8
1753109396522 25.6 9
1753109406700 25.6 10
1753109416880 25.6 11
1753109427020 25.6 12
1753109437362 25.6 13
1753109447751 25.6 14
1753109458197 25.6 15
1753109468507 25.6 16
1753109478827 25.6 17
1753109489118 25.6 18
1753109499241 25.6 19
1753109509381 25.6 20
1753109519888 25.6 21
1753109530133 25.6 22
1753109540290 25.6 23
1753109550433 25.6 24
1753109560656 25.6 25
1753109570959 25.6 26
1753109581158 25.6 27
1753109591313 25.6 28
1753109601471 25.6 29
1753109611670 25.6 30
1753109622292 25.6 31
