1753109304184 262126.2 0
1753109314367 262127.2 1
1753109324562 262127.5 2
1753109334847 262127.5 3
1753109345103 262127.6 4
1753109355278 262127.8 5
1753109365480 262127.8 6
1753109375850 262127.8 7
1753109386228 262128.5 8
1753109396522 262128.6 9
1753109406700 262128.7 10
1753109416880 262128.4 11
1753109427020 262128.5 12
1753109437362 262128.5 13
1753109447751 262128.5 14
1753109458197 262128.6 15
1753109468507 262128.5 16
1753109478827 262128.5 17
1753109489118 262128.6 18
1753109499241 262128.6 19
1753109509381 262128.9 20
1753109519888 262128.8 21
1753109530133 262128.8 22
1753109540290 262128.8 23
1753109550433 262128.8 24
1753109560656 262128.8 25
1753109570959 262128.8 26
1753109581158 262129.0 27
1753109591313 262128.8 28
1753109601471 262129.0 29
1753109611670 262128.9 30
1753109622292 262129.2 31
