1753109304184 0.0 0
1753109314367 0.11029999999999518 1
1753109324562 0.1989149999999995 2
1753109334847 0.3646180000000072 3
1753109345103 0.4802050000000122 4
1753109355278 0.6406880000000115 5
1753109365480 1.1375500000000045 6
1753109375850 1.169637999999992 7
1753109386228 1.3033029999999997 8
1753109396522 2.0472019999999986 9
1753109406700 2.763644999999997 10
1753109416880 2.7986390000000085 11
1753109427020 2.8562919999999963 12
1753109437362 2.9352619999999945 13
1753109447751 2.981595999999996 14
1753109458197 3.094060000000013 15
1753109468507 3.1697670000000073 16
1753109478827 3.251848999999993 17
1753109489118 3.3394380000000012 18
1753109499241 3.450940000000003 19
1753109509381 3.5849919999999997 20
1753109519888 3.831464000000011 21
1753109530133 3.9328219999999874 22
1753109540290 3.9995480000000043 23
1753109550433 4.035125999999991 24
1753109560656 4.071908000000008 25
1753109570959 4.159085000000005 26
1753109581158 4.306055000000015 27
1753109591313 4.374229000000014 28
1753109601471 4.450311999999997 29
1753109611670 4.49584999999999 30
1753109622292 4.569288999999998 31
