1753109304184 0.0 0
1753109314367 0.3840759999999932 1
1753109324562 1.014597000000009 2
1753109334847 1.5341710000000148 3
1753109345103 1.9980040000000088 4
1753109355278 2.5225480000000005 5
1753109365480 3.001800000000003 6
1753109375850 3.3889939999999967 7
1753109386228 3.8927189999999996 8
1753109396522 4.3789560000000165 9
1753109406700 4.819015000000007 10
1753109416880 5.21056999999999 11
1753109427020 5.630590000000012 12
1753109437362 6.046244999999999 13
1753109447751 6.444626999999997 14
1753109458197 6.880291000000028 15
1753109468507 7.333782000000014 16
1753109478827 7.811199000000016 17
1753109489118 8.235985999999997 18
1753109499241 8.675893000000002 19
1753109509381 9.833330000000018 20
1753109519888 10.488968000000028 21
1753109530133 10.972973999999994 22
1753109540290 11.371469000000019 23
1753109550433 11.759332 24
1753109560656 12.140834000000012 25
1753109570959 12.590249 26
1753109581158 13.06979099999998 27
1753109591313 13.508965000000018 28
1753109601471 13.919396999999975 29
1753109611670 14.323572999999982 30
1753109622292 14.73061199999998 31
