1753109304184 29290.1 0
1753109314367 29876.8 1
1753109324562 29867.0 2
1753109334847 30062.3 3
1753109345103 29900.4 4
1753109355278 29975.2 5
1753109365480 29977.0 6
1753109375850 29941.8 7
1753109386228 29958.2 8
1753109396522 29886.2 9
1753109406700 29080.7 10
1753109416880 29225.3 11
1753109427020 29121.9 12
1753109437362 28840.1 13
1753109447751 28785.1 14
1753109458197 29082.4 15
1753109468507 28654.7 16
1753109478827 28711.2 17
1753109489118 28711.2 18
1753109499241 28810.4 19
1753109509381 28766.6 20
1753109519888 28726.8 21
1753109530133 28530.3 22
1753109540290 28674.8 23
1753109550433 28676.6 24
1753109560656 28492.6 25
1753109570959 28679.0 26
1753109581158 28695.4 27
1753109591313 28768.8 28
1753109601471 28776.6 29
1753109611670 28696.1 30
1753109622292 28923.2 31
