1753109304184 86.1 0
1753109314367 87.8 1
1753109324562 87.8 2
1753109334847 88.3 3
1753109345103 87.9 4
1753109355278 88.1 5
1753109365480 88.1 6
1753109375850 88.0 7
1753109386228 88.0 8
1753109396522 87.8 9
1753109406700 85.5 10
1753109416880 85.9 11
1753109427020 85.6 12
1753109437362 84.8 13
1753109447751 84.6 14
1753109458197 85.5 15
1753109468507 84.2 16
1753109478827 84.4 17
1753109489118 84.4 18
1753109499241 84.7 19
1753109509381 84.5 20
1753109519888 84.4 21
1753109530133 83.8 22
1753109540290 84.3 23
1753109550433 84.3 24
1753109560656 83.7 25
1753109570959 84.3 26
1753109581158 84.3 27
1753109591313 84.5 28
1753109601471 84.6 29
1753109611670 84.3 30
1753109622292 85.0 31
