1752290281303 0.0 0
1752290291429 0.08457199999998011 1
1752290301528 0.08986000000004424 2
1752290311636 0.12022200000001249 3
1752290321728 0.14057200000002013 4
1752290331839 0.17475100000001476 5
1752290341968 0.244295999999963 6
1752290352059 0.28242899999997917 7
1752290362166 0.3042639999999892 8
1752290372258 0.3302760000000262 9
1752290382408 0.3871430000000373 10
1752290392519 0.538426999999956 11
1752290402608 0.8471610000000283 12
1752290412766 1.104331000000002 13
1752290422905 1.1709469999999556 14
1752290433008 1.212931000000026 15
1752290443117 1.2365899999999783 16
1752290453442 1.2830249999999523 17
