1752290281303 0.0 0
1752290291429 0.07586900000001151 1
1752290301528 0.08369399999992311 2
1752290311636 0.10766199999989112 3
1752290321728 0.13100499999995918 4
1752290331839 0.16996099999983016 5
1752290341968 0.24318099999982223 6
1752290352059 0.27158699999995406 7
1752290362166 0.2919679999999971 8
1752290372258 0.3247689999998329 9
1752290382408 0.40988999999990483 10
1752290392519 0.7232219999998506 11
1752290402608 1.3388739999998052 12
1752290412766 2.482514999999921 13
1752290422905 2.5320130000000063 14
1752290433008 2.573940999999877 15
1752290443117 2.610548999999992 16
1752290453442 2.6672790000000077 17
