1752242013889 0.0 0
1752242023996 18.4 1
1752242034114 29.8 2
1752242044304 47.5 3
1752242054447 44.2 4
1752242064613 57.6 5
1752242074794 48.4 6
1752242084894 41.3 7
1752242095003 36.1 8
1752242105202 31.9 9
1752242115327 39.1 10
1752242125415 44.4 11
1752242135533 48.4 12
1752242145688 41.2 13
1752242155791 41.4 14
1752242166032 45.9 15
1752242176180 51.6 16
1752242186283 28.8 17
1752242196372 42.3 18
1752242206548 40.0 19
1752242216779 37.8 20
1752242226938 36.9 21
1752242237052 41.4 22
1752242247170 42.9 23
1752242257320 48.8 24
1752242269355 46.5 25
1752242281911 21.0 26
1752242293000 19.0 27
1752242304335 18.3 28
1752242314989 18.6 29
1752242325855 17.1 30
1752242336652 16.1 31
1752242347370 20.3 32
1752242358315 17.5 33
1752242370228 18.0 34
1752242381668 17.4 35
1752242393417 18.7 36
1752242404318 16.6 37
1752242415003 15.8 38
1752242425471 15.7 39
1752242436231 20.8 40
1752242447429 17.6 41
1752242458175 20.2 42
1752242468941 19.2 43
1752242480113 17.7 44
1752242490599 18.6 45
1752242501243 19.3 46
1752242511618 16.6 47
1752242521816 15.9 48
1752242532082 13.5 49
1752242542274 20.5 50
1752242552483 52.8 51
1752242562595 43.3 52
1752242572781 40.7 53
1752242583020 46.9 54
1752242593137 43.9 55
1752242603402 42.3 56
1752242613536 43.3 57
1752242623691 43.2 58
1752242633880 47.4 59
1752242643999 43.5 60
1752242654127 41.9 61
1752242664301 44.1 62
1752242674492 46.9 63
1752242684669 44.2 64
1752242694852 44.7 65
1752242704991 38.7 66
1752242715150 39.7 67
1752242725418 52.1 68
1752242735531 54.5 69
1752242745700 36.6 70
1752242755889 31.8 71
1752242766003 44.9 72
1752242776110 44.0 73
1752242786296 45.7 74
1752242796440 44.8 75
1752242806568 46.2 76
1752242816720 51.0 77
1752242826828 45.6 78
1752242836965 51.7 79
1752242847192 44.1 80
1752242857320 46.2 81
1752242867527 47.3 82
1752242877689 71.1 83
1752242888091 54.2 84
1752242898323 56.5 85
1752242908553 68.5 86
1752242918911 73.0 87
1752242929191 76.0 88
1752242939393 57.9 89
1752242949595 71.8 90
1752242959810 69.4 91
1752242970028 70.0 92
1752242980230 73.6 93
1752242990395 70.8 94
1752243000528 68.2 95
1752243010783 71.0 96
1752243020937 47.6 97
1752243031106 40.4 98
1752243041234 32.8 99
1752243051406 19.6 100
1752243061523 37.9 101
1752243071679 39.5 102
1752243081810 38.6 103
1752243092016 41.4 104
1752243102114 40.7 105
1752243112258 41.4 106
1752243122483 38.9 107
1752243132643 38.8 108
1752243142748 38.0 109
1752243152844 36.5 110
1752243163000 15.5 111
1752243173148 33.7 112
1752243183276 39.8 113
1752243193399 38.3 114
1752243203559 38.6 115
1752243213711 38.1 116
1752243223848 39.2 117
1752243234111 37.3 118
1752243244192 39.0 119
1752243254337 37.4 120
1752243264408 37.8 121
1752243274504 40.1 122
1752243284669 38.2 123
1752243294817 42.8 124
1752243305319 34.4 125
1752243315589 12.0 126
