1752242013889 762761.7 0
1752242023996 762760.6 1
1752242034114 762760.5 2
1752242044304 762759.9 3
1752242054447 762760.0 4
1752242064613 762760.0 5
1752242074794 762760.0 6
1752242084894 762761.6 7
1752242095003 762762.6 8
1752242105202 762762.5 9
1752242115327 762762.4 10
1752242125415 762762.4 11
1752242135533 762762.3 12
1752242145688 762762.8 13
1752242155791 762762.7 14
1752242166032 762762.5 15
1752242176180 762762.7 16
1752242186283 762763.0 17
1752242196372 762762.8 18
1752242206548 762762.8 19
1752242216779 762762.7 20
1752242226938 762762.0 21
1752242237052 762761.9 22
1752242247170 762759.7 23
1752242257320 762759.2 24
1752242269355 762759.1 25
1752242281911 762758.8 26
1752242293000 762755.7 27
1752242304335 762755.8 28
1752242314989 762755.6 29
1752242325855 762755.4 30
1752242336652 762755.2 31
1752242347370 762755.2 32
1752242358315 762755.3 33
1752242370228 762754.0 34
1752242381668 762753.6 35
1752242393417 762751.8 36
1752242404318 762752.7 37
1752242415003 762752.8 38
1752242425471 762752.5 39
1752242436231 762753.2 40
1752242447429 762752.8 41
1752242458175 762752.5 42
1752242468941 762752.5 43
1752242480113 762752.3 44
1752242490599 762752.2 45
1752242501243 762754.4 46
1752242511618 762754.2 47
1752242521816 762753.9 48
1752242532082 762753.7 49
1752242542274 762753.5 50
1752242552483 762753.5 51
1752242562595 762753.4 52
1752242572781 762753.2 53
1752242583020 762753.0 54
1752242593137 762752.8 55
1752242603402 762752.7 56
1752242613536 762752.5 57
1752242623691 762752.7 58
1752242633880 762752.5 59
1752242643999 762752.3 60
1752242654127 762752.0 61
1752242664301 762750.7 62
1752242674492 762750.6 63
1752242684669 762750.8 64
1752242694852 762750.6 65
1752242704991 762749.8 66
1752242715150 762749.7 67
1752242725418 762748.9 68
1752242735531 762742.9 69
1752242745700 762740.7 70
1752242755889 762740.3 71
1752242766003 762738.8 72
1752242776110 762737.9 73
1752242786296 762736.8 74
1752242796440 762736.8 75
1752242806568 762736.8 76
1752242816720 762736.8 77
1752242826828 762736.8 78
1752242836965 762736.8 79
1752242847192 762736.7 80
1752242857320 762736.6 81
1752242867527 762736.2 82
1752242877689 762736.3 83
1752242888091 762736.3 84
1752242898323 762736.3 85
1752242908553 762736.3 86
1752242918911 762736.3 87
1752242929191 762735.8 88
1752242939393 762735.9 89
1752242949595 762735.9 90
1752242959810 762735.9 91
1752242970028 762735.6 92
1752242980230 762735.7 93
1752242990395 762735.7 94
1752243000528 762735.7 95
1752243010783 762735.7 96
1752243020937 762735.2 97
1752243031106 762734.0 98
1752243041234 762733.9 99
1752243051406 762734.0 100
1752243061523 762734.0 101
1752243071679 762734.0 102
1752243081810 762733.9 103
1752243092016 762733.9 104
1752243102114 762733.4 105
1752243112258 762733.4 106
1752243122483 762733.4 107
1752243132643 762733.4 108
1752243142748 762733.3 109
1752243152844 762733.3 110
1752243163000 762733.2 111
1752243173148 762733.3 112
1752243183276 762733.1 113
1752243193399 762733.2 114
1752243203559 762733.2 115
1752243213711 762733.3 116
1752243223848 762733.3 117
1752243234111 762733.3 118
1752243244192 762733.3 119
1752243254337 762733.3 120
1752243264408 762733.3 121
1752243274504 762733.4 122
1752243284669 762733.2 123
1752243294817 762733.2 124
1752243305319 762733.1 125
1752243315589 762733.1 126
