1752242013889 25.5 0
1752242023996 25.5 1
1752242034114 25.5 2
1752242044304 25.5 3
1752242054447 25.5 4
1752242064613 25.5 5
1752242074794 25.5 6
1752242084894 25.5 7
1752242095003 25.5 8
1752242105202 25.5 9
1752242115327 25.5 10
1752242125415 25.5 11
1752242135533 25.5 12
1752242145688 25.5 13
1752242155791 25.5 14
1752242166032 25.5 15
1752242176180 25.5 16
1752242186283 25.5 17
1752242196372 25.5 18
1752242206548 25.5 19
1752242216779 25.5 20
1752242226938 25.5 21
1752242237052 25.5 22
1752242247170 25.5 23
1752242257320 25.5 24
1752242269355 25.5 25
1752242281911 25.5 26
1752242293000 25.5 27
1752242304335 25.5 28
1752242314989 25.5 29
1752242325855 25.5 30
1752242336652 25.5 31
1752242347370 25.5 32
1752242358315 25.5 33
1752242370228 25.5 34
1752242381668 25.5 35
1752242393417 25.5 36
1752242404318 25.5 37
1752242415003 25.5 38
1752242425471 25.5 39
1752242436231 25.5 40
1752242447429 25.5 41
1752242458175 25.5 42
1752242468941 25.5 43
1752242480113 25.5 44
1752242490599 25.5 45
1752242501243 25.5 46
1752242511618 25.5 47
1752242521816 25.5 48
1752242532082 25.5 49
1752242542274 25.5 50
1752242552483 25.5 51
1752242562595 25.5 52
1752242572781 25.5 53
1752242583020 25.5 54
1752242593137 25.5 55
1752242603402 25.5 56
1752242613536 25.5 57
1752242623691 25.5 58
1752242633880 25.5 59
1752242643999 25.5 60
1752242654127 25.5 61
1752242664301 25.5 62
1752242674492 25.5 63
1752242684669 25.5 64
1752242694852 25.5 65
1752242704991 25.5 66
1752242715150 25.5 67
1752242725418 25.5 68
1752242735531 25.5 69
1752242745700 25.5 70
1752242755889 25.5 71
1752242766003 25.5 72
1752242776110 25.5 73
1752242786296 25.5 74
1752242796440 25.5 75
1752242806568 25.5 76
1752242816720 25.5 77
1752242826828 25.5 78
1752242836965 25.5 79
1752242847192 25.5 80
1752242857320 25.5 81
1752242867527 25.5 82
1752242877689 25.5 83
1752242888091 25.5 84
1752242898323 25.5 85
1752242908553 25.5 86
1752242918911 25.5 87
1752242929191 25.5 88
1752242939393 25.5 89
1752242949595 25.5 90
1752242959810 25.5 91
1752242970028 25.5 92
1752242980230 25.5 93
1752242990395 25.5 94
1752243000528 25.5 95
1752243010783 25.5 96
1752243020937 25.5 97
1752243031106 25.5 98
1752243041234 25.5 99
1752243051406 25.5 100
1752243061523 25.5 101
1752243071679 25.5 102
1752243081810 25.5 103
1752243092016 25.5 104
1752243102114 25.5 105
1752243112258 25.5 106
1752243122483 25.5 107
1752243132643 25.5 108
1752243142748 25.5 109
1752243152844 25.5 110
1752243163000 25.5 111
1752243173148 25.5 112
1752243183276 25.5 113
1752243193399 25.5 114
1752243203559 25.5 115
1752243213711 25.5 116
1752243223848 25.5 117
1752243234111 25.5 118
1752243244192 25.5 119
1752243254337 25.5 120
1752243264408 25.5 121
1752243274504 25.5 122
1752243284669 25.5 123
1752243294817 25.5 124
1752243305319 25.5 125
1752243315589 25.5 126
