1752242013889 260631.9 0
1752242023996 260633.0 1
1752242034114 260633.1 2
1752242044304 260633.7 3
1752242054447 260633.7 4
1752242064613 260633.7 5
1752242074794 260633.7 6
1752242084894 260632.1 7
1752242095003 260631.0 8
1752242105202 260631.1 9
1752242115327 260631.2 10
1752242125415 260631.3 11
1752242135533 260631.3 12
1752242145688 260630.8 13
1752242155791 260630.9 14
1752242166032 260631.1 15
1752242176180 260631.0 16
1752242186283 260630.6 17
1752242196372 260630.8 18
1752242206548 260630.8 19
1752242216779 260630.9 20
1752242226938 260631.6 21
1752242237052 260631.8 22
1752242247170 260633.9 23
1752242257320 260634.4 24
1752242269355 260634.5 25
1752242281911 260634.8 26
1752242293000 260637.9 27
1752242304335 260637.8 28
1752242314989 260638.0 29
1752242325855 260638.2 30
1752242336652 260638.4 31
1752242347370 260638.5 32
1752242358315 260638.3 33
1752242370228 260639.6 34
1752242381668 260640.0 35
1752242393417 260641.8 36
1752242404318 260640.9 37
1752242415003 260640.9 38
1752242425471 260641.1 39
1752242436231 260640.4 40
1752242447429 260640.9 41
1752242458175 260641.1 42
1752242468941 260641.1 43
1752242480113 260641.3 44
1752242490599 260641.4 45
1752242501243 260639.2 46
1752242511618 260639.4 47
1752242521816 260639.7 48
1752242532082 260639.9 49
1752242542274 260640.1 50
1752242552483 260640.1 51
1752242562595 260640.2 52
1752242572781 260640.4 53
1752242583020 260640.7 54
1752242593137 260640.8 55
1752242603402 260641.0 56
1752242613536 260641.1 57
1752242623691 260640.9 58
1752242633880 260641.1 59
1752242643999 260641.3 60
1752242654127 260641.7 61
1752242664301 260642.9 62
1752242674492 260643.1 63
1752242684669 260642.9 64
1752242694852 260643.1 65
1752242704991 260643.8 66
1752242715150 260643.9 67
1752242725418 260644.7 68
1752242735531 260650.7 69
1752242745700 260653.0 70
1752242755889 260653.3 71
1752242766003 260654.8 72
1752242776110 260655.8 73
1752242786296 260656.8 74
1752242796440 260656.8 75
1752242806568 260656.8 76
1752242816720 260656.9 77
1752242826828 260656.9 78
1752242836965 260656.8 79
1752242847192 260656.9 80
1752242857320 260657.0 81
1752242867527 260657.4 82
1752242877689 260657.3 83
1752242888091 260657.3 84
1752242898323 260657.3 85
1752242908553 260657.3 86
1752242918911 260657.3 87
1752242929191 260657.9 88
1752242939393 260657.7 89
1752242949595 260657.7 90
1752242959810 260657.7 91
1752242970028 260658.1 92
1752242980230 260657.9 93
1752242990395 260657.9 94
1752243000528 260657.9 95
1752243010783 260657.9 96
1752243020937 260658.4 97
1752243031106 260659.6 98
1752243041234 260659.7 99
1752243051406 260659.6 100
1752243061523 260659.7 101
1752243071679 260659.6 102
1752243081810 260659.7 103
1752243092016 260659.7 104
1752243102114 260660.2 105
1752243112258 260660.2 106
1752243122483 260660.2 107
1752243132643 260660.2 108
1752243142748 260660.3 109
1752243152844 260660.3 110
1752243163000 260660.4 111
1752243173148 260660.3 112
1752243183276 260660.5 113
1752243193399 260660.4 114
1752243203559 260660.4 115
1752243213711 260660.4 116
1752243223848 260660.4 117
1752243234111 260660.4 118
1752243244192 260660.4 119
1752243254337 260660.4 120
1752243264408 260660.4 121
1752243274504 260660.2 122
1752243284669 260660.4 123
1752243294817 260660.4 124
1752243305319 260660.5 125
1752243315589 260660.5 126
