1752242013889 0.002694000000019514 0
1752242023996 0.04773499999998876 1
1752242034114 0.08863900000000058 2
1752242044304 0.10567099999997254 3
1752242054447 0.11106799999998884 4
1752242064613 0.13395100000002458 5
1752242074794 0.14115900000001602 6
1752242084894 0.16616900000002488 7
1752242095003 0.21843999999998687 8
1752242105202 0.26683300000001964 9
1752242115327 0.27403800000001866 10
1752242125415 0.2949909999999818 11
1752242135533 0.32009299999998575 12
1752242145688 0.4078559999999811 13
1752242155791 0.45149400000002515 14
1752242166032 0.5041089999999713 15
1752242176180 1.077633999999989 16
1752242186283 1.9879439999999704 17
1752242196372 2.7471480000000383 18
1752242206548 2.929773999999952 19
1752242216779 3.0190730000000485 20
1752242226938 3.0465030000000297 21
1752242237052 3.119138000000021 22
1752242247170 3.2791859999999815 23
1752242257320 3.690421000000015 24
1752242269355 4.117859999999951 25
1752242281911 4.551143000000025 26
1752242293000 4.9592629999999644 27
1752242304335 5.414170000000013 28
1752242314989 5.983292000000006 29
1752242325855 6.346078000000034 30
1752242336652 6.768628000000035 31
1752242347370 7.309308999999985 32
1752242358315 7.708250000000021 33
1752242370228 8.461581000000024 34
1752242381668 9.257781000000023 35
1752242393417 9.64515700000004 36
1752242404318 10.088828000000035 37
1752242415003 10.549771999999962 38
1752242425471 10.692885000000047 39
1752242436231 10.874007000000006 40
1752242447429 11.437468999999965 41
1752242458175 17.55228299999999 42
1752242468941 17.648087000000032 43
1752242480113 18.19387400000005 44
1752242490599 18.591283999999973 45
1752242501243 19.17783799999995 46
1752242511618 19.590418 47
1752242521816 20.132726000000048 48
1752242532082 20.652882999999974 49
1752242542274 21.094115999999985 50
1752242552483 21.55242599999997 51
1752242562595 21.970146999999997 52
1752242572781 22.395686999999953 53
1752242583020 22.931838999999968 54
1752242593137 23.270668999999998 55
1752242603402 23.69016099999999 56
1752242613536 23.804527000000007 57
1752242623691 24.279150999999956 58
1752242633880 24.864270000000033 59
1752242643999 25.28794700000003 60
1752242654127 25.690038999999956 61
1752242664301 26.106889000000024 62
1752242674492 26.500561999999945 63
1752242684669 26.849094000000036 64
1752242694852 26.962090999999987 65
1752242704991 27.387950000000046 66
1752242715150 27.42483900000002 67
1752242725418 27.522242000000006 68
1752242735531 27.631387000000018 69
1752242745700 27.788520999999946 70
1752242755889 27.97726799999998 71
1752242766003 28.155799000000002 72
1752242776110 28.240223000000015 73
1752242786296 28.345541000000026 74
1752242796440 28.51209300000005 75
1752242806568 28.534959999999955 76
1752242816720 28.646034999999983 77
1752242826828 28.684289000000035 78
1752242836965 28.957202000000052 79
1752242847192 29.057432999999946 80
1752242857320 29.084293000000002 81
1752242867527 29.099354999999946 82
1752242877689 29.132457000000045 83
1752242888091 29.143854000000033 84
1752242898323 29.153138000000013 85
1752242908553 29.179092999999966 86
1752242918911 29.217295000000036 87
1752242929191 29.269375999999966 88
1752242939393 29.36656400000004 89
1752242949595 29.396749999999997 90
1752242959810 29.40500899999995 91
1752242970028 29.43423800000005 92
1752242980230 29.46498299999996 93
1752242990395 29.469767000000047 94
1752243000528 29.549953999999957 95
1752243010783 29.576279 96
1752243020937 29.643309000000045 97
1752243031106 29.652575999999954 98
1752243041234 29.65917300000001 99
1752243051406 29.75459699999999 100
1752243061523 29.818288000000052 101
1752243071679 29.834588000000053 102
1752243081810 29.877561000000014 103
1752243092016 29.90862500000003 104
1752243102114 30.05588499999999 105
1752243112258 30.12597500000004 106
1752243122483 30.180088999999953 107
1752243132643 30.194440999999983 108
1752243142748 30.203754000000004 109
1752243152844 30.22737099999995 110
1752243163000 30.251525000000015 111
1752243173148 30.302073999999948 112
1752243183276 30.389836999999943 113
1752243193399 30.42058499999996 114
1752243203559 30.427287999999976 115
1752243213711 30.448323999999957 116
1752243223848 30.455835999999977 117
1752243234111 30.464674999999943 118
1752243244192 30.481970000000047 119
1752243254337 30.497379000000024 120
1752243264408 30.50540799999999 121
1752243274504 30.526020000000017 122
1752243284669 30.548569000000043 123
1752243294817 30.581252999999947 124
1752243305319 30.695527999999968 125
1752243315589 30.74297200000001 126
