1752242013889 0.01670000000000016 0
1752242023996 0.27375699999999625 1
1752242034114 0.35258299999999565 2
1752242044304 0.37735499999999433 3
1752242054447 0.386415999999997 4
1752242064613 0.435217999999999 5
1752242074794 0.4459719999999976 6
1752242084894 0.48506099999999464 7
1752242095003 0.5318469999999991 8
1752242105202 0.5646470000000008 9
1752242115327 0.5717339999999993 10
1752242125415 0.6053019999999947 11
1752242135533 0.6420249999999967 12
1752242145688 0.6848819999999947 13
1752242155791 0.7231539999999939 14
1752242166032 0.7796589999999952 15
1752242176180 1.441599999999994 16
1752242186283 2.7952009999999987 17
1752242196372 3.1148159999999976 18
1752242206548 3.216606999999996 19
1752242216779 3.316789 20
1752242226938 3.3423429999999996 21
1752242237052 3.4066139999999976 22
1752242247170 3.6833779999999976 23
1752242257320 3.824473999999995 24
1752242269355 3.947524999999999 25
1752242281911 4.072874999999996 26
1752242293000 4.150326999999997 27
1752242304335 4.249480999999996 28
1752242314989 4.2976659999999995 29
1752242325855 4.323418999999994 30
1752242336652 4.397493999999995 31
1752242347370 4.464675999999997 32
1752242358315 4.521583999999997 33
1752242370228 4.775772999999994 34
1752242381668 5.206316999999991 35
1752242393417 5.801043 36
1752242404318 6.006391000000001 37
1752242415003 6.145947 38
1752242425471 6.188219999999994 39
1752242436231 6.733703999999996 40
1752242447429 6.870878999999995 41
1752242458175 14.18704499999999 42
1752242468941 14.218678000000004 43
1752242480113 14.284646000000002 44
1752242490599 14.366167999999995 45
1752242501243 14.744334000000002 46
1752242511618 14.803876999999993 47
1752242521816 14.872976999999999 48
1752242532082 14.919719999999991 49
1752242542274 15.050949999999993 50
1752242552483 15.245128999999999 51
1752242562595 15.310409999999997 52
1752242572781 15.423567999999996 53
1752242583020 15.675774999999994 54
1752242593137 15.793591 55
1752242603402 15.844744999999996 56
1752242613536 15.975106000000004 57
1752242623691 16.41397299999999 58
1752242633880 17.010781 59
1752242643999 17.108404999999998 60
1752242654127 17.234884 61
1752242664301 17.296619999999997 62
1752242674492 17.375117999999993 63
1752242684669 17.493164999999998 64
1752242694852 17.789585999999993 65
1752242704991 17.87006999999999 66
1752242715150 17.901856000000002 67
1752242725418 18.239057999999993 68
1752242735531 18.930919999999993 69
1752242745700 20.16903899999999 70
1752242755889 21.583325999999992 71
1752242766003 22.744050999999992 72
1752242776110 23.287305999999994 73
1752242786296 23.923296 74
1752242796440 24.071929000000004 75
1752242806568 24.09239999999999 76
1752242816720 24.939114999999994 77
1752242826828 24.989265999999994 78
1752242836965 25.080032999999993 79
1752242847192 25.227162999999997 80
1752242857320 25.25575299999999 81
1752242867527 25.268053000000002 82
1752242877689 25.348209000000004 83
1752242888091 25.355560000000004 84
1752242898323 25.359182999999994 85
1752242908553 25.382557999999996 86
1752242918911 25.423793999999994 87
1752242929191 25.48814699999999 88
1752242939393 25.583333000000003 89
1752242949595 25.614944 90
1752242959810 25.633334999999995 91
1752242970028 25.662722999999993 92
1752242980230 25.688465 93
1752242990395 25.691150999999998 94
1752243000528 25.77048 95
1752243010783 25.800806 96
1752243020937 25.855072999999997 97
1752243031106 25.874352999999992 98
1752243041234 25.877529000000003 99
1752243051406 25.930912999999997 100
1752243061523 25.990931999999994 101
1752243071679 26.004018999999992 102
1752243081810 26.022296000000004 103
1752243092016 26.037826000000003 104
1752243102114 26.078579999999995 105
1752243112258 26.139255 106
1752243122483 26.210666999999994 107
1752243132643 26.236552999999994 108
1752243142748 26.24962899999999 109
1752243152844 26.267244999999996 110
1752243163000 26.284597999999995 111
1752243173148 26.326947999999994 112
1752243183276 26.440565999999997 113
1752243193399 26.477370999999998 114
1752243203559 26.482370999999993 115
1752243213711 26.498472 116
1752243223848 26.505215999999997 117
1752243234111 26.509352 118
1752243244192 26.530730999999996 119
1752243254337 26.54654 120
1752243264408 26.55243699999999 121
1752243274504 26.569027999999996 122
1752243284669 26.588188999999993 123
1752243294817 26.635427999999997 124
1752243305319 26.748467999999995 125
1752243315589 26.81613699999999 126
