1752242013889 17787.7 0
1752242023996 18258.9 1
1752242034114 18786.9 2
1752242044304 18864.6 3
1752242054447 18488.2 4
1752242064613 18745.3 5
1752242074794 18735.5 6
1752242084894 18726.7 7
1752242095003 18458.7 8
1752242105202 18608.9 9
1752242115327 18316.4 10
1752242125415 18764.6 11
1752242135533 18741.0 12
1752242145688 18403.9 13
1752242155791 18397.2 14
1752242166032 18607.8 15
1752242176180 19065.1 16
1752242186283 19049.2 17
1752242196372 18759.6 18
1752242206548 19041.7 19
1752242216779 18800.2 20
1752242226938 18708.5 21
1752242237052 18529.5 22
1752242247170 18519.0 23
1752242257320 18982.8 24
1752242269355 18683.1 25
1752242281911 18997.4 26
1752242293000 18913.7 27
1752242304335 19021.6 28
1752242314989 18804.4 29
1752242325855 18944.5 30
1752242336652 18972.5 31
1752242347370 18934.1 32
1752242358315 18961.4 33
1752242370228 18758.8 34
1752242381668 18790.4 35
1752242393417 19032.4 36
1752242404318 18862.4 37
1752242415003 18850.0 38
1752242425471 18728.0 39
1752242436231 18809.3 40
1752242447429 18638.1 41
1752242458175 18755.5 42
1752242468941 18725.2 43
1752242480113 18861.4 44
1752242490599 18568.4 45
1752242501243 18635.3 46
1752242511618 18773.9 47
1752242521816 18405.8 48
1752242532082 18445.5 49
1752242542274 18862.2 50
1752242552483 18975.6 51
1752242562595 18825.4 52
1752242572781 19040.3 53
1752242583020 18818.5 54
1752242593137 18834.8 55
1752242603402 18821.0 56
1752242613536 18966.8 57
1752242623691 19003.9 58
1752242633880 19091.4 59
1752242643999 19039.9 60
1752242654127 18930.6 61
1752242664301 18826.3 62
1752242674492 18270.9 63
1752242684669 18385.0 64
1752242694852 18413.3 65
1752242704991 18431.7 66
1752242715150 18178.7 67
1752242725418 18724.2 68
1752242735531 18897.0 69
1752242745700 18639.4 70
1752242755889 18829.1 71
1752242766003 18885.0 72
1752242776110 18696.5 73
1752242786296 18361.8 74
1752242796440 18406.4 75
1752242806568 18499.2 76
1752242816720 19181.1 77
1752242826828 18833.1 78
1752242836965 18968.3 79
1752242847192 18577.6 80
1752242857320 18772.0 81
1752242867527 19025.5 82
1752242877689 19081.8 83
1752242888091 18827.0 84
1752242898323 19048.0 85
1752242908553 19013.8 86
1752242918911 19047.8 87
1752242929191 19138.9 88
1752242939393 18833.1 89
1752242949595 18977.9 90
1752242959810 19020.2 91
1752242970028 18921.1 92
1752242980230 18702.8 93
1752242990395 18714.1 94
1752243000528 18720.4 95
1752243010783 18789.7 96
1752243020937 18697.4 97
1752243031106 18002.8 98
1752243041234 17733.4 99
1752243051406 18184.3 100
1752243061523 18051.1 101
1752243071679 18379.4 102
1752243081810 18089.2 103
1752243092016 17967.6 104
1752243102114 18054.8 105
1752243112258 18233.8 106
1752243122483 18166.5 107
1752243132643 18130.0 108
1752243142748 18227.5 109
1752243152844 18452.6 110
1752243163000 18029.4 111
1752243173148 18330.3 112
1752243183276 18354.6 113
1752243193399 18388.5 114
1752243203559 18469.7 115
1752243213711 18363.4 116
1752243223848 18479.0 117
1752243234111 18350.0 118
1752243244192 18453.3 119
1752243254337 18237.8 120
1752243264408 18371.8 121
1752243274504 18601.8 122
1752243284669 18281.0 123
1752243294817 18254.1 124
1752243305319 17961.2 125
1752243315589 18060.9 126
