1752242013889 52.3 0
1752242023996 53.7 1
1752242034114 55.2 2
1752242044304 55.4 3
1752242054447 54.3 4
1752242064613 55.1 5
1752242074794 55.1 6
1752242084894 55.0 7
1752242095003 54.2 8
1752242105202 54.7 9
1752242115327 53.8 10
1752242125415 55.1 11
1752242135533 55.1 12
1752242145688 54.1 13
1752242155791 54.1 14
1752242166032 54.7 15
1752242176180 56.0 16
1752242186283 56.0 17
1752242196372 55.1 18
1752242206548 56.0 19
1752242216779 55.2 20
1752242226938 55.0 21
1752242237052 54.5 22
1752242247170 54.4 23
1752242257320 55.8 24
1752242269355 54.9 25
1752242281911 55.8 26
1752242293000 55.6 27
1752242304335 55.9 28
1752242314989 55.3 29
1752242325855 55.7 30
1752242336652 55.8 31
1752242347370 55.6 32
1752242358315 55.7 33
1752242370228 55.1 34
1752242381668 55.2 35
1752242393417 55.9 36
1752242404318 55.4 37
1752242415003 55.4 38
1752242425471 55.0 39
1752242436231 55.3 40
1752242447429 54.8 41
1752242458175 55.1 42
1752242468941 55.0 43
1752242480113 55.4 44
1752242490599 54.6 45
1752242501243 54.8 46
1752242511618 55.2 47
1752242521816 54.1 48
1752242532082 54.2 49
1752242542274 55.4 50
1752242552483 55.8 51
1752242562595 55.3 52
1752242572781 56.0 53
1752242583020 55.3 54
1752242593137 55.3 55
1752242603402 55.3 56
1752242613536 55.7 57
1752242623691 55.8 58
1752242633880 56.1 59
1752242643999 56.0 60
1752242654127 55.6 61
1752242664301 55.3 62
1752242674492 53.7 63
1752242684669 54.0 64
1752242694852 54.1 65
1752242704991 54.2 66
1752242715150 53.4 67
1752242725418 55.0 68
1752242735531 55.5 69
1752242745700 54.8 70
1752242755889 55.3 71
1752242766003 55.5 72
1752242776110 54.9 73
1752242786296 54.0 74
1752242796440 54.1 75
1752242806568 54.4 76
1752242816720 56.4 77
1752242826828 55.3 78
1752242836965 55.7 79
1752242847192 54.6 80
1752242857320 55.2 81
1752242867527 55.9 82
1752242877689 56.1 83
1752242888091 55.3 84
1752242898323 56.0 85
1752242908553 55.9 86
1752242918911 56.0 87
1752242929191 56.2 88
1752242939393 55.3 89
1752242949595 55.8 90
1752242959810 55.9 91
1752242970028 55.6 92
1752242980230 55.0 93
1752242990395 55.0 94
1752243000528 55.0 95
1752243010783 55.2 96
1752243020937 54.9 97
1752243031106 52.9 98
1752243041234 52.1 99
1752243051406 53.4 100
1752243061523 53.0 101
1752243071679 54.0 102
1752243081810 53.2 103
1752243092016 52.8 104
1752243102114 53.1 105
1752243112258 53.6 106
1752243122483 53.4 107
1752243132643 53.3 108
1752243142748 53.6 109
1752243152844 54.2 110
1752243163000 53.0 111
1752243173148 53.9 112
1752243183276 53.9 113
1752243193399 54.0 114
1752243203559 54.3 115
1752243213711 54.0 116
1752243223848 54.3 117
1752243234111 53.9 118
1752243244192 54.2 119
1752243254337 53.6 120
1752243264408 54.0 121
1752243274504 54.7 122
1752243284669 53.7 123
1752243294817 53.6 124
1752243305319 52.8 125
1752243315589 53.1 126
