1750693458947 0.003277690355777704 0
1750693472858 0.0010618276037110527 1
1750693489891 0.0018010011997342946 2
1750693507884 0.003458437105822017 3
1750693521647 0.003410986749890359 4
1750693534113 0.003039972925430438 5
1750693559207 0.004685745129045246 6
1750693572325 0.013660128845595143 7
1750693584265 0.01831662222053206 8
1750693601463 0.017585241766713142 9
1750693616923 0.015432253970773127 10
1750693644379 0.029654925470497563 11
1750693664850 0.03365573025457414 12
1750693680399 0.010029288846961993 13
1750693690024 0.0015733804730606923 14
1750693701301 0.0011216900557194415 15
1750693708855 0.0007695946867699898 16
1750693719822 0.0008055511679502369 17
1750693734323 0.0005725899859837843 18
1750693741471 0.0008058567034555946 19
1750693748810 0.000681975458417762 20
1750693756044 0.0008746450481966951 21
1750693763220 0.0008450152369650522 22
1750693769786 0.0009057972478694595 23
1750693778512 0.0006548170841896895 24
