1750860676503 0.0 0
1750860686595 30.8 1
1750860696688 38.3 2
1750860706791 33.3 3
1750860716933 40.3 4
1750860727005 37.4 5
1750860737104 33.3 6
1750860747226 24.6 7
1750860757338 35.6 8
1750860767440 35.6 9
1750860777523 36.8 10
1750860787606 17.2 11
1750860797718 33.7 12
1750860807857 37.5 13
1750860817939 35.3 14
1750860828001 33.1 15
1750860838079 26.2 16
1750860848188 36.3 17
1750860858290 40.0 18
1750860868401 27.4 19
1750860878496 30.5 20
1750860888613 39.5 21
1750860898713 44.4 22
1750860908810 42.5 23
1750860918913 32.3 24
1750860928998 37.5 25
1750860939297 23.5 26
1750860949669 16.4 27
1750860959816 12.8 28
