1750860676503 764244.4 0
1750860686595 764242.9 1
1750860696688 764244.0 2
1750860706791 764245.6 3
1750860716933 764250.7 4
1750860727005 764250.6 5
1750860737104 764250.7 6
1750860747226 764250.5 7
1750860757338 764250.7 8
1750860767440 764250.5 9
1750860777523 764250.4 10
1750860787606 764250.4 11
1750860797718 764250.4 12
1750860807857 764250.4 13
1750860817939 764250.7 14
1750860828001 764250.4 15
1750860838079 764250.2 16
1750860848188 764250.2 17
1750860858290 764250.3 18
1750860868401 764250.5 19
1750860878496 764250.2 20
1750860888613 764251.1 21
1750860898713 764250.9 22
1750860908810 764251.0 23
1750860918913 764250.9 24
1750860928998 764250.7 25
1750860939297 764250.4 26
1750860949669 764252.7 27
1750860959816 764252.7 28
