1750860676503 25.3 0
1750860686595 25.3 1
1750860696688 25.3 2
1750860706791 25.3 3
1750860716933 25.3 4
1750860727005 25.3 5
1750860737104 25.3 6
1750860747226 25.3 7
1750860757338 25.3 8
1750860767440 25.3 9
1750860777523 25.3 10
1750860787606 25.3 11
1750860797718 25.3 12
1750860807857 25.3 13
1750860817939 25.3 14
1750860828001 25.3 15
1750860838079 25.3 16
1750860848188 25.3 17
1750860858290 25.3 18
1750860868401 25.3 19
1750860878496 25.3 20
1750860888613 25.3 21
1750860898713 25.3 22
1750860908810 25.3 23
1750860918913 25.3 24
1750860928998 25.3 25
1750860939297 25.3 26
1750860949669 25.3 27
1750860959816 25.3 28
