1750860676503 259149.2 0
1750860686595 259150.7 1
1750860696688 259149.6 2
1750860706791 259148.1 3
1750860716933 259142.9 4
1750860727005 259143.0 5
1750860737104 259143.0 6
1750860747226 259143.1 7
1750860757338 259143.0 8
1750860767440 259143.1 9
1750860777523 259143.2 10
1750860787606 259143.2 11
1750860797718 259143.2 12
1750860807857 259143.2 13
1750860817939 259142.9 14
1750860828001 259143.2 15
1750860838079 259143.4 16
1750860848188 259143.5 17
1750860858290 259143.3 18
1750860868401 259143.2 19
1750860878496 259143.4 20
1750860888613 259142.5 21
1750860898713 259142.7 22
1750860908810 259142.6 23
1750860918913 259142.7 24
1750860928998 259142.9 25
1750860939297 259143.2 26
1750860949669 259140.9 27
1750860959816 259141.0 28
