1750860676503 0.0 0
1750860686595 0.249448000000001 1
1750860696688 0.47152699999999825 2
1750860706791 0.5537470000000013 3
1750860716933 0.6101129999999984 4
1750860727005 0.6557950000000012 5
1750860737104 0.6973990000000008 6
1750860747226 0.7279349999999987 7
1750860757338 0.7687099999999987 8
1750860767440 0.7822519999999997 9
1750860777523 0.7924429999999987 10
1750860787606 0.8264840000000007 11
1750860797718 0.8548049999999989 12
1750860807857 0.8717560000000013 13
1750860817939 0.9057080000000006 14
1750860828001 0.942422999999998 15
1750860838079 2.8810660000000006 16
1750860848188 2.9148080000000007 17
1750860858290 2.9428020000000004 18
1750860868401 2.954615999999998 19
1750860878496 3.0318450000000006 20
1750860888613 3.055492000000001 21
1750860898713 3.086798999999999 22
1750860908810 3.137253000000001 23
1750860918913 3.160934000000001 24
1750860928998 3.1788419999999995 25
1750860939297 3.216767000000001 26
1750860949669 3.236466 27
1750860959816 5.8558759999999985 28
