1750860676503 5.400000000577165e-05 0
1750860686595 0.35737600000001635 1
1750860696688 0.770939999999996 2
1750860706791 0.9652749999999912 3
1750860716933 3.188395000000014 4
1750860727005 3.4051290000000165 5
1750860737104 6.114643000000001 6
1750860747226 7.685493000000008 7
1750860757338 7.895206999999999 8
1750860767440 8.166568000000012 9
1750860777523 8.351292 10
1750860787606 8.554835999999995 11
1750860797718 8.751000000000005 12
1750860807857 8.949100000000016 13
1750860817939 9.151440000000008 14
1750860828001 9.366494000000017 15
1750860838079 9.768573000000004 16
1750860848188 9.982535000000013 17
1750860858290 10.212135000000018 18
1750860868401 10.406514000000016 19
1750860878496 10.660957999999994 20
1750860888613 10.866460000000018 21
1750860898713 11.071133000000003 22
1750860908810 11.319827000000004 23
1750860918913 11.52604199999999 24
1750860928998 11.734451000000007 25
1750860939297 11.959750000000014 26
1750860949669 12.166604000000007 27
1750860959816 12.57760300000001 28
