1750860676503 24814.6 0
1750860686595 25149.1 1
1750860696688 25451.1 2
1750860706791 25315.7 3
1750860716933 25466.7 4
1750860727005 25551.6 5
1750860737104 25569.6 6
1750860747226 25673.3 7
1750860757338 25706.4 8
1750860767440 25737.8 9
1750860777523 25689.9 10
1750860787606 25855.0 11
1750860797718 25894.1 12
1750860807857 25659.7 13
1750860817939 25646.1 14
1750860828001 25702.1 15
1750860838079 25820.3 16
1750860848188 25875.9 17
1750860858290 26054.3 18
1750860868401 26075.9 19
1750860878496 26173.0 20
1750860888613 26523.4 21
1750860898713 25263.8 22
1750860908810 25289.6 23
1750860918913 25334.9 24
1750860928998 25433.5 25
1750860939297 25523.4 26
1750860949669 25676.9 27
1750860959816 25839.7 28
