1750860676503 72.9 0
1750860686595 73.9 1
1750860696688 74.8 2
1750860706791 74.4 3
1750860716933 74.8 4
1750860727005 75.1 5
1750860737104 75.1 6
1750860747226 75.4 7
1750860757338 75.5 8
1750860767440 75.6 9
1750860777523 75.5 10
1750860787606 76.0 11
1750860797718 76.1 12
1750860807857 75.4 13
1750860817939 75.4 14
1750860828001 75.5 15
1750860838079 75.9 16
1750860848188 76.0 17
1750860858290 76.6 18
1750860868401 76.6 19
1750860878496 76.9 20
1750860888613 77.9 21
1750860898713 74.2 22
1750860908810 74.3 23
1750860918913 74.5 24
1750860928998 74.7 25
1750860939297 75.0 26
1750860949669 75.5 27
1750860959816 75.9 28
