1750738902852 0.0 0
1750738912985 19.1 1
1750738923100 27.5 2
1750738933199 37.8 3
1750738943307 45.4 4
1750738953399 40.1 5
1750738963500 35.7 6
1750738973623 35.5 7
1750738984047 37.0 8
1750738994123 34.0 9
1750739004266 37.3 10
1750739014385 35.7 11
1750739024483 35.5 12
1750739034582 35.8 13
1750739044677 39.4 14
1750739054787 35.8 15
1750739064892 34.3 16
1750739074995 42.4 17
1750739085088 34.9 18
1750739095178 43.5 19
1750739105262 29.9 20
1750739115370 32.7 21
1750739125559 34.6 22
1750739135680 38.2 23
1750739146093 34.9 24
1750739156171 41.7 25
1750739166283 38.8 26
1750739176388 36.2 27
1750739186534 36.0 28
1750739196648 34.2 29
1750739206754 34.4 30
1750739216854 41.8 31
1750739226939 34.5 32
1750739237013 35.3 33
1750739247105 35.3 34
1750739257216 41.2 35
1750739267309 34.1 36
1750739277396 34.0 37
1750739287466 37.1 38
1750739297566 32.4 39
1750739307659 41.1 40
1750739318190 36.9 41
1750739328290 32.4 42
1750739338413 35.6 43
1750739348507 36.0 44
1750739358614 36.0 45
1750739368722 39.8 46
1750739378825 33.1 47
1750739388941 25.7 48
1750739399047 42.4 49
1750739409140 31.7 50
1750739419248 31.5 51
1750739429343 38.8 52
1750739439461 31.4 53
1750739449568 32.7 54
1750739459682 39.2 55
1750739469764 33.8 56
1750739479877 41.5 57
1750739490005 33.3 58
1750739500090 36.1 59
1750739510184 35.9 60
1750739520301 41.5 61
1750739530402 33.6 62
1750739540527 33.8 63
1750739550606 33.5 64
1750739560700 30.7 65
1750739570772 28.7 66
1750739580843 38.4 67
1750739590911 26.9 68
1750739601002 24.1 69
1750739611102 30.7 70
1750739621163 26.3 71
1750739631312 27.9 72
1750739641403 32.9 73
1750739651475 8.9 74
1750739661556 9.5 75
1750739671614 9.9 76
1750739681853 9.5 77
1750739691958 10.1 78
1750739702035 9.4 79
