1750738902852 25.3 0
1750738912985 25.3 1
1750738923100 25.3 2
1750738933199 25.3 3
1750738943307 25.3 4
1750738953399 25.3 5
1750738963500 25.3 6
1750738973623 25.3 7
1750738984047 25.3 8
1750738994123 25.3 9
1750739004266 25.3 10
1750739014385 25.3 11
1750739024483 25.3 12
1750739034582 25.3 13
1750739044677 25.3 14
1750739054787 25.3 15
1750739064892 25.3 16
1750739074995 25.3 17
1750739085088 25.3 18
1750739095178 25.3 19
1750739105262 25.3 20
1750739115370 25.3 21
1750739125559 25.3 22
1750739135680 25.3 23
1750739146093 25.3 24
1750739156171 25.3 25
1750739166283 25.3 26
1750739176388 25.3 27
1750739186534 25.3 28
1750739196648 25.3 29
1750739206754 25.3 30
1750739216854 25.3 31
1750739226939 25.3 32
1750739237013 25.3 33
1750739247105 25.3 34
1750739257216 25.3 35
1750739267309 25.3 36
1750739277396 25.3 37
1750739287466 25.3 38
1750739297566 25.3 39
1750739307659 25.3 40
1750739318190 25.3 41
1750739328290 25.3 42
1750739338413 25.3 43
1750739348507 25.3 44
1750739358614 25.3 45
1750739368722 25.3 46
1750739378825 25.3 47
1750739388941 25.3 48
1750739399047 25.3 49
1750739409140 25.3 50
1750739419248 25.3 51
1750739429343 25.3 52
1750739439461 25.3 53
1750739449568 25.3 54
1750739459682 25.3 55
1750739469764 25.3 56
1750739479877 25.3 57
1750739490005 25.3 58
1750739500090 25.3 59
1750739510184 25.3 60
1750739520301 25.3 61
1750739530402 25.3 62
1750739540527 25.3 63
1750739550606 25.3 64
1750739560700 25.3 65
1750739570772 25.3 66
1750739580843 25.3 67
1750739590911 25.3 68
1750739601002 25.3 69
1750739611102 25.3 70
1750739621163 25.3 71
1750739631312 25.3 72
1750739641403 25.3 73
1750739651475 25.3 74
1750739661556 25.3 75
1750739671614 25.3 76
1750739681853 25.3 77
1750739691958 25.3 78
1750739702035 25.3 79
