1750738902852 764741.7 0
1750738912985 764741.1 1
1750738923100 764745.7 2
1750738933199 764745.6 3
1750738943307 764745.5 4
1750738953399 764745.5 5
1750738963500 764745.5 6
1750738973623 764745.5 7
1750738984047 764745.4 8
1750738994123 764745.1 9
1750739004266 764745.0 10
1750739014385 764744.9 11
1750739024483 764744.9 12
1750739034582 764745.0 13
1750739044677 764744.8 14
1750739054787 764744.8 15
1750739064892 764744.7 16
1750739074995 764744.5 17
1750739085088 764746.0 18
1750739095178 764746.0 19
1750739105262 764746.2 20
1750739115370 764746.2 21
1750739125559 764746.2 22
1750739135680 764746.2 23
1750739146093 764746.2 24
1750739156171 764746.2 25
1750739166283 764746.1 26
1750739176388 764746.1 27
1750739186534 764745.9 28
1750739196648 764745.9 29
1750739206754 764745.7 30
1750739216854 764745.6 31
1750739226939 764745.6 32
1750739237013 764745.5 33
1750739247105 764745.5 34
1750739257216 764745.2 35
1750739267309 764745.2 36
1750739277396 764745.2 37
1750739287466 764744.9 38
1750739297566 764745.1 39
1750739307659 764745.1 40
1750739318190 764745.1 41
1750739328290 764745.2 42
1750739338413 764745.2 43
1750739348507 764744.0 44
1750739358614 764743.7 45
1750739368722 764743.7 46
1750739378825 764743.7 47
1750739388941 764743.6 48
1750739399047 764743.6 49
1750739409140 764743.6 50
1750739419248 764743.7 51
1750739429343 764743.6 52
1750739439461 764744.5 53
1750739449568 764744.6 54
1750739459682 764744.5 55
1750739469764 764744.6 56
1750739479877 764744.5 57
1750739490005 764743.7 58
1750739500090 764743.7 59
1750739510184 764743.5 60
1750739520301 764743.5 61
1750739530402 764743.4 62
1750739540527 764743.4 63
1750739550606 764742.9 64
1750739560700 764742.9 65
1750739570772 764742.8 66
1750739580843 764742.8 67
1750739590911 764742.6 68
1750739601002 764742.6 69
1750739611102 764742.6 70
1750739621163 764742.3 71
1750739631312 764742.3 72
1750739641403 764742.2 73
1750739651475 764742.2 74
1750739661556 764742.2 75
1750739671614 764741.8 76
1750739681853 764741.8 77
1750739691958 764741.7 78
1750739702035 764741.7 79
