1750738902852 258652.0 0
1750738912985 258652.5 1
1750738923100 258647.9 2
1750738933199 258648.0 3
1750738943307 258648.1 4
1750738953399 258648.1 5
1750738963500 258648.2 6
1750738973623 258648.2 7
1750738984047 258648.2 8
1750738994123 258648.6 9
1750739004266 258648.6 10
1750739014385 258648.7 11
1750739024483 258648.7 12
1750739034582 258648.6 13
1750739044677 258648.8 14
1750739054787 258648.9 15
1750739064892 258648.9 16
1750739074995 258649.2 17
1750739085088 258647.6 18
1750739095178 258647.6 19
1750739105262 258647.5 20
1750739115370 258647.4 21
1750739125559 258647.4 22
1750739135680 258647.4 23
1750739146093 258647.4 24
1750739156171 258647.4 25
1750739166283 258647.5 26
1750739176388 258647.5 27
1750739186534 258647.7 28
1750739196648 258647.7 29
1750739206754 258648.0 30
1750739216854 258648.0 31
1750739226939 258648.0 32
1750739237013 258648.1 33
1750739247105 258648.1 34
1750739257216 258648.4 35
1750739267309 258648.4 36
1750739277396 258648.4 37
1750739287466 258648.7 38
1750739297566 258648.5 39
1750739307659 258648.5 40
1750739318190 258648.5 41
1750739328290 258648.4 42
1750739338413 258648.5 43
1750739348507 258649.6 44
1750739358614 258649.9 45
1750739368722 258649.9 46
1750739378825 258649.9 47
1750739388941 258650.0 48
1750739399047 258650.0 49
1750739409140 258650.0 50
1750739419248 258649.9 51
1750739429343 258650.0 52
1750739439461 258649.1 53
1750739449568 258649.0 54
1750739459682 258649.1 55
1750739469764 258649.0 56
1750739479877 258649.2 57
1750739490005 258649.9 58
1750739500090 258649.9 59
1750739510184 258650.1 60
1750739520301 258650.1 61
1750739530402 258650.3 62
1750739540527 258650.2 63
1750739550606 258650.7 64
1750739560700 258650.7 65
1750739570772 258650.8 66
1750739580843 258650.8 67
1750739590911 258651.0 68
1750739601002 258651.1 69
1750739611102 258651.1 70
1750739621163 258651.3 71
1750739631312 258651.3 72
1750739641403 258651.4 73
1750739651475 258651.4 74
1750739661556 258651.4 75
1750739671614 258651.8 76
1750739681853 258651.9 77
1750739691958 258651.9 78
1750739702035 258651.9 79
