1750738902852 0.0 0
1750738912985 0.03506999999999749 1
1750738923100 0.06882599999999783 2
1750738933199 0.12785399999999925 3
1750738943307 0.14608499999999935 4
1750738953399 0.18561799999999806 5
1750738963500 0.21950199999999853 6
1750738973623 0.23757599999999712 7
1750738984047 0.2591619999999999 8
1750738994123 0.29636700000000005 9
1750739004266 0.303253999999999 10
1750739014385 0.32610799999999784 11
1750739024483 0.37345399999999884 12
1750739034582 0.4052439999999997 13
1750739044677 0.43757599999999996 14
1750739054787 0.4882479999999987 15
1750739064892 0.5046089999999985 16
1750739074995 0.5288969999999971 17
1750739085088 0.5887899999999995 18
1750739095178 0.607405 19
1750739105262 0.6192189999999975 20
1750739115370 0.6573609999999981 21
1750739125559 0.670344 22
1750739135680 0.7113389999999988 23
1750739146093 0.737683999999998 24
1750739156171 0.7576599999999978 25
1750739166283 0.9100129999999993 26
1750739176388 0.9438449999999996 27
1750739186534 0.9578749999999978 28
1750739196648 0.9732279999999989 29
1750739206754 1.0032049999999977 30
1750739216854 1.0188729999999993 31
1750739226939 1.0369649999999986 32
1750739237013 1.0685249999999975 33
1750739247105 1.0748539999999984 34
1750739257216 1.1205350000000003 35
1750739267309 1.1423339999999982 36
1750739277396 1.1501309999999982 37
1750739287466 1.1801699999999968 38
1750739297566 1.2101629999999979 39
1750739307659 1.2172529999999995 40
1750739318190 1.2707719999999973 41
1750739328290 1.304663999999999 42
1750739338413 1.3158359999999973 43
1750739348507 1.3302799999999984 44
1750739358614 1.357560999999997 45
1750739368722 1.3639999999999972 46
1750739378825 1.397547999999997 47
1750739388941 1.427903999999998 48
1750739399047 1.436838999999999 49
1750739409140 1.4539219999999986 50
1750739419248 1.4764499999999998 51
1750739429343 1.493319999999997 52
1750739439461 1.5255399999999995 53
1750739449568 1.5383999999999993 54
1750739459682 1.6243159999999968 55
1750739469764 1.6628410000000002 56
1750739479877 1.6684289999999997 57
1750739490005 1.6886829999999975 58
1750739500090 1.707177999999999 59
1750739510184 1.7430859999999981 60
1750739520301 1.7615609999999968 61
1750739530402 1.773940999999997 62
1750739540527 1.7885460000000002 63
1750739550606 1.8099679999999978 64
1750739560700 1.8463369999999983 65
1750739570772 1.8590979999999995 66
1750739580843 1.8877629999999996 67
1750739590911 1.9032499999999999 68
1750739601002 1.9083489999999976 69
1750739611102 1.9284529999999975 70
1750739621163 1.949904 71
1750739631312 1.9652809999999974 72
1750739641403 1.9919429999999991 73
1750739651475 2.005461999999998 74
1750739661556 2.017963999999999 75
1750739671614 2.0451259999999998 76
1750739681853 2.0772809999999993 77
1750739691958 2.100631 78
1750739702035 2.119481999999998 79
