1750738902852 0.0 0
1750738912985 0.03667200000000115 1
1750738923100 0.1726869999999998 2
1750738933199 0.24293399999999998 3
1750738943307 0.2533770000000004 4
1750738953399 0.30635499999999993 5
1750738963500 0.3317510000000006 6
1750738973623 0.3514569999999999 7
1750738984047 0.37751800000000024 8
1750738994123 0.40190199999999976 9
1750739004266 0.4069900000000004 10
1750739014385 0.42228700000000075 11
1750739024483 0.4741680000000006 12
1750739034582 0.5147110000000001 13
1750739044677 0.5423819999999999 14
1750739054787 0.5779170000000011 15
1750739064892 0.5882620000000003 16
1750739074995 0.5994419999999998 17
1750739085088 0.648911 18
1750739095178 0.6650460000000002 19
1750739105262 0.6698090000000008 20
1750739115370 0.7039530000000003 21
1750739125559 0.7074750000000005 22
1750739135680 0.7590699999999995 23
1750739146093 0.7801130000000001 24
1750739156171 0.8021089999999997 25
1750739166283 0.8549260000000007 26
1750739176388 0.8861380000000008 27
1750739186534 0.8996689999999994 28
1750739196648 0.9074039999999997 29
1750739206754 0.9381470000000007 30
1750739216854 0.9439840000000004 31
1750739226939 0.9533579999999997 32
1750739237013 0.9807550000000003 33
1750739247105 0.9835270000000005 34
1750739257216 1.0259110000000007 35
1750739267309 1.0503239999999998 36
1750739277396 1.053763 37
1750739287466 1.0746599999999997 38
1750739297566 1.1022770000000008 39
1750739307659 1.106337 40
1750739318190 1.1736759999999986 41
1750739328290 1.2116169999999986 42
1750739338413 1.220108999999999 43
1750739348507 1.224717 44
1750739358614 1.2511090000000014 45
1750739368722 1.256245999999999 46
1750739378825 1.292558999999999 47
1750739388941 1.3311159999999997 48
1750739399047 1.3440920000000016 49
1750739409140 1.3607129999999987 50
1750739419248 1.3838150000000002 51
1750739429343 1.396040000000001 52
1750739439461 1.4227900000000009 53
1750739449568 1.4404389999999996 54
1750739459682 1.4596570000000018 55
1750739469764 1.4847990000000006 56
1750739479877 1.4905440000000016 57
1750739490005 1.5094420000000017 58
1750739500090 1.5337939999999985 59
1750739510184 1.5757470000000016 60
1750739520301 1.5939749999999986 61
1750739530402 1.602552000000001 62
1750739540527 1.6144230000000004 63
1750739550606 1.6312370000000005 64
1750739560700 1.6732630000000004 65
1750739570772 1.6932479999999988 66
1750739580843 1.7191859999999988 67
1750739590911 1.7245940000000015 68
1750739601002 1.7304009999999987 69
1750739611102 1.7448010000000007 70
1750739621163 1.7648519999999994 71
1750739631312 1.7878309999999988 72
1750739641403 1.8198440000000016 73
1750739651475 1.8259729999999994 74
1750739661556 1.8370179999999987 75
1750739671614 1.855182000000001 76
1750739681853 1.8771930000000001 77
1750739691958 1.902654 78
1750739702035 1.9173589999999994 79
