1750738902852 22446.4 0
1750738912985 22640.7 1
1750738923100 22493.2 2
1750738933199 22614.4 3
1750738943307 22507.4 4
1750738953399 22260.0 5
1750738963500 22181.5 6
1750738973623 22212.1 7
1750738984047 22171.8 8
1750738994123 22182.3 9
1750739004266 22259.1 10
1750739014385 22302.1 11
1750739024483 22320.3 12
1750739034582 22398.0 13
1750739044677 22424.1 14
1750739054787 22445.1 15
1750739064892 22494.4 16
1750739074995 22491.4 17
1750739085088 22515.0 18
1750739095178 22505.5 19
1750739105262 22461.9 20
1750739115370 22571.3 21
1750739125559 22698.2 22
1750739135680 22854.9 23
1750739146093 22806.2 24
1750739156171 22764.7 25
1750739166283 22857.7 26
1750739176388 22878.3 27
1750739186534 22911.4 28
1750739196648 22945.9 29
1750739206754 23010.1 30
1750739216854 22992.3 31
1750739226939 23019.6 32
1750739237013 23065.1 33
1750739247105 23042.4 34
1750739257216 23169.1 35
1750739267309 23178.9 36
1750739277396 23215.3 37
1750739287466 23216.2 38
1750739297566 23306.6 39
1750739307659 23295.9 40
1750739318190 23555.1 41
1750739328290 23373.0 42
1750739338413 23501.8 43
1750739348507 23297.6 44
1750739358614 23342.3 45
1750739368722 23347.2 46
1750739378825 23399.1 47
1750739388941 23463.3 48
1750739399047 23474.7 49
1750739409140 23493.6 50
1750739419248 23528.7 51
1750739429343 23525.1 52
1750739439461 23598.8 53
1750739449568 23623.3 54
1750739459682 23589.5 55
1750739469764 23659.0 56
1750739479877 23677.3 57
1750739490005 23700.4 58
1750739500090 23613.6 59
1750739510184 23718.7 60
1750739520301 23694.1 61
1750739530402 23730.3 62
1750739540527 23809.6 63
1750739550606 23847.3 64
1750739560700 23889.1 65
1750739570772 23984.0 66
1750739580843 24000.5 67
1750739590911 24103.3 68
1750739601002 24122.0 69
1750739611102 24223.0 70
1750739621163 24254.3 71
1750739631312 24302.9 72
1750739641403 24359.5 73
1750739651475 24469.0 74
1750739661556 24613.4 75
1750739671614 24825.6 76
1750739681853 25008.0 77
1750739691958 25184.8 78
1750739702035 25347.0 79
