1750738902852 66.0 0
1750738912985 66.5 1
1750738923100 66.1 2
1750738933199 66.5 3
1750738943307 66.1 4
1750738953399 65.4 5
1750738963500 65.2 6
1750738973623 65.3 7
1750738984047 65.2 8
1750738994123 65.2 9
1750739004266 65.4 10
1750739014385 65.5 11
1750739024483 65.6 12
1750739034582 65.8 13
1750739044677 65.9 14
1750739054787 66.0 15
1750739064892 66.1 16
1750739074995 66.1 17
1750739085088 66.2 18
1750739095178 66.1 19
1750739105262 66.0 20
1750739115370 66.3 21
1750739125559 66.7 22
1750739135680 67.2 23
1750739146093 67.0 24
1750739156171 66.9 25
1750739166283 67.2 26
1750739176388 67.2 27
1750739186534 67.3 28
1750739196648 67.4 29
1750739206754 67.6 30
1750739216854 67.6 31
1750739226939 67.6 32
1750739237013 67.8 33
1750739247105 67.7 34
1750739257216 68.1 35
1750739267309 68.1 36
1750739277396 68.2 37
1750739287466 68.2 38
1750739297566 68.5 39
1750739307659 68.5 40
1750739318190 69.2 41
1750739328290 68.7 42
1750739338413 69.1 43
1750739348507 68.5 44
1750739358614 68.6 45
1750739368722 68.6 46
1750739378825 68.8 47
1750739388941 69.0 48
1750739399047 69.0 49
1750739409140 69.0 50
1750739419248 69.1 51
1750739429343 69.1 52
1750739439461 69.3 53
1750739449568 69.4 54
1750739459682 69.3 55
1750739469764 69.5 56
1750739479877 69.6 57
1750739490005 69.6 58
1750739500090 69.4 59
1750739510184 69.7 60
1750739520301 69.6 61
1750739530402 69.7 62
1750739540527 70.0 63
1750739550606 70.1 64
1750739560700 70.2 65
1750739570772 70.5 66
1750739580843 70.5 67
1750739590911 70.8 68
1750739601002 70.9 69
1750739611102 71.2 70
1750739621163 71.3 71
1750739631312 71.4 72
1750739641403 71.6 73
1750739651475 71.9 74
1750739661556 72.3 75
1750739671614 73.0 76
1750739681853 73.5 77
1750739691958 74.0 78
1750739702035 74.5 79
