1750684062382 765456.7 0
1750684072502 765449.7 1
1750684082585 765449.6 2
1750684092701 765448.9 3
1750684102759 765448.9 4
1750684112847 765448.9 5
1750684123427 765448.9 6
1750684133678 765448.9 7
1750684143794 765448.9 8
1750684153888 765448.9 9
1750684163947 765449.1 10
1750684174013 765449.0 11
1750684184076 765448.8 12
1750684194418 765448.8 13
1750684204493 765448.8 14
1750684214583 765448.9 15
1750684224650 765448.9 16
1750684234705 765448.9 17
1750684244798 765448.4 18
1750684254986 765448.4 19
