1750684062382 257936.9 0
1750684072502 257944.0 1
1750684082585 257944.0 2
1750684092701 257944.7 3
1750684102759 257944.7 4
1750684112847 257944.7 5
1750684123427 257944.7 6
1750684133678 257944.7 7
1750684143794 257944.7 8
1750684153888 257944.7 9
1750684163947 257944.6 10
1750684174013 257944.6 11
1750684184076 257944.8 12
1750684194418 257944.8 13
1750684204493 257944.8 14
1750684214583 257944.7 15
1750684224650 257944.7 16
1750684234705 257944.7 17
1750684244798 257945.2 18
1750684254986 257945.3 19
