1750684062382 6.700000000137152e-05 0
1750684072502 0.08116099999998028 1
1750684082585 0.1052869999999757 2
1750684092701 0.1294279999999901 3
1750684102759 0.1685059999999794 4
1750684112847 0.19245899999998528 5
1750684123427 0.21234199999997827 6
1750684133678 0.2289779999999837 7
1750684143794 0.2875919999999894 8
1750684153888 0.386589999999984 9
1750684163947 0.40903399999999124 10
1750684174013 0.47000799999997867 11
1750684184076 0.48327299999999696 12
1750684194418 0.5016469999999913 13
1750684204493 0.5197989999999777 14
1750684214583 0.5398050000000012 15
1750684224650 0.5524949999999933 16
1750684234705 0.5950890000000015 17
1750684244798 0.6155479999999898 18
1750684254986 0.6448969999999861 19
