1750684062382 7.099999999127249e-05 0
1750684072502 0.17495099999999297 1
1750684082585 0.19630800000001614 2
1750684092701 0.3789199999999937 3
1750684102759 0.41892400000000407 4
1750684112847 0.4408770000000004 5
1750684123427 0.45252400000001103 6
1750684133678 0.47466199999999503 7
1750684143794 0.8449710000000152 8
1750684153888 0.9397570000000144 9
1750684163947 0.9625719999999944 10
1750684174013 1.0136339999999961 11
1750684184076 1.0335230000000024 12
1750684194418 1.0679210000000126 13
1750684204493 1.08542700000001 14
1750684214583 1.110664000000014 15
1750684224650 1.130583999999999 16
1750684234705 1.1613340000000107 17
1750684244798 1.1827020000000061 18
1750684254986 1.1984999999999957 19
