1752189746733 0.0 0
1752189756890 0.008030999999999011 1
1752189767072 0.19986499999999907 2
1752189777229 0.3923519999999989 3
1752189787339 0.405346999999999 4
1752189797527 0.4169409999999978 5
1752189807670 0.4310319999999983 6
1752189817767 0.5101559999999985 7
1752189827865 0.5353579999999987 8
1752189838058 0.5706319999999998 9
1752189848167 0.5819179999999982 10
1752189858358 0.589700999999998 11
1752189868480 0.6469799999999992 12
1752189878669 0.8285489999999989 13
1752189888899 1.0206079999999993 14
1752189899066 1.0659360000000007 15
1752189909440 1.131847999999998 16
1752189919845 1.1642520000000012 17
