1752189746733 0.0 0
1752189756890 0.028704999999998648 1
1752189767072 0.06614499999999879 2
1752189777229 0.09097699999999875 3
1752189787339 0.13480200000000053 4
1752189797527 0.14546599999999899 5
1752189807670 0.20717099999999888 6
1752189817767 0.25062699999999793 7
1752189827865 0.27139999999999986 8
1752189838058 0.31303399999999826 9
1752189848167 0.3380449999999975 10
1752189858358 0.3450260000000007 11
1752189868480 0.41984899999999925 12
1752189878669 0.4333469999999977 13
1752189888899 0.48078299999999885 14
1752189899066 0.5475159999999981 15
1752189909440 0.5912579999999998 16
1752189919845 0.6155809999999988 17
