1752675738439 0.0 0
1752675749679 32.9 1
1752675759932 46.6 2
1752675770158 50.3 3
1752675780399 51.4 4
1752675790638 63.3 5
1752675801091 65.2 6
1752675811881 70.0 7
1752675822454 66.9 8
1752675832814 74.1 9
1752675843246 65.9 10
1752675853403 66.7 11
1752675863651 46.7 12
1752675873835 50.2 13
1752675884101 52.5 14
1752675894371 55.0 15
1752675904583 50.1 16
1752675914751 47.5 17
1752675925031 47.8 18
1752675935472 53.7 19
1752675945802 47.6 20
1752675955993 48.1 21
1752675966204 47.6 22
1752675976358 51.7 23
1752675986657 49.2 24
1752675996835 47.9 25
1752676007058 51.5 26
1752676017358 49.7 27
1752676027595 54.4 28
1752676037793 51.4 29
1752676048056 49.9 30
1752676058299 42.8 31
1752676068451 36.4 32
1752676078644 44.5 33
1752676088850 46.0 34
1752676099251 45.2 35
1752676109549 62.3 36
1752676119841 63.8 37
1752676130005 57.9 38
1752676140316 47.5 39
1752676150505 47.7 40
1752676160678 46.5 41
1752676170936 43.6 42
1752676181341 55.1 43
1752676191485 53.4 44
1752676201668 46.4 45
1752676211920 51.0 46
1752676222213 56.9 47
1752676232483 59.8 48
1752676243061 69.0 49
1752676253464 73.2 50
1752676263783 66.8 51
1752676273940 63.6 52
1752676284104 48.7 53
1752676294568 63.6 54
1752676304831 71.0 55
1752676315078 75.8 56
1752676325382 71.9 57
1752676335762 68.6 58
1752676346004 62.7 59
1752676356279 47.9 60
1752676366611 49.6 61
