1752675738439 25.6 0
1752675749679 25.6 1
1752675759932 25.6 2
1752675770158 25.6 3
1752675780399 25.6 4
1752675790638 25.6 5
1752675801091 25.6 6
1752675811881 25.6 7
1752675822454 25.6 8
1752675832814 25.6 9
1752675843246 25.6 10
1752675853403 25.6 11
1752675863651 25.6 12
1752675873835 25.6 13
1752675884101 25.6 14
1752675894371 25.6 15
1752675904583 25.6 16
1752675914751 25.6 17
1752675925031 25.6 18
1752675935472 25.6 19
1752675945802 25.6 20
1752675955993 25.6 21
1752675966204 25.6 22
1752675976358 25.6 23
1752675986657 25.6 24
1752675996835 25.6 25
1752676007058 25.6 26
1752676017358 25.6 27
1752676027595 25.6 28
1752676037793 25.6 29
1752676048056 25.6 30
1752676058299 25.6 31
1752676068451 25.6 32
1752676078644 25.6 33
1752676088850 25.6 34
1752676099251 25.6 35
1752676109549 25.6 36
1752676119841 25.6 37
1752676130005 25.6 38
1752676140316 25.6 39
1752676150505 25.6 40
1752676160678 25.6 41
1752676170936 25.6 42
1752676181341 25.6 43
1752676191485 25.6 44
1752676201668 25.6 45
1752676211920 25.6 46
1752676222213 25.6 47
1752676232483 25.6 48
1752676243061 25.6 49
1752676253464 25.6 50
1752676263783 25.6 51
1752676273940 25.6 52
1752676284104 25.6 53
1752676294568 25.6 54
1752676304831 25.6 55
1752676315078 25.6 56
1752676325382 25.6 57
1752676335762 25.6 58
1752676346004 25.6 59
1752676356279 25.6 60
1752676366611 25.6 61
