1752675738439 761720.6 0
1752675749679 761719.5 1
1752675759932 761718.4 2
1752675770158 761718.0 3
1752675780399 761717.7 4
1752675790638 761716.9 5
1752675801091 761716.7 6
1752675811881 761715.3 7
1752675822454 761714.7 8
1752675832814 761714.2 9
1752675843246 761714.0 10
1752675853403 761714.8 11
1752675863651 761714.6 12
1752675873835 761714.3 13
1752675884101 761714.0 14
1752675894371 761713.0 15
1752675904583 761712.7 16
1752675914751 761712.6 17
1752675925031 761712.4 18
1752675935472 761712.2 19
1752675945802 761711.4 20
1752675955993 761712.1 21
1752675966204 761712.0 22
1752675976358 761711.7 23
1752675986657 761711.5 24
1752675996835 761711.4 25
1752676007058 761711.3 26
1752676017358 761710.8 27
1752676027595 761710.4 28
1752676037793 761710.3 29
1752676048056 761710.0 30
1752676058299 761709.7 31
1752676068451 761709.4 32
1752676078644 761709.3 33
1752676088850 761710.2 34
1752676099251 761710.1 35
1752676109549 761709.6 36
1752676119841 761709.4 37
1752676130005 761709.1 38
1752676140316 761708.9 39
1752676150505 761708.8 40
1752676160678 761708.6 41
1752676170936 761708.3 42
1752676181341 761708.4 43
1752676191485 761708.9 44
1752676201668 761713.5 45
1752676211920 761713.2 46
1752676222213 761712.8 47
1752676232483 761712.2 48
1752676243061 761710.8 49
1752676253464 761710.0 50
1752676263783 761709.8 51
1752676273940 761709.4 52
1752676284104 761709.2 53
1752676294568 761710.2 54
1752676304831 761710.1 55
1752676315078 761709.9 56
1752676325382 761709.7 57
1752676335762 761709.6 58
1752676346004 761709.3 59
1752676356279 761709.2 60
1752676366611 761708.7 61
