1752675738439 261673.0 0
1752675749679 261674.1 1
1752675759932 261675.2 2
1752675770158 261675.6 3
1752675780399 261675.9 4
1752675790638 261676.7 5
1752675801091 261676.9 6
1752675811881 261678.3 7
1752675822454 261678.9 8
1752675832814 261679.5 9
1752675843246 261679.6 10
1752675853403 261678.9 11
1752675863651 261679.0 12
1752675873835 261679.3 13
1752675884101 261679.6 14
1752675894371 261680.6 15
1752675904583 261681.0 16
1752675914751 261681.1 17
1752675925031 261681.2 18
1752675935472 261681.4 19
1752675945802 261682.2 20
1752675955993 261681.5 21
1752675966204 261681.6 22
1752675976358 261681.9 23
1752675986657 261682.1 24
1752675996835 261682.3 25
1752676007058 261682.4 26
1752676017358 261682.8 27
1752676027595 261683.3 28
1752676037793 261683.4 29
1752676048056 261683.6 30
1752676058299 261684.0 31
1752676068451 261684.2 32
1752676078644 261684.4 33
1752676088850 261683.4 34
1752676099251 261683.5 35
1752676109549 261684.0 36
1752676119841 261684.2 37
1752676130005 261684.6 38
1752676140316 261684.7 39
1752676150505 261684.9 40
1752676160678 261685.0 41
1752676170936 261685.3 42
1752676181341 261685.3 43
1752676191485 261684.7 44
1752676201668 261680.1 45
1752676211920 261680.5 46
1752676222213 261680.8 47
1752676232483 261681.5 48
1752676243061 261682.8 49
1752676253464 261683.6 50
1752676263783 261683.8 51
1752676273940 261684.2 52
1752676284104 261684.4 53
1752676294568 261683.4 54
1752676304831 261683.5 55
1752676315078 261683.7 56
1752676325382 261684.0 57
1752676335762 261684.1 58
1752676346004 261684.3 59
1752676356279 261684.4 60
1752676366611 261684.9 61
