1752675738439 0.0 0
1752675749679 0.22519700000000142 1
1752675759932 0.31332499999999897 2
1752675770158 0.8551020000000022 3
1752675780399 0.950999000000003 4
1752675790638 1.964646000000002 5
1752675801091 2.022668000000003 6
1752675811881 2.6694120000000012 7
1752675822454 2.723323999999998 8
1752675832814 3.021934999999999 9
1752675843246 3.065505999999999 10
1752675853403 3.242832 11
1752675863651 3.284627999999998 12
1752675873835 3.512585999999999 13
1752675884101 4.175784 14
1752675894371 4.8376050000000035 15
1752675904583 4.982894999999999 16
1752675914751 5.018748000000002 17
1752675925031 5.027605999999999 18
1752675935472 5.053034000000004 19
1752675945802 5.161818000000004 20
1752675955993 5.576287000000001 21
1752675966204 5.685896 22
1752675976358 5.759698 23
1752675986657 5.7714440000000025 24
1752675996835 5.781644 25
1752676007058 5.984543000000002 26
1752676017358 6.157515000000004 27
1752676027595 6.1936489999999935 28
1752676037793 6.222144 29
1752676048056 6.233663000000007 30
1752676058299 6.258448999999999 31
1752676068451 6.720528000000002 32
1752676078644 6.885499999999993 33
1752676088850 6.998791999999995 34
1752676099251 7.006045 35
1752676109549 7.368183000000002 36
1752676119841 7.400571999999997 37
1752676130005 7.617846 38
1752676140316 7.658600000000007 39
1752676150505 7.767127000000002 40
1752676160678 7.8516970000000015 41
1752676170936 7.925984 42
1752676181341 8.011584999999997 43
1752676191485 8.539669000000004 44
1752676201668 8.638895000000005 45
1752676211920 8.891142000000002 46
1752676222213 8.971483000000006 47
1752676232483 9.158511000000004 48
1752676243061 9.232957999999996 49
1752676253464 9.512367999999995 50
1752676263783 9.693022 51
1752676273940 9.881816 52
1752676284104 9.923389999999998 53
1752676294568 10.078104999999994 54
1752676304831 10.152156000000005 55
1752676315078 10.342299999999994 56
1752676325382 10.437478999999996 57
1752676335762 10.515495999999999 58
1752676346004 10.521229000000005 59
1752676356279 10.547426999999999 60
1752676366611 10.709264000000005 61
