1752675738439 0.0 0
1752675749679 0.21317300000000117 1
1752675759932 0.30400700000000036 2
1752675770158 0.6405770000000004 3
1752675780399 0.7214840000000002 4
1752675790638 1.0600319999999996 5
1752675801091 1.1338749999999997 6
1752675811881 1.3921090000000014 7
1752675822454 1.4697240000000011 8
1752675832814 1.7510510000000004 9
1752675843246 1.8041330000000002 10
1752675853403 1.9147960000000008 11
1752675863651 1.962695 12
1752675873835 2.0364970000000007 13
1752675884101 2.2491700000000012 14
1752675894371 2.6731130000000007 15
1752675904583 2.766107 16
1752675914751 2.799118 17
1752675925031 2.806761 18
1752675935472 2.880000000000001 19
1752675945802 2.992470000000001 20
1752675955993 3.2181880000000014 21
1752675966204 3.3215839999999996 22
1752675976358 3.372885 23
1752675986657 3.3870050000000003 24
1752675996835 3.3967460000000003 25
1752676007058 3.5707009999999997 26
1752676017358 3.6832130000000003 27
1752676027595 3.7206840000000003 28
1752676037793 3.758375000000001 29
1752676048056 3.779688 30
1752676058299 3.812731000000001 31
1752676068451 4.069399000000001 32
1752676078644 4.201209 33
1752676088850 4.255685 34
1752676099251 4.263841000000001 35
1752676109549 4.376879000000001 36
1752676119841 4.461551 37
1752676130005 4.665130000000001 38
1752676140316 4.709544000000001 39
1752676150505 4.818570000000001 40
1752676160678 4.883847000000001 41
1752676170936 4.963962 42
1752676181341 5.025666000000001 43
1752676191485 5.166489 44
1752676201668 5.280702999999999 45
1752676211920 5.401244999999999 46
1752676222213 5.475158 47
1752676232483 5.710118000000001 48
1752676243061 5.939979000000001 49
1752676253464 6.311183 50
1752676263783 6.439715 51
1752676273940 6.540769000000001 52
1752676284104 6.580891000000001 53
1752676294568 6.679770999999999 54
1752676304831 6.8295400000000015 55
1752676315078 7.065972000000002 56
1752676325382 7.154451999999999 57
1752676335762 7.224851000000001 58
1752676346004 7.239004999999999 59
1752676356279 7.268816000000001 60
1752676366611 7.508514000000002 61
