1752675738439 24305.6 0
1752675749679 27105.4 1
1752675759932 29237.2 2
1752675770158 28228.6 3
1752675780399 28246.6 4
1752675790638 27828.3 5
1752675801091 28434.9 6
1752675811881 28448.6 7
1752675822454 28351.0 8
1752675832814 28602.0 9
1752675843246 28687.3 10
1752675853403 28400.5 11
1752675863651 27923.7 12
1752675873835 28065.7 13
1752675884101 27800.3 14
1752675894371 27861.7 15
1752675904583 27939.5 16
1752675914751 27828.3 17
1752675925031 27968.7 18
1752675935472 28169.3 19
1752675945802 27776.1 20
1752675955993 27944.6 21
1752675966204 27777.3 22
1752675976358 27726.6 23
1752675986657 27964.2 24
1752675996835 27854.6 25
1752676007058 26831.9 26
1752676017358 26775.4 27
1752676027595 27412.5 28
1752676037793 26980.0 29
1752676048056 26974.4 30
1752676058299 27013.4 31
1752676068451 27897.6 32
1752676078644 27257.7 33
1752676088850 27491.4 34
1752676099251 27330.4 35
1752676109549 27960.4 36
1752676119841 28384.1 37
1752676130005 27903.2 38
1752676140316 27566.2 39
1752676150505 27590.1 40
1752676160678 27831.3 41
1752676170936 27432.5 42
1752676181341 27940.1 43
1752676191485 27983.4 44
1752676201668 27302.6 45
1752676211920 27510.8 46
1752676222213 28251.6 47
1752676232483 28269.8 48
1752676243061 28171.8 49
1752676253464 28205.7 50
1752676263783 28320.7 51
1752676273940 28194.1 52
1752676284104 28485.1 53
1752676294568 28005.8 54
1752676304831 28315.8 55
1752676315078 27601.7 56
1752676325382 27537.6 57
1752676335762 27091.4 58
1752676346004 27225.7 59
1752676356279 26767.2 60
1752676366611 26842.7 61
