1752675738439 71.4 0
1752675749679 79.7 1
1752675759932 85.9 2
1752675770158 83.0 3
1752675780399 83.0 4
1752675790638 81.8 5
1752675801091 83.6 6
1752675811881 83.6 7
1752675822454 83.3 8
1752675832814 84.1 9
1752675843246 84.3 10
1752675853403 83.5 11
1752675863651 82.1 12
1752675873835 82.5 13
1752675884101 81.7 14
1752675894371 81.9 15
1752675904583 82.1 16
1752675914751 81.8 17
1752675925031 82.2 18
1752675935472 82.8 19
1752675945802 81.6 20
1752675955993 82.1 21
1752675966204 81.6 22
1752675976358 81.5 23
1752675986657 82.2 24
1752675996835 81.9 25
1752676007058 78.8 26
1752676017358 78.7 27
1752676027595 80.6 28
1752676037793 79.3 29
1752676048056 79.3 30
1752676058299 79.4 31
1752676068451 82.0 32
1752676078644 80.1 33
1752676088850 80.8 34
1752676099251 80.3 35
1752676109549 82.2 36
1752676119841 83.4 37
1752676130005 82.0 38
1752676140316 81.0 39
1752676150505 81.1 40
1752676160678 81.8 41
1752676170936 80.6 42
1752676181341 82.1 43
1752676191485 82.2 44
1752676201668 80.2 45
1752676211920 80.8 46
1752676222213 83.0 47
1752676232483 83.1 48
1752676243061 82.8 49
1752676253464 82.9 50
1752676263783 83.2 51
1752676273940 82.9 52
1752676284104 83.7 53
1752676294568 82.3 54
1752676304831 83.2 55
1752676315078 81.1 56
1752676325382 80.9 57
1752676335762 79.6 58
1752676346004 80.0 59
1752676356279 78.7 60
1752676366611 78.9 61
