1752281047368 0.0 0
1752281057659 15.0 1
1752281067751 28.7 2
1752281077977 35.1 3
1752281088277 34.6 4
1752281098398 36.4 5
1752281108502 33.8 6
1752281118659 34.6 7
1752281128864 34.8 8
1752281139133 37.2 9
1752281149308 43.0 10
1752281159413 45.9 11
1752281169590 37.0 12
1752281179804 36.7 13
1752281189979 37.9 14
1752281200145 37.4 15
1752281210320 37.1 16
1752281220427 36.0 17
1752281230540 35.5 18
1752281240692 36.5 19
1752281250844 36.8 20
1752281261092 35.4 21
1752281271216 35.2 22
1752281281480 35.8 23
1752281291715 36.4 24
1752281301857 35.2 25
1752281311976 38.9 26
1752281322069 36.0 27
1752281332236 36.8 28
1752281342360 40.4 29
1752281352541 37.2 30
1752281362632 36.4 31
1752281372807 36.9 32
1752281382935 36.4 33
1752281393040 36.6 34
1752281403131 36.7 35
1752281413240 37.3 36
1752281423573 37.2 37
1752281433852 36.4 38
1752281444200 36.2 39
