1752281047368 25.5 0
1752281057659 25.5 1
1752281067751 25.5 2
1752281077977 25.5 3
1752281088277 25.5 4
1752281098398 25.5 5
1752281108502 25.5 6
1752281118659 25.5 7
1752281128864 25.5 8
1752281139133 25.5 9
1752281149308 25.5 10
1752281159413 25.5 11
1752281169590 25.5 12
1752281179804 25.5 13
1752281189979 25.5 14
1752281200145 25.5 15
1752281210320 25.5 16
1752281220427 25.5 17
1752281230540 25.5 18
1752281240692 25.5 19
1752281250844 25.5 20
1752281261092 25.5 21
1752281271216 25.5 22
1752281281480 25.5 23
1752281291715 25.5 24
1752281301857 25.5 25
1752281311976 25.5 26
1752281322069 25.5 27
1752281332236 25.5 28
1752281342360 25.5 29
1752281352541 25.5 30
1752281362632 25.5 31
1752281372807 25.5 32
1752281382935 25.5 33
1752281393040 25.5 34
1752281403131 25.5 35
1752281413240 25.5 36
1752281423573 25.5 37
1752281433852 25.5 38
1752281444200 25.5 39
