1752281047368 261188.8 0
1752281057659 261190.5 1
1752281067751 261190.5 2
1752281077977 261190.5 3
1752281088277 261190.5 4
1752281098398 261190.6 5
1752281108502 261190.6 6
1752281118659 261190.6 7
1752281128864 261190.7 8
1752281139133 261190.9 9
1752281149308 261188.3 10
1752281159413 261187.4 11
1752281169590 261187.8 12
1752281179804 261187.7 13
1752281189979 261187.7 14
1752281200145 261187.8 15
1752281210320 261187.9 16
1752281220427 261187.9 17
1752281230540 261187.8 18
1752281240692 261188.0 19
1752281250844 261188.0 20
1752281261092 261188.0 21
1752281271216 261188.1 22
1752281281480 261188.1 23
1752281291715 261188.1 24
1752281301857 261188.1 25
1752281311976 261188.1 26
1752281322069 261188.1 27
1752281332236 261188.1 28
1752281342360 261188.1 29
1752281352541 261188.2 30
1752281362632 261188.2 31
1752281372807 261188.2 32
1752281382935 261188.2 33
1752281393040 261188.2 34
1752281403131 261188.3 35
1752281413240 261188.2 36
1752281423573 261188.0 37
1752281433852 261188.2 38
1752281444200 261188.2 39
