1752281047368 762204.8 0
1752281057659 762203.1 1
1752281067751 762203.1 2
1752281077977 762203.1 3
1752281088277 762203.1 4
1752281098398 762203.0 5
1752281108502 762203.0 6
1752281118659 762203.0 7
1752281128864 762202.9 8
1752281139133 762202.8 9
1752281149308 762205.3 10
1752281159413 762206.2 11
1752281169590 762205.8 12
1752281179804 762205.9 13
1752281189979 762205.9 14
1752281200145 762205.9 15
1752281210320 762205.7 16
1752281220427 762205.7 17
1752281230540 762205.8 18
1752281240692 762205.6 19
1752281250844 762205.6 20
1752281261092 762205.6 21
1752281271216 762205.6 22
1752281281480 762205.5 23
1752281291715 762205.5 24
1752281301857 762205.5 25
1752281311976 762205.5 26
1752281322069 762205.5 27
1752281332236 762205.5 28
1752281342360 762205.5 29
1752281352541 762205.4 30
1752281362632 762205.4 31
1752281372807 762205.4 32
1752281382935 762205.4 33
1752281393040 762205.4 34
1752281403131 762205.3 35
1752281413240 762205.4 36
1752281423573 762205.6 37
1752281433852 762205.5 38
1752281444200 762205.5 39
