1752281047368 0.0 0
1752281057659 0.07468900000003487 1
1752281067751 0.09750899999994544 2
1752281077977 0.11951199999998607 3
1752281088277 0.18023300000004383 4
1752281098398 0.2554640000000745 5
1752281108502 0.2772939999999835 6
1752281118659 0.34170800000015333 7
1752281128864 0.3862739999999576 8
1752281139133 0.5271569999999883 9
1752281149308 1.2644860000000335 10
1752281159413 2.1843180000000757 11
1752281169590 2.4441229999999905 12
1752281179804 2.6672570000000633 13
1752281189979 2.8952670000001035 14
1752281200145 3.1902469999999994 15
1752281210320 3.300473000000011 16
1752281220427 3.519463999999971 17
1752281230540 3.7246569999999792 18
1752281240692 3.8024290000000747 19
1752281250844 3.8369500000001153 20
1752281261092 3.8636719999999514 21
1752281271216 3.8899149999999736 22
1752281281480 3.98130900000001 23
1752281291715 4.028861000000006 24
1752281301857 4.079979000000094 25
1752281311976 4.103256999999985 26
1752281322069 4.12453000000005 27
1752281332236 4.202932000000146 28
1752281342360 4.282423000000108 29
1752281352541 4.359157999999979 30
1752281362632 4.403803000000153 31
1752281372807 4.4401000000000295 32
1752281382935 4.484005000000025 33
1752281393040 4.538541000000123 34
1752281403131 4.590683000000126 35
1752281413240 4.62795200000005 36
1752281423573 4.745296000000053 37
1752281433852 4.786874000000125 38
1752281444200 4.824460000000045 39
