1752281047368 0.0 0
1752281057659 0.10430000000002337 1
1752281067751 0.20728800000000547 2
1752281077977 0.22333100000003014 3
1752281088277 0.26108600000003435 4
1752281098398 0.32082200000002103 5
1752281108502 0.3419770000000426 6
1752281118659 0.398887000000002 7
1752281128864 0.41528600000003735 8
1752281139133 0.4893509999999992 9
1752281149308 0.7379530000000045 10
1752281159413 1.4365600000000427 11
1752281169590 1.6139210000000048 12
1752281179804 1.739870000000053 13
1752281189979 2.162711999999999 14
1752281200145 2.3670210000000225 15
1752281210320 2.4220430000000306 16
1752281220427 2.712149000000011 17
1752281230540 2.747130000000027 18
1752281240692 2.841220000000021 19
1752281250844 2.8585480000000416 20
1752281261092 2.8681850000000395 21
1752281271216 2.8783600000000433 22
1752281281480 2.9370720000000006 23
1752281291715 2.9683950000000436 24
1752281301857 3.011907000000008 25
1752281311976 3.0273220000000265 26
1752281322069 3.035878000000025 27
1752281332236 3.0835520000000542 28
1752281342360 3.184088000000031 29
1752281352541 3.2362060000000383 30
1752281362632 3.274667000000022 31
1752281372807 3.301039000000003 32
1752281382935 3.3282650000000444 33
1752281393040 3.374562000000026 34
1752281403131 3.409746000000041 35
1752281413240 3.434105000000045 36
1752281423573 3.515401000000054 37
1752281433852 3.534492 38
1752281444200 3.5575110000000336 39
