1752281047368 56.5 0
1752281057659 57.8 1
1752281067751 58.4 2
1752281077977 59.5 3
1752281088277 58.4 4
1752281098398 58.4 5
1752281108502 58.2 6
1752281118659 58.1 7
1752281128864 58.4 8
1752281139133 58.7 9
1752281149308 59.3 10
1752281159413 59.7 11
1752281169590 60.2 12
1752281179804 59.3 13
1752281189979 59.0 14
1752281200145 60.2 15
1752281210320 59.4 16
1752281220427 58.8 17
1752281230540 59.2 18
1752281240692 59.5 19
1752281250844 59.3 20
1752281261092 58.4 21
1752281271216 59.3 22
1752281281480 58.8 23
1752281291715 59.3 24
1752281301857 58.9 25
1752281311976 60.1 26
1752281322069 58.9 27
1752281332236 60.1 28
1752281342360 59.2 29
1752281352541 59.7 30
1752281362632 59.0 31
1752281372807 60.1 32
1752281382935 59.1 33
1752281393040 60.2 34
1752281403131 59.2 35
1752281413240 60.2 36
1752281423573 59.4 37
1752281433852 59.0 38
1752281444200 59.4 39
