1752281047368 19229.2 0
1752281057659 19657.2 1
1752281067751 19865.6 2
1752281077977 20247.2 3
1752281088277 19856.5 4
1752281098398 19877.1 5
1752281108502 19811.1 6
1752281118659 19765.7 7
1752281128864 19857.8 8
1752281139133 19965.3 9
1752281149308 20165.1 10
1752281159413 20315.6 11
1752281169590 20491.9 12
1752281179804 20192.7 13
1752281189979 20080.4 14
1752281200145 20498.2 15
1752281210320 20211.6 16
1752281220427 20020.2 17
1752281230540 20159.3 18
1752281240692 20259.4 19
1752281250844 20183.7 20
1752281261092 19856.1 21
1752281271216 20167.1 22
1752281281480 20002.3 23
1752281291715 20188.8 24
1752281301857 20036.2 25
1752281311976 20453.3 26
1752281322069 20045.5 27
1752281332236 20456.8 28
1752281342360 20152.6 29
1752281352541 20305.3 30
1752281362632 20078.6 31
1752281372807 20449.0 32
1752281382935 20102.7 33
1752281393040 20479.9 34
1752281403131 20139.6 35
1752281413240 20498.1 36
1752281423573 20202.8 37
1752281433852 20078.7 38
1752281444200 20202.8 39
