1750777364995 0.007781517775731898 0
1750777373173 0.021699328059913023 1
1750777376198 0.017453029251142803 2
1750777380163 0.01574341976711601 3
1750777385345 0.012914004559728794 4
1750777393707 631.8705991058 5
1750777399789 0.00930708420117652 6
1750777407119 0.009492915769452924 7
1750777414450 4589.551411191253 8
1750777420154 0.011467022171321539 9
1750777427860 116.52669875205379 10
1750777434342 0.009301689516820429 11
1750777462640 242.24177151929823 12
1750777469762 134.144992949636 13
1750777474859 3554.287266493203 14
1750777490732 0.011189536329858215 15
1750777509854 0.006394334307988471 16
1750777529126 0.0071895760413872 17
1750777541801 0.02772719236674414 18
1750777544775 0.020630042855027272 19
1750777572523 0.007947642666834792 0
