1752265734829 0.0 0
1752265745042 0.048922000000061416 1
1752265755497 0.08884599999998954 2
1752265765593 0.13212800000007974 3
1752265775775 0.14946400000007998 4
1752265785908 0.2132680000000846 5
1752265796007 0.2392489999999725 6
1752265806151 0.4091040000000703 7
1752265816327 0.5149180000000797 8
1752265826498 0.6039150000000291 9
1752265836633 0.6610110000000304 10
1752265846769 0.6889130000000705 11
1752265856921 0.7862480000000005 12
1752265867107 4.0526290000000245 13
1752265877282 4.180597000000034 14
1752265887446 5.197728999999981 15
1752265897577 6.334038000000078 16
1752265907835 6.394116000000054 17
