1752265734829 0.0 0
1752265745042 0.30993700000004765 1
1752265755497 0.3811460000000011 2
1752265765593 0.4345620000000281 3
1752265775775 0.4512990000000059 4
1752265785908 0.4903040000000374 5
1752265796007 0.5101850000000354 6
1752265806151 0.5807890000000384 7
1752265816327 0.7230540000000474 8
1752265826498 0.7937459999999987 9
1752265836633 0.8361580000000117 10
1752265846769 0.8571070000000418 11
1752265856921 0.9552690000000439 12
1752265867107 1.3250880000000507 13
1752265877282 1.3822270000000003 14
1752265887446 1.5433670000000461 15
1752265897577 1.7661170000000084 16
1752265907835 1.8823650000000498 17
