1752285243929 0.0 0
1752285254002 17.6 1
1752285264077 43.5 2
1752285274233 48.5 3
1752285284368 47.6 4
1752285294458 46.4 5
1752285304588 46.6 6
1752285314759 49.5 7
1752285324868 45.1 8
1752285335024 47.1 9
1752285345169 46.7 10
1752285355275 47.6 11
1752285365373 45.7 12
1752285375451 45.0 13
1752285385547 45.8 14
1752285395667 49.3 15
1752285405799 50.5 16
1752285415975 46.4 17
1752285426199 47.3 18
1752285436394 50.3 19
1752285446534 46.2 20
1752285456706 46.0 21
1752285466829 47.3 22
1752285476961 46.6 23
1752285487087 47.8 24
1752285497179 51.0 25
1752285507266 47.6 26
1752285517358 48.7 27
1752285527472 48.5 28
1752285537595 49.5 29
1752285547780 50.2 30
1752285557938 49.2 31
1752285568100 49.5 32
1752285578184 47.0 33
1752285588318 24.9 34
1752285598455 43.0 35
1752285608545 48.4 36
1752285618718 47.3 37
1752285628821 50.8 38
1752285638952 51.9 39
1752285649074 49.1 40
1752285659184 50.2 41
1752285669378 49.4 42
1752285679605 49.5 43
1752285689688 51.4 44
1752285699879 49.3 45
1752285710014 48.1 46
1752285720212 53.8 47
1752285730321 49.3 48
1752285740468 49.5 49
1752285750581 48.3 50
1752285760671 49.4 51
1752285770773 49.5 52
1752285780917 47.7 53
1752285791036 49.7 54
1752285801184 47.4 55
1752285811327 50.0 56
1752285821504 46.6 57
1752285831654 50.0 58
1752285841786 49.0 59
1752285851917 50.1 60
1752285862079 49.2 61
1752285872214 53.7 62
1752285882344 48.4 63
1752285892432 41.6 64
1752285902560 24.9 65
1752285912752 48.0 66
1752285922936 48.8 67
1752285933110 49.3 68
1752285943256 49.5 69
1752285953354 50.9 70
1752285963578 47.8 71
1752285973687 49.7 72
1752285983897 48.0 73
1752285994056 51.0 74
1752286004168 48.3 75
1752286014270 49.8 76
1752286024346 49.7 77
1752286034443 47.7 78
1752286044532 50.4 79
1752286054633 50.2 80
1752286064723 51.3 81
1752286074833 48.9 82
1752286085041 50.8 83
1752286095205 49.8 84
1752286105359 46.9 85
1752286115535 48.1 86
1752286125640 47.0 87
1752286135735 48.3 88
1752286145844 45.4 89
1752286156095 49.5 90
1752286166284 47.8 91
1752286176420 47.0 92
1752286186521 46.0 93
1752286196660 47.6 94
1752286206816 47.3 95
1752286217085 45.6 96
1752286227248 48.1 97
1752286237409 46.8 98
1752286247580 50.6 99
1752286257700 51.4 100
1752286267854 47.1 101
1752286277984 47.6 102
1752286288168 49.5 103
1752286298376 20.9 104
1752286308477 46.0 105
1752286318680 45.7 106
1752286328830 45.8 107
1752286338974 47.1 108
1752286349111 48.9 109
1752286359293 44.9 110
1752286369473 47.0 111
1752286379628 46.9 112
1752286389773 47.7 113
1752286399967 45.6 114
1752286410135 46.5 115
1752286420296 45.2 116
1752286430484 51.8 117
1752286440606 46.4 118
1752286450733 46.6 119
1752286460962 46.8 120
1752286471091 48.9 121
1752286481299 45.4 122
1752286491455 47.4 123
1752286501694 44.7 124
1752286511868 46.8 125
1752286522030 44.3 126
1752286532222 46.3 127
1752286542411 44.9 128
1752286553591 49.3 129
1752286563707 41.9 130
1752286573874 24.0 131
1752286583993 47.1 132
1752286594090 47.6 133
1752286604197 44.1 134
1752286614326 50.6 135
1752286624575 47.7 136
1752286634689 47.3 137
1752286644883 44.8 138
1752286655098 47.7 139
1752286665199 46.2 140
1752286675378 46.9 141
1752286685476 47.7 142
1752286695581 46.5 143
1752286705729 46.8 144
1752286715934 47.5 145
1752286726047 46.6 146
1752286736215 46.8 147
1752286746362 47.8 148
1752286756552 44.5 149
1752286766674 48.7 150
1752286776769 46.6 151
1752286786893 31.4 152
1752286797032 34.0 153
1752286807210 49.9 154
1752286817440 45.3 155
1752286827623 47.0 156
1752286837725 44.5 157
1752286847892 47.6 158
1752286858076 48.3 159
1752286868233 45.1 160
1752286878404 47.1 161
1752286888580 46.9 162
1752286898691 47.0 163
1752286908798 45.7 164
1752286918975 48.0 165
1752286929119 46.0 166
1752286939306 48.3 167
1752286949449 47.5 168
1752286959648 44.8 169
1752286969823 46.4 170
1752286980032 46.3 171
1752286990265 52.2 172
1752287000487 50.0 173
1752287010622 45.4 174
1752287020748 47.6 175
1752287030859 46.1 176
1752287040997 46.8 177
1752287051150 55.3 178
1752287061282 68.0 179
1752287071417 45.4 180
1752287081570 45.1 181
1752287091738 43.1 182
1752287101943 45.1 183
1752287112144 43.4 184
1752287122273 45.0 185
1752287132401 44.3 186
1752287142598 44.8 187
1752287152739 46.9 188
1752287162918 43.8 189
1752287173079 46.3 190
1752287183202 43.3 191
1752287193312 44.9 192
1752287203529 45.2 193
1752287213645 43.4 194
1752287223793 44.3 195
1752287233990 43.5 196
1752287244105 45.0 197
1752287254212 43.3 198
1752287264397 45.4 199
1752287274500 26.8 200
1752287284723 36.3 201
1752287294921 42.8 202
1752287305035 45.2 203
1752287315170 43.2 204
1752287325285 44.3 205
1752287335474 45.3 206
1752287345625 43.4 207
1752287355764 43.7 208
1752287366019 43.3 209
1752287376138 45.1 210
1752287386372 42.2 211
1752287396523 45.5 212
1752287406646 42.6 213
1752287416769 43.0 214
1752287426910 44.0 215
1752287437131 43.9 216
1752287447236 44.6 217
1752287457435 45.5 218
1752287467553 44.0 219
1752287477654 43.4 220
1752287487771 45.4 221
1752287497864 44.0 222
1752287508012 44.6 223
1752287518180 43.5 224
1752287528363 45.2 225
1752287538525 42.7 226
1752287548663 43.8 227
1752287558851 44.9 228
1752287569063 44.7 229
1752287579214 44.0 230
1752287589457 41.9 231
1752287599583 45.9 232
1752287609739 42.5 233
1752287619908 46.2 234
1752287630047 44.0 235
1752287640245 44.3 236
1752287650381 45.6 237
1752287660493 42.1 238
1752287670760 44.6 239
1752287680862 39.1 240
1752287690997 23.5 241
1752287701208 43.3 242
1752287711403 45.6 243
1752287721644 43.6 244
1752287731762 45.4 245
1752287741905 43.4 246
1752287752114 46.6 247
1752287762254 45.3 248
1752287772390 43.4 249
1752287782570 44.7 250
1752287792745 46.6 251
1752287802856 48.8 252
1752287812971 49.2 253
1752287823078 46.9 254
1752287833170 46.0 255
1752287843263 45.0 256
1752287853439 44.9 257
1752287863603 46.9 258
1752287873809 45.2 259
1752287883945 45.5 260
1752287894061 46.0 261
1752287904226 45.7 262
1752287914401 45.0 263
1752287924506 46.0 264
1752287934670 46.8 265
1752287944895 46.6 266
1752287955033 44.8 267
1752287965159 44.9 268
1752287975271 46.0 269
1752287985378 45.4 270
1752287995506 49.8 271
1752288005702 47.7 272
1752288015798 45.0 273
1752288025958 43.7 274
1752288036098 44.6 275
1752288046440 45.8 276
