1752285243929 261249.5 0
1752285254002 261250.7 1
1752285264077 261250.6 2
1752285274233 261250.6 3
1752285284368 261250.6 4
1752285294458 261250.6 5
1752285304588 261250.6 6
1752285314759 261250.6 7
1752285324868 261250.7 8
1752285335024 261250.6 9
1752285345169 261250.7 10
1752285355275 261250.8 11
1752285365373 261250.8 12
1752285375451 261250.8 13
1752285385547 261251.4 14
1752285395667 261251.5 15
1752285405799 261251.6 16
1752285415975 261251.6 17
1752285426199 261251.8 18
1752285436394 261251.9 19
1752285446534 261251.9 20
1752285456706 261251.9 21
1752285466829 261251.9 22
1752285476961 261251.9 23
1752285487087 261251.9 24
1752285497179 261253.0 25
1752285507266 261253.0 26
1752285517358 261253.0 27
1752285527472 261253.7 28
1752285537595 261253.7 29
1752285547780 261253.7 30
1752285557938 261253.7 31
1752285568100 261253.7 32
1752285578184 261253.7 33
1752285588318 261253.7 34
1752285598455 261253.7 35
1752285608545 261253.7 36
1752285618718 261253.8 37
1752285628821 261253.8 38
1752285638952 261253.0 39
1752285649074 261254.4 40
1752285659184 261254.5 41
1752285669378 261254.5 42
1752285679605 261254.5 43
1752285689688 261254.4 44
1752285699879 261254.4 45
1752285710014 261254.5 46
1752285720212 261254.6 47
1752285730321 261254.6 48
1752285740468 261254.7 49
1752285750581 261254.7 50
1752285760671 261254.7 51
1752285770773 261254.7 52
1752285780917 261254.7 53
1752285791036 261254.7 54
1752285801184 261254.7 55
1752285811327 261254.8 56
1752285821504 261254.9 57
1752285831654 261254.9 58
1752285841786 261254.9 59
1752285851917 261254.9 60
1752285862079 261255.0 61
1752285872214 261255.1 62
1752285882344 261255.1 63
1752285892432 261255.2 64
1752285902560 261255.3 65
1752285912752 261255.4 66
1752285922936 261255.4 67
1752285933110 261255.4 68
1752285943256 261255.5 69
1752285953354 261255.3 70
1752285963578 261255.3 71
1752285973687 261255.1 72
1752285983897 261255.1 73
1752285994056 261254.9 74
1752286004168 261253.1 75
1752286014270 261253.2 76
1752286024346 261253.2 77
1752286034443 261253.2 78
1752286044532 261253.2 79
1752286054633 261253.3 80
1752286064723 261253.3 81
1752286074833 261253.3 82
1752286085041 261253.3 83
1752286095205 261253.3 84
1752286105359 261252.9 85
1752286115535 261252.9 86
1752286125640 261253.1 87
1752286135735 261253.2 88
1752286145844 261253.2 89
1752286156095 261253.5 90
1752286166284 261253.5 91
1752286176420 261253.4 92
1752286186521 261253.4 93
1752286196660 261253.9 94
1752286206816 261253.9 95
1752286217085 261254.0 96
1752286227248 261254.0 97
1752286237409 261254.0 98
1752286247580 261254.0 99
1752286257700 261254.3 100
1752286267854 261254.3 101
1752286277984 261254.3 102
1752286288168 261254.3 103
1752286298376 261254.3 104
1752286308477 261254.3 105
1752286318680 261254.3 106
1752286328830 261254.4 107
1752286338974 261254.7 108
1752286349111 261254.6 109
1752286359293 261254.7 110
1752286369473 261254.7 111
1752286379628 261254.7 112
1752286389773 261254.7 113
1752286399967 261254.9 114
1752286410135 261254.9 115
1752286420296 261254.8 116
1752286430484 261255.0 117
1752286440606 261255.0 118
1752286450733 261255.5 119
1752286460962 261255.4 120
1752286471091 261255.5 121
1752286481299 261255.5 122
1752286491455 261255.6 123
1752286501694 261255.6 124
1752286511868 261255.6 125
1752286522030 261255.6 126
1752286532222 261255.6 127
1752286542411 261255.6 128
1752286553591 261255.7 129
1752286563707 261255.9 130
1752286573874 261255.9 131
1752286583993 261256.0 132
1752286594090 261256.0 133
1752286604197 261256.0 134
1752286614326 261256.0 135
1752286624575 261256.0 136
1752286634689 261256.1 137
1752286644883 261256.1 138
1752286655098 261256.1 139
1752286665199 261256.1 140
1752286675378 261256.1 141
1752286685476 261256.1 142
1752286695581 261256.1 143
1752286705729 261256.0 144
1752286715934 261255.9 145
1752286726047 261256.0 146
1752286736215 261255.9 147
1752286746362 261255.9 148
1752286756552 261255.9 149
1752286766674 261256.0 150
1752286776769 261272.3 151
1752286786893 261256.0 152
1752286797032 261256.1 153
1752286807210 261256.2 154
1752286817440 261256.4 155
1752286827623 261256.4 156
1752286837725 261256.5 157
1752286847892 261256.5 158
1752286858076 261256.6 159
1752286868233 261256.6 160
1752286878404 261256.6 161
1752286888580 261256.6 162
1752286898691 261256.6 163
1752286908798 261256.6 164
1752286918975 261257.2 165
1752286929119 261257.2 166
1752286939306 261257.2 167
1752286949449 261257.2 168
1752286959648 261257.2 169
1752286969823 261257.2 170
1752286980032 261257.2 171
1752286990265 261257.2 172
1752287000487 261257.2 173
1752287010622 261257.2 174
1752287020748 261257.2 175
1752287030859 261257.5 176
1752287040997 261257.7 177
1752287051150 261257.9 178
1752287061282 261218.3 179
1752287071417 261218.4 180
1752287081570 261218.4 181
1752287091738 261218.5 182
1752287101943 261218.6 183
1752287112144 261218.6 184
1752287122273 261218.5 185
1752287132401 261218.4 186
1752287142598 261218.5 187
1752287152739 261218.5 188
1752287162918 261218.6 189
1752287173079 261218.5 190
1752287183202 261218.5 191
1752287193312 261218.4 192
1752287203529 261218.4 193
1752287213645 261218.4 194
1752287223793 261218.4 195
1752287233990 261218.4 196
1752287244105 261218.3 197
1752287254212 261218.4 198
1752287264397 261218.4 199
1752287274500 261218.3 200
1752287284723 261218.3 201
1752287294921 261218.3 202
1752287305035 261218.3 203
1752287315170 261218.3 204
1752287325285 261218.2 205
1752287335474 261218.1 206
1752287345625 261218.1 207
1752287355764 261218.1 208
1752287366019 261218.1 209
1752287376138 261218.2 210
1752287386372 261218.1 211
1752287396523 261218.2 212
1752287406646 261218.2 213
1752287416769 261218.0 214
1752287426910 261218.1 215
1752287437131 261218.1 216
1752287447236 261218.2 217
1752287457435 261218.2 218
1752287467553 261218.3 219
1752287477654 261218.1 220
1752287487771 261218.0 221
1752287497864 261218.0 222
1752287508012 261218.1 223
1752287518180 261218.1 224
1752287528363 261218.0 225
1752287538525 261218.1 226
1752287548663 261218.0 227
1752287558851 261218.0 228
1752287569063 261218.0 229
1752287579214 261218.0 230
1752287589457 261218.0 231
1752287599583 261218.0 232
1752287609739 261218.0 233
1752287619908 261218.0 234
1752287630047 261217.9 235
1752287640245 261217.9 236
1752287650381 261217.9 237
1752287660493 261217.9 238
1752287670760 261217.9 239
1752287680862 261217.9 240
1752287690997 261213.6 241
1752287701208 261213.8 242
1752287711403 261213.7 243
1752287721644 261213.6 244
1752287731762 261213.6 245
1752287741905 261213.6 246
1752287752114 261213.7 247
1752287762254 261212.4 248
1752287772390 261212.6 249
1752287782570 261212.8 250
1752287792745 261213.0 251
1752287802856 261209.7 252
1752287812971 261210.0 253
1752287823078 261210.2 254
1752287833170 261210.3 255
1752287843263 261210.5 256
1752287853439 261210.7 257
1752287863603 261210.8 258
1752287873809 261211.0 259
1752287883945 261211.1 260
1752287894061 261211.4 261
1752287904226 261211.6 262
1752287914401 261211.7 263
1752287924506 261212.1 264
1752287934670 261212.7 265
1752287944895 261212.8 266
1752287955033 261213.0 267
1752287965159 261213.1 268
1752287975271 261213.4 269
1752287985378 261213.6 270
1752287995506 261212.4 271
1752288005702 261212.6 272
1752288015798 261212.9 273
1752288025958 261213.0 274
1752288036098 261213.2 275
1752288046440 261213.4 276
