1752285243929 25.5 0
1752285254002 25.5 1
1752285264077 25.5 2
1752285274233 25.5 3
1752285284368 25.5 4
1752285294458 25.5 5
1752285304588 25.5 6
1752285314759 25.5 7
1752285324868 25.5 8
1752285335024 25.5 9
1752285345169 25.5 10
1752285355275 25.5 11
1752285365373 25.5 12
1752285375451 25.5 13
1752285385547 25.5 14
1752285395667 25.5 15
1752285405799 25.5 16
1752285415975 25.5 17
1752285426199 25.5 18
1752285436394 25.5 19
1752285446534 25.5 20
1752285456706 25.5 21
1752285466829 25.5 22
1752285476961 25.5 23
1752285487087 25.5 24
1752285497179 25.5 25
1752285507266 25.5 26
1752285517358 25.5 27
1752285527472 25.5 28
1752285537595 25.5 29
1752285547780 25.5 30
1752285557938 25.5 31
1752285568100 25.5 32
1752285578184 25.5 33
1752285588318 25.5 34
1752285598455 25.5 35
1752285608545 25.5 36
1752285618718 25.5 37
1752285628821 25.5 38
1752285638952 25.5 39
1752285649074 25.5 40
1752285659184 25.5 41
1752285669378 25.5 42
1752285679605 25.5 43
1752285689688 25.5 44
1752285699879 25.5 45
1752285710014 25.5 46
1752285720212 25.5 47
1752285730321 25.5 48
1752285740468 25.5 49
1752285750581 25.5 50
1752285760671 25.5 51
1752285770773 25.5 52
1752285780917 25.5 53
1752285791036 25.5 54
1752285801184 25.5 55
1752285811327 25.5 56
1752285821504 25.5 57
1752285831654 25.5 58
1752285841786 25.5 59
1752285851917 25.5 60
1752285862079 25.5 61
1752285872214 25.5 62
1752285882344 25.5 63
1752285892432 25.5 64
1752285902560 25.5 65
1752285912752 25.5 66
1752285922936 25.5 67
1752285933110 25.5 68
1752285943256 25.5 69
1752285953354 25.5 70
1752285963578 25.5 71
1752285973687 25.5 72
1752285983897 25.5 73
1752285994056 25.5 74
1752286004168 25.5 75
1752286014270 25.5 76
1752286024346 25.5 77
1752286034443 25.5 78
1752286044532 25.5 79
1752286054633 25.5 80
1752286064723 25.5 81
1752286074833 25.5 82
1752286085041 25.5 83
1752286095205 25.5 84
1752286105359 25.5 85
1752286115535 25.5 86
1752286125640 25.5 87
1752286135735 25.5 88
1752286145844 25.5 89
1752286156095 25.5 90
1752286166284 25.5 91
1752286176420 25.5 92
1752286186521 25.5 93
1752286196660 25.5 94
1752286206816 25.5 95
1752286217085 25.5 96
1752286227248 25.5 97
1752286237409 25.5 98
1752286247580 25.5 99
1752286257700 25.5 100
1752286267854 25.5 101
1752286277984 25.5 102
1752286288168 25.5 103
1752286298376 25.5 104
1752286308477 25.5 105
1752286318680 25.5 106
1752286328830 25.5 107
1752286338974 25.5 108
1752286349111 25.5 109
1752286359293 25.5 110
1752286369473 25.5 111
1752286379628 25.5 112
1752286389773 25.5 113
1752286399967 25.5 114
1752286410135 25.5 115
1752286420296 25.5 116
1752286430484 25.5 117
1752286440606 25.5 118
1752286450733 25.5 119
1752286460962 25.5 120
1752286471091 25.5 121
1752286481299 25.5 122
1752286491455 25.5 123
1752286501694 25.5 124
1752286511868 25.5 125
1752286522030 25.5 126
1752286532222 25.5 127
1752286542411 25.5 128
1752286553591 25.5 129
1752286563707 25.5 130
1752286573874 25.5 131
1752286583993 25.5 132
1752286594090 25.5 133
1752286604197 25.5 134
1752286614326 25.5 135
1752286624575 25.5 136
1752286634689 25.5 137
1752286644883 25.5 138
1752286655098 25.5 139
1752286665199 25.5 140
1752286675378 25.5 141
1752286685476 25.5 142
1752286695581 25.5 143
1752286705729 25.5 144
1752286715934 25.5 145
1752286726047 25.5 146
1752286736215 25.5 147
1752286746362 25.5 148
1752286756552 25.5 149
1752286766674 25.5 150
1752286776769 25.5 151
1752286786893 25.5 152
1752286797032 25.5 153
1752286807210 25.5 154
1752286817440 25.5 155
1752286827623 25.5 156
1752286837725 25.5 157
1752286847892 25.5 158
1752286858076 25.5 159
1752286868233 25.5 160
1752286878404 25.5 161
1752286888580 25.5 162
1752286898691 25.5 163
1752286908798 25.5 164
1752286918975 25.5 165
1752286929119 25.5 166
1752286939306 25.5 167
1752286949449 25.5 168
1752286959648 25.5 169
1752286969823 25.5 170
1752286980032 25.5 171
1752286990265 25.5 172
1752287000487 25.5 173
1752287010622 25.5 174
1752287020748 25.5 175
1752287030859 25.5 176
1752287040997 25.5 177
1752287051150 25.5 178
1752287061282 25.5 179
1752287071417 25.5 180
1752287081570 25.5 181
1752287091738 25.5 182
1752287101943 25.5 183
1752287112144 25.5 184
1752287122273 25.5 185
1752287132401 25.5 186
1752287142598 25.5 187
1752287152739 25.5 188
1752287162918 25.5 189
1752287173079 25.5 190
1752287183202 25.5 191
1752287193312 25.5 192
1752287203529 25.5 193
1752287213645 25.5 194
1752287223793 25.5 195
1752287233990 25.5 196
1752287244105 25.5 197
1752287254212 25.5 198
1752287264397 25.5 199
1752287274500 25.5 200
1752287284723 25.5 201
1752287294921 25.5 202
1752287305035 25.5 203
1752287315170 25.5 204
1752287325285 25.5 205
1752287335474 25.5 206
1752287345625 25.5 207
1752287355764 25.5 208
1752287366019 25.5 209
1752287376138 25.5 210
1752287386372 25.5 211
1752287396523 25.5 212
1752287406646 25.5 213
1752287416769 25.5 214
1752287426910 25.5 215
1752287437131 25.5 216
1752287447236 25.5 217
1752287457435 25.5 218
1752287467553 25.5 219
1752287477654 25.5 220
1752287487771 25.5 221
1752287497864 25.5 222
1752287508012 25.5 223
1752287518180 25.5 224
1752287528363 25.5 225
1752287538525 25.5 226
1752287548663 25.5 227
1752287558851 25.5 228
1752287569063 25.5 229
1752287579214 25.5 230
1752287589457 25.5 231
1752287599583 25.5 232
1752287609739 25.5 233
1752287619908 25.5 234
1752287630047 25.5 235
1752287640245 25.5 236
1752287650381 25.5 237
1752287660493 25.5 238
1752287670760 25.5 239
1752287680862 25.5 240
1752287690997 25.5 241
1752287701208 25.5 242
1752287711403 25.5 243
1752287721644 25.5 244
1752287731762 25.5 245
1752287741905 25.5 246
1752287752114 25.5 247
1752287762254 25.5 248
1752287772390 25.5 249
1752287782570 25.5 250
1752287792745 25.5 251
1752287802856 25.5 252
1752287812971 25.5 253
1752287823078 25.5 254
1752287833170 25.5 255
1752287843263 25.5 256
1752287853439 25.5 257
1752287863603 25.5 258
1752287873809 25.5 259
1752287883945 25.5 260
1752287894061 25.5 261
1752287904226 25.5 262
1752287914401 25.5 263
1752287924506 25.5 264
1752287934670 25.5 265
1752287944895 25.5 266
1752287955033 25.5 267
1752287965159 25.5 268
1752287975271 25.5 269
1752287985378 25.5 270
1752287995506 25.5 271
1752288005702 25.5 272
1752288015798 25.5 273
1752288025958 25.5 274
1752288036098 25.5 275
1752288046440 25.5 276
