1752285243929 762144.2 0
1752285254002 762142.9 1
1752285264077 762143.0 2
1752285274233 762143.0 3
1752285284368 762143.0 4
1752285294458 762143.0 5
1752285304588 762143.0 6
1752285314759 762143.0 7
1752285324868 762142.9 8
1752285335024 762143.0 9
1752285345169 762142.9 10
1752285355275 762142.8 11
1752285365373 762142.9 12
1752285375451 762142.8 13
1752285385547 762142.3 14
1752285395667 762142.2 15
1752285405799 762142.0 16
1752285415975 762142.0 17
1752285426199 762141.8 18
1752285436394 762141.8 19
1752285446534 762141.8 20
1752285456706 762141.7 21
1752285466829 762141.7 22
1752285476961 762141.7 23
1752285487087 762141.7 24
1752285497179 762140.6 25
1752285507266 762140.6 26
1752285517358 762140.6 27
1752285527472 762139.9 28
1752285537595 762139.9 29
1752285547780 762139.9 30
1752285557938 762139.9 31
1752285568100 762139.9 32
1752285578184 762139.9 33
1752285588318 762139.9 34
1752285598455 762139.9 35
1752285608545 762139.9 36
1752285618718 762139.9 37
1752285628821 762139.9 38
1752285638952 762140.6 39
1752285649074 762139.2 40
1752285659184 762139.1 41
1752285669378 762139.1 42
1752285679605 762139.1 43
1752285689688 762139.2 44
1752285699879 762139.2 45
1752285710014 762139.1 46
1752285720212 762139.0 47
1752285730321 762139.0 48
1752285740468 762139.0 49
1752285750581 762139.0 50
1752285760671 762139.0 51
1752285770773 762139.0 52
1752285780917 762139.0 53
1752285791036 762138.9 54
1752285801184 762138.9 55
1752285811327 762138.8 56
1752285821504 762138.7 57
1752285831654 762138.7 58
1752285841786 762138.7 59
1752285851917 762138.7 60
1752285862079 762138.6 61
1752285872214 762138.5 62
1752285882344 762138.5 63
1752285892432 762138.4 64
1752285902560 762138.3 65
1752285912752 762138.3 66
1752285922936 762138.3 67
1752285933110 762138.2 68
1752285943256 762138.1 69
1752285953354 762138.4 70
1752285963578 762138.3 71
1752285973687 762138.5 72
1752285983897 762138.5 73
1752285994056 762138.7 74
1752286004168 762140.5 75
1752286014270 762140.4 76
1752286024346 762140.4 77
1752286034443 762140.4 78
1752286044532 762140.4 79
1752286054633 762140.4 80
1752286064723 762140.4 81
1752286074833 762140.4 82
1752286085041 762140.3 83
1752286095205 762140.3 84
1752286105359 762140.8 85
1752286115535 762140.7 86
1752286125640 762140.6 87
1752286135735 762140.4 88
1752286145844 762140.4 89
1752286156095 762140.2 90
1752286166284 762140.2 91
1752286176420 762140.2 92
1752286186521 762140.2 93
1752286196660 762139.8 94
1752286206816 762139.7 95
1752286217085 762139.6 96
1752286227248 762139.6 97
1752286237409 762139.6 98
1752286247580 762139.6 99
1752286257700 762139.3 100
1752286267854 762139.3 101
1752286277984 762139.3 102
1752286288168 762139.3 103
1752286298376 762139.3 104
1752286308477 762139.3 105
1752286318680 762139.3 106
1752286328830 762139.2 107
1752286338974 762139.0 108
1752286349111 762139.0 109
1752286359293 762138.9 110
1752286369473 762138.9 111
1752286379628 762138.9 112
1752286389773 762138.9 113
1752286399967 762138.7 114
1752286410135 762138.7 115
1752286420296 762138.8 116
1752286430484 762138.7 117
1752286440606 762138.7 118
1752286450733 762138.2 119
1752286460962 762138.2 120
1752286471091 762138.1 121
1752286481299 762138.1 122
1752286491455 762138.0 123
1752286501694 762138.1 124
1752286511868 762138.1 125
1752286522030 762138.0 126
1752286532222 762138.0 127
1752286542411 762138.0 128
1752286553591 762137.9 129
1752286563707 762137.7 130
1752286573874 762137.7 131
1752286583993 762137.6 132
1752286594090 762137.6 133
1752286604197 762137.6 134
1752286614326 762137.6 135
1752286624575 762137.6 136
1752286634689 762137.5 137
1752286644883 762137.5 138
1752286655098 762137.5 139
1752286665199 762137.5 140
1752286675378 762137.5 141
1752286685476 762137.5 142
1752286695581 762137.5 143
1752286705729 762137.7 144
1752286715934 762137.7 145
1752286726047 762137.7 146
1752286736215 762137.7 147
1752286746362 762137.7 148
1752286756552 762137.7 149
1752286766674 762137.7 150
1752286776769 762121.3 151
1752286786893 762137.6 152
1752286797032 762137.6 153
1752286807210 762137.4 154
1752286817440 762137.2 155
1752286827623 762137.2 156
1752286837725 762137.2 157
1752286847892 762137.1 158
1752286858076 762137.1 159
1752286868233 762137.1 160
1752286878404 762137.1 161
1752286888580 762137.1 162
1752286898691 762137.1 163
1752286908798 762137.0 164
1752286918975 762136.5 165
1752286929119 762136.4 166
1752286939306 762136.4 167
1752286949449 762136.4 168
1752286959648 762136.4 169
1752286969823 762136.4 170
1752286980032 762136.4 171
1752286990265 762136.4 172
1752287000487 762136.5 173
1752287010622 762136.5 174
1752287020748 762136.4 175
1752287030859 762136.1 176
1752287040997 762135.9 177
1752287051150 762135.8 178
1752287061282 762175.3 179
1752287071417 762175.2 180
1752287081570 762175.2 181
1752287091738 762175.1 182
1752287101943 762175.0 183
1752287112144 762175.0 184
1752287122273 762175.1 185
1752287132401 762175.3 186
1752287142598 762175.1 187
1752287152739 762175.1 188
1752287162918 762175.0 189
1752287173079 762175.1 190
1752287183202 762175.1 191
1752287193312 762175.2 192
1752287203529 762175.2 193
1752287213645 762175.2 194
1752287223793 762175.2 195
1752287233990 762175.2 196
1752287244105 762175.3 197
1752287254212 762175.2 198
1752287264397 762175.2 199
1752287274500 762175.3 200
1752287284723 762175.3 201
1752287294921 762175.3 202
1752287305035 762175.3 203
1752287315170 762175.3 204
1752287325285 762175.4 205
1752287335474 762175.5 206
1752287345625 762175.5 207
1752287355764 762175.5 208
1752287366019 762175.5 209
1752287376138 762175.5 210
1752287386372 762175.5 211
1752287396523 762175.5 212
1752287406646 762175.4 213
1752287416769 762175.6 214
1752287426910 762175.5 215
1752287437131 762175.5 216
1752287447236 762175.4 217
1752287457435 762175.4 218
1752287467553 762175.4 219
1752287477654 762175.5 220
1752287487771 762175.7 221
1752287497864 762175.6 222
1752287508012 762175.6 223
1752287518180 762175.6 224
1752287528363 762175.6 225
1752287538525 762175.5 226
1752287548663 762175.6 227
1752287558851 762175.6 228
1752287569063 762175.6 229
1752287579214 762175.6 230
1752287589457 762175.6 231
1752287599583 762175.6 232
1752287609739 762175.6 233
1752287619908 762175.6 234
1752287630047 762175.8 235
1752287640245 762175.8 236
1752287650381 762175.7 237
1752287660493 762175.7 238
1752287670760 762175.7 239
1752287680862 762175.7 240
1752287690997 762180.0 241
1752287701208 762179.9 242
1752287711403 762179.9 243
1752287721644 762180.0 244
1752287731762 762180.0 245
1752287741905 762180.0 246
1752287752114 762180.0 247
1752287762254 762181.2 248
1752287772390 762181.0 249
1752287782570 762180.9 250
1752287792745 762180.6 251
1752287802856 762183.9 252
1752287812971 762183.6 253
1752287823078 762183.4 254
1752287833170 762183.3 255
1752287843263 762183.2 256
1752287853439 762182.9 257
1752287863603 762182.8 258
1752287873809 762182.6 259
1752287883945 762182.5 260
1752287894061 762182.2 261
1752287904226 762182.0 262
1752287914401 762181.9 263
1752287924506 762181.5 264
1752287934670 762181.0 265
1752287944895 762180.8 266
1752287955033 762180.6 267
1752287965159 762180.5 268
1752287975271 762180.2 269
1752287985378 762180.1 270
1752287995506 762181.2 271
1752288005702 762181.0 272
1752288015798 762180.8 273
1752288025958 762180.6 274
1752288036098 762180.4 275
1752288046440 762180.3 276
