1752285243929 0.0 0
1752285254002 0.027052000000139742 1
1752285264077 0.05080900000007205 2
1752285274233 0.086819000000105 3
1752285284368 0.10599100000013095 4
1752285294458 0.12202700000011646 5
1752285304588 0.1909689999999955 6
1752285314759 0.2765429999999469 7
1752285324868 0.30798200000003817 8
1752285335024 0.325649999999996 9
1752285345169 0.3402129999999488 10
1752285355275 0.36630300000001625 11
1752285365373 0.44440800000006675 12
1752285375451 0.4612520000000586 13
1752285385547 0.4956610000001547 14
1752285395667 0.5560080000000198 15
1752285405799 0.6177769999999327 16
1752285415975 0.6842410000001564 17
1752285426199 0.7703309999999419 18
1752285436394 1.0236740000000282 19
1752285446534 1.0662469999999757 20
1752285456706 1.1137639999999465 21
1752285466829 1.1419550000000527 22
1752285476961 1.19289700000013 23
1752285487087 1.2208729999999832 24
1752285497179 1.3000819999999749 25
1752285507266 1.3261750000001484 26
1752285517358 1.3419840000001386 27
1752285527472 1.3567960000000312 28
1752285537595 1.4113059999999678 29
1752285547780 1.4343490000001111 30
1752285557938 1.4597290000001522 31
1752285568100 1.5350770000000011 32
1752285578184 1.5677980000000389 33
1752285588318 1.5818460000000414 34
1752285598455 1.6284550000000309 35
1752285608545 1.6735869999999977 36
1752285618718 1.687802000000147 37
1752285628821 1.7407889999999497 38
1752285638952 10.92797500000006 39
1752285649074 10.963756999999987 40
1752285659184 11.074272000000065 41
1752285669378 11.104804999999942 42
1752285679605 11.134139000000005 43
1752285689688 11.426580000000058 44
1752285699879 11.445349999999962 45
1752285710014 11.463371000000052 46
1752285720212 11.503764000000047 47
1752285730321 11.525921000000153 48
1752285740468 11.669433000000026 49
1752285750581 11.7060120000001 50
1752285760671 11.733326000000034 51
1752285770773 11.76450100000011 52
1752285780917 11.854125000000067 53
1752285791036 11.875774999999976 54
1752285801184 11.914132999999993 55
1752285811327 11.964379000000008 56
1752285821504 11.975499000000127 57
1752285831654 12.004806000000144 58
1752285841786 12.054857000000084 59
1752285851917 12.07752400000004 60
1752285862079 12.096115999999938 61
1752285872214 12.169757000000118 62
1752285882344 12.179165000000012 63
1752285892432 12.189660000000003 64
1752285902560 12.243341999999984 65
1752285912752 12.275036 66
1752285922936 12.328304000000117 67
1752285933110 12.351951999999983 68
1752285943256 12.360640999999987 69
1752285953354 12.385806000000002 70
1752285963578 12.421849000000066 71
1752285973687 12.428589999999986 72
1752285983897 12.453404999999975 73
1752285994056 12.482392000000118 74
1752286004168 12.50041699999997 75
1752286014270 12.513924000000088 76
1752286024346 12.590304999999944 77
1752286034443 12.617099000000053 78
1752286044532 12.758276000000023 79
1752286054633 12.853745000000117 80
1752286064723 12.875461000000087 81
1752286074833 12.89012200000002 82
1752286085041 12.983339000000115 83
1752286095205 12.989039000000048 84
1752286105359 13.001481000000013 85
1752286115535 13.015844000000016 86
1752286125640 13.019657000000052 87
1752286135735 13.04412400000001 88
1752286145844 13.11249900000007 89
1752286156095 13.15966000000003 90
1752286166284 13.17467899999997 91
1752286176420 13.202682000000095 92
1752286186521 13.22459200000003 93
1752286196660 13.276164999999992 94
1752286206816 13.284274000000096 95
1752286217085 13.345052000000123 96
1752286227248 13.360591999999997 97
1752286237409 13.391283000000158 98
1752286247580 13.480911000000106 99
1752286257700 13.553802000000132 100
1752286267854 13.573051999999961 101
1752286277984 13.578183999999965 102
1752286288168 13.604422000000113 103
1752286298376 13.680898999999954 104
1752286308477 13.698317000000088 105
1752286318680 13.712758000000122 106
1752286328830 13.734075000000075 107
1752286338974 13.93649900000014 108
1752286349111 13.945721000000049 109
1752286359293 14.001837000000023 110
1752286369473 14.053254000000152 111
1752286379628 14.157418000000007 112
1752286389773 14.433866999999964 113
1752286399967 14.477497999999969 114
1752286410135 14.487444000000096 115
1752286420296 14.52238699999998 116
1752286430484 14.622201000000132 117
1752286440606 14.660268000000087 118
1752286450733 14.699793 119
1752286460962 14.706515000000081 120
1752286471091 14.71446200000014 121
1752286481299 14.739708999999948 122
1752286491455 14.746973000000025 123
1752286501694 14.807833999999957 124
1752286511868 14.846124000000145 125
1752286522030 14.886903000000075 126
1752286532222 14.90885400000002 127
1752286542411 14.954807000000073 128
1752286553591 15.08092899999997 129
1752286563707 15.18351400000006 130
1752286573874 15.211119999999937 131
1752286583993 15.369185000000016 132
1752286594090 15.474926000000096 133
1752286604197 15.532459000000017 134
1752286614326 15.620832999999948 135
1752286624575 15.713130000000092 136
1752286634689 15.817651999999953 137
1752286644883 15.994276000000127 138
1752286655098 16.03108199999997 139
1752286665199 16.065673999999944 140
1752286675378 16.071844000000056 141
1752286685476 16.153839999999946 142
1752286695581 16.17731300000014 143
1752286705729 16.246036000000004 144
1752286715934 16.253416000000016 145
1752286726047 16.290007999999943 146
1752286736215 16.359769000000142 147
1752286746362 16.44204600000012 148
1752286756552 16.520967000000155 149
1752286766674 16.55513700000006 150
1752286776769 16.603254000000106 151
1752286786893 16.645473000000038 152
1752286797032 16.68720200000007 153
1752286807210 16.76502500000015 154
1752286817440 16.891800999999987 155
1752286827623 16.90234200000009 156
1752286837725 16.942870000000084 157
1752286847892 16.96809499999995 158
1752286858076 17.136359999999968 159
1752286868233 17.169174999999996 160
1752286878404 17.189401999999973 161
1752286888580 17.216771000000108 162
1752286898691 17.29521100000011 163
1752286908798 17.35717599999998 164
1752286918975 17.38701900000001 165
1752286929119 17.426433999999972 166
1752286939306 17.591241000000082 167
1752286949449 17.616521000000148 168
1752286959648 17.655234999999948 169
1752286969823 17.69455199999993 170
1752286980032 17.799003999999968 171
1752286990265 17.869466000000102 172
1752287000487 17.924463999999944 173
1752287010622 17.97057700000005 174
1752287020748 18.00143100000014 175
1752287030859 18.01829399999997 176
1752287040997 18.14451299999996 177
1752287051150 18.19043099999999 178
1752287061282 18.225486000000046 179
1752287071417 18.25604999999996 180
1752287081570 18.27652400000011 181
1752287091738 18.307542000000012 182
1752287101943 18.37143500000002 183
1752287112144 18.45052499999997 184
1752287122273 18.489222000000154 185
1752287132401 18.51492099999996 186
1752287142598 18.544221000000107 187
1752287152739 18.58204999999998 188
1752287162918 18.659929000000147 189
1752287173079 18.69323099999997 190
1752287183202 18.718503000000055 191
1752287193312 18.764345999999932 192
1752287203529 18.79593 193
1752287213645 18.80881999999997 194
1752287223793 18.908898000000136 195
1752287233990 18.986014999999952 196
1752287244105 19.140791000000036 197
1752287254212 19.21166900000003 198
1752287264397 19.260351000000128 199
1752287274500 19.280783000000156 200
1752287284723 19.40908400000012 201
1752287294921 19.423328000000083 202
1752287305035 19.435707000000093 203
1752287315170 19.455666000000065 204
1752287325285 19.46571199999994 205
1752287335474 19.48498900000004 206
1752287345625 19.519759000000022 207
1752287355764 19.536219999999958 208
1752287366019 19.548692000000074 209
1752287376138 19.591932000000043 210
1752287386372 19.638589000000138 211
1752287396523 19.68417999999997 212
1752287406646 19.71460400000001 213
1752287416769 19.748532999999952 214
1752287426910 19.758935000000065 215
1752287437131 19.79081999999994 216
1752287447236 19.814814999999953 217
1752287457435 19.918080000000145 218
1752287467553 19.956245999999965 219
1752287477654 19.995130000000017 220
1752287487771 20.171375000000126 221
1752287497864 20.219776000000138 222
1752287508012 20.275086999999985 223
1752287518180 20.312127000000146 224
1752287528363 20.353822000000036 225
1752287538525 20.50296100000014 226
1752287548663 20.538224000000127 227
1752287558851 20.559459999999945 228
1752287569063 20.595457000000124 229
1752287579214 20.68928700000015 230
1752287589457 20.707554000000073 231
1752287599583 20.743993000000046 232
1752287609739 20.769122000000152 233
1752287619908 20.778207000000066 234
1752287630047 20.827314000000115 235
1752287640245 20.860754000000043 236
1752287650381 20.89136499999995 237
1752287660493 20.91216099999997 238
1752287670760 20.93634300000008 239
1752287680862 20.948104000000058 240
1752287690997 21.055630000000065 241
1752287701208 21.072901 242
1752287711403 21.097661000000016 243
1752287721644 21.15659000000005 244
1752287731762 21.170990000000074 245
1752287741905 21.184437000000116 246
1752287752114 21.25075300000003 247
1752287762254 21.280355999999983 248
1752287772390 21.29310600000008 249
1752287782570 21.33948200000009 250
1752287792745 21.36262600000009 251
1752287802856 21.690050000000156 252
1752287812971 21.765057999999954 253
1752287823078 21.865227000000004 254
1752287833170 21.897435000000087 255
1752287843263 22.100171000000046 256
1752287853439 22.112859999999955 257
1752287863603 22.16237000000001 258
1752287873809 22.18440899999996 259
1752287883945 22.484451000000035 260
1752287894061 22.744316000000026 261
1752287904226 22.793811000000005 262
1752287914401 22.810598000000027 263
1752287924506 22.83142100000009 264
1752287934670 22.88659800000005 265
1752287944895 22.931453000000147 266
1752287955033 22.99387200000001 267
1752287965159 23.021016000000145 268
1752287975271 23.02707200000009 269
1752287985378 23.065135000000055 270
1752287995506 23.15826100000004 271
1752288005702 23.221389000000045 272
1752288015798 23.25628000000006 273
1752288025958 23.307988000000023 274
1752288036098 23.338208000000122 275
1752288046440 23.398621999999932 276
