1752285243929 0.0 0
1752285254002 0.058654000000046835 1
1752285264077 0.09006800000008752 2
1752285274233 0.21283500000004096 3
1752285284368 0.22567400000002635 4
1752285294458 0.23920400000008613 5
1752285304588 0.297820999999999 6
1752285314759 0.3982170000000451 7
1752285324868 0.4315040000000181 8
1752285335024 0.4486650000000054 9
1752285345169 0.4613440000000537 10
1752285355275 0.4955200000000559 11
1752285365373 0.5853660000000218 12
1752285375451 0.6109820000000354 13
1752285385547 0.6501279999999952 14
1752285395667 0.7365510000000768 15
1752285405799 1.280048000000079 16
1752285415975 1.5932500000000118 17
1752285426199 1.6647400000000516 18
1752285436394 1.7789980000000014 19
1752285446534 1.8270959999999832 20
1752285456706 1.87791100000004 21
1752285466829 1.9034730000000764 22
1752285476961 1.9508670000000166 23
1752285487087 1.9680369999999812 24
1752285497179 2.068373000000065 25
1752285507266 2.0966560000000527 26
1752285517358 2.111818000000085 27
1752285527472 2.1249139999999898 28
1752285537595 2.1656320000000733 29
1752285547780 2.202192000000082 30
1752285557938 2.2143040000000838 31
1752285568100 2.283633000000009 32
1752285578184 2.3226100000000542 33
1752285588318 2.329160999999999 34
1752285598455 2.382718000000068 35
1752285608545 2.417726000000016 36
1752285618718 2.431286 37
1752285628821 2.700270000000046 38
1752285638952 3.493681000000038 39
1752285649074 3.5326780000000326 40
1752285659184 3.6362740000000713 41
1752285669378 3.6672530000000734 42
1752285679605 3.721924000000058 43
1752285689688 3.894356000000016 44
1752285699879 3.912304000000063 45
1752285710014 3.922302000000059 46
1752285720212 3.9700820000000476 47
1752285730321 3.9878350000000182 48
1752285740468 4.0141909999999825 49
1752285750581 4.050601000000029 50
1752285760671 4.070521999999983 51
1752285770773 4.103980999999976 52
1752285780917 4.177481000000057 53
1752285791036 4.200434000000087 54
1752285801184 4.249376999999981 55
1752285811327 4.296947000000046 56
1752285821504 4.308766999999989 57
1752285831654 4.333524000000011 58
1752285841786 4.390406999999982 59
1752285851917 4.40643799999998 60
1752285862079 4.425273000000061 61
1752285872214 4.525563000000034 62
1752285882344 4.535792000000015 63
1752285892432 4.545545000000061 64
1752285902560 4.586958999999979 65
1752285912752 4.638634000000025 66
1752285922936 4.666689000000019 67
1752285933110 4.694819000000052 68
1752285943256 4.701098000000002 69
1752285953354 4.7223690000000715 70
1752285963578 4.757103000000029 71
1752285973687 4.761277000000064 72
1752285983897 4.779887000000031 73
1752285994056 4.8039170000000695 74
1752286004168 4.813567000000035 75
1752286014270 4.8244430000000875 76
1752286024346 4.9055980000000545 77
1752286034443 4.940870000000018 78
1752286044532 4.962329000000068 79
1752286054633 5.07792100000006 80
1752286064723 5.094715000000065 81
1752286074833 5.104846000000066 82
1752286085041 5.169298000000026 83
1752286095205 5.172691999999984 84
1752286105359 5.183120000000031 85
1752286115535 5.202425000000062 86
1752286125640 5.206276000000003 87
1752286135735 5.226237000000083 88
1752286145844 5.296906000000035 89
1752286156095 5.340188000000012 90
1752286166284 5.351538000000005 91
1752286176420 5.383501000000024 92
1752286186521 5.406790999999998 93
1752286196660 5.461613000000057 94
1752286206816 5.4664750000000595 95
1752286217085 5.528981000000044 96
1752286227248 5.541507000000024 97
1752286237409 5.59049200000004 98
1752286247580 5.676986000000056 99
1752286257700 5.743572000000086 100
1752286267854 5.7592200000000275 101
1752286277984 5.763922999999977 102
1752286288168 5.778978000000052 103
1752286298376 5.846214000000032 104
1752286308477 5.8607789999999795 105
1752286318680 5.8723790000000236 106
1752286328830 5.89020800000003 107
1752286338974 5.9492460000000165 108
1752286349111 5.955732000000012 109
1752286359293 6.005808000000002 110
1752286369473 6.049321000000077 111
1752286379628 6.155106000000046 112
1752286389773 6.479914000000008 113
1752286399967 6.544918000000052 114
1752286410135 6.558247000000051 115
1752286420296 6.594073999999978 116
1752286430484 6.738410000000044 117
1752286440606 6.774441000000024 118
1752286450733 6.809492999999975 119
1752286460962 6.811329999999998 120
1752286471091 6.816776000000004 121
1752286481299 6.838156000000026 122
1752286491455 6.852145000000064 123
1752286501694 6.906135000000063 124
1752286511868 6.9408070000000635 125
1752286522030 6.978401000000076 126
1752286532222 6.986606000000052 127
1752286542411 7.0347000000000435 128
1752286553591 7.142970999999989 129
1752286563707 7.246153000000049 130
1752286573874 7.282220000000052 131
1752286583993 7.350884000000065 132
1752286594090 7.390994999999975 133
1752286604197 7.433875000000057 134
1752286614326 7.527287999999999 135
1752286624575 7.697349000000031 136
1752286634689 7.766004000000066 137
1752286644883 7.804028000000017 138
1752286655098 7.82954600000005 139
1752286665199 7.867358000000081 140
1752286675378 7.873532000000068 141
1752286685476 7.943166000000019 142
1752286695581 7.9618410000000495 143
1752286705729 8.003349000000071 144
1752286715934 8.011813000000075 145
1752286726047 8.049257000000011 146
1752286736215 8.122091000000069 147
1752286746362 8.194725000000062 148
1752286756552 8.258563999999978 149
1752286766674 8.282521000000088 150
1752286776769 8.320189000000028 151
1752286786893 8.373713000000066 152
1752286797032 8.419067000000041 153
1752286807210 8.516309999999976 154
1752286817440 8.570903000000044 155
1752286827623 8.57928000000004 156
1752286837725 8.602051000000074 157
1752286847892 8.63243 158
1752286858076 8.751592000000073 159
1752286868233 8.78581500000007 160
1752286878404 8.80800099999999 161
1752286888580 8.829155000000014 162
1752286898691 8.897505000000024 163
1752286908798 8.955410000000029 164
1752286918975 8.995949999999993 165
1752286929119 9.043645000000083 166
1752286939306 9.07603400000005 167
1752286949449 9.097200000000043 168
1752286959648 9.12979400000006 169
1752286969823 9.180986000000075 170
1752286980032 9.241873000000055 171
1752286990265 9.335348000000067 172
1752287000487 9.392386999999985 173
1752287010622 9.43999000000008 174
1752287020748 9.467531000000008 175
1752287030859 9.494462999999996 176
1752287040997 9.583157000000028 177
1752287051150 9.621281000000067 178
1752287061282 9.662637000000018 179
1752287071417 9.695526000000086 180
1752287081570 9.72144000000003 181
1752287091738 9.751311999999984 182
1752287101943 9.81876699999998 183
1752287112144 9.889083000000028 184
1752287122273 9.926196000000004 185
1752287132401 9.948487999999998 186
1752287142598 9.975937000000044 187
1752287152739 10.02145500000006 188
1752287162918 10.099733000000015 189
1752287173079 10.129251000000068 190
1752287183202 10.15017899999998 191
1752287193312 10.180746 192
1752287203529 10.205630000000042 193
1752287213645 10.235283999999979 194
1752287223793 10.33981700000004 195
1752287233990 10.427000000000021 196
1752287244105 10.458713999999986 197
1752287254212 10.519677999999999 198
1752287264397 10.567607000000066 199
1752287274500 10.60286700000006 200
1752287284723 10.73704900000007 201
1752287294921 10.747976999999992 202
1752287305035 10.761032 203
1752287315170 10.779082000000017 204
1752287325285 10.790575999999987 205
1752287335474 10.815695000000005 206
1752287345625 10.845792000000074 207
1752287355764 10.861763999999994 208
1752287366019 10.871434000000022 209
1752287376138 10.905299000000014 210
1752287386372 10.953730000000064 211
1752287396523 11.019431000000054 212
1752287406646 11.043397000000027 213
1752287416769 11.07801900000004 214
1752287426910 11.087701000000038 215
1752287437131 11.115032000000042 216
1752287447236 11.139737000000082 217
1752287457435 11.250928000000044 218
1752287467553 11.286412000000041 219
1752287477654 11.326131000000032 220
1752287487771 11.41074100000003 221
1752287497864 11.451019000000088 222
1752287508012 11.496890000000008 223
1752287518180 11.535057000000052 224
1752287528363 11.57910000000004 225
1752287538525 11.610314000000017 226
1752287548663 11.63299900000004 227
1752287558851 11.659564000000046 228
1752287569063 11.684699000000023 229
1752287579214 11.772371000000021 230
1752287589457 11.811757000000057 231
1752287599583 11.849463000000014 232
1752287609739 11.86991999999998 233
1752287619908 11.880235000000084 234
1752287630047 11.925231000000053 235
1752287640245 11.968121999999994 236
1752287650381 12.00508400000001 237
1752287660493 12.026242000000025 238
1752287670760 12.048408999999992 239
1752287680862 12.05994700000008 240
1752287690997 12.124922000000083 241
1752287701208 12.149178000000006 242
1752287711403 12.167570000000069 243
1752287721644 12.220926000000077 244
1752287731762 12.227837000000022 245
1752287741905 12.241651000000047 246
1752287752114 12.303789000000052 247
1752287762254 12.331342000000063 248
1752287772390 12.345353000000046 249
1752287782570 12.382880999999998 250
1752287792745 12.39965200000006 251
1752287802856 12.570456000000036 252
1752287812971 12.655611000000022 253
1752287823078 12.75465100000008 254
1752287833170 12.807275000000004 255
1752287843263 12.873298999999975 256
1752287853439 12.884709000000043 257
1752287863603 12.931903000000034 258
1752287873809 12.953291000000036 259
1752287883945 13.200861000000032 260
1752287894061 13.488607000000002 261
1752287904226 13.528985000000034 262
1752287914401 13.537573000000066 263
1752287924506 13.55112900000006 264
1752287934670 13.603976999999986 265
1752287944895 13.663962000000083 266
1752287955033 13.740297000000055 267
1752287965159 13.764278999999988 268
1752287975271 13.771895000000086 269
1752287985378 13.81339300000002 270
1752287995506 13.917441000000053 271
1752288005702 13.985418999999979 272
1752288015798 14.018013999999994 273
1752288025958 14.060955000000035 274
1752288036098 14.080069999999978 275
1752288046440 14.10762299999999 276
