1752285243929 19159.2 0
1752285254002 19310.9 1
1752285264077 19820.6 2
1752285274233 19473.8 3
1752285284368 19586.3 4
1752285294458 19590.2 5
1752285304588 19507.1 6
1752285314759 19570.5 7
1752285324868 19396.3 8
1752285335024 19460.3 9
1752285345169 19466.9 10
1752285355275 19538.9 11
1752285365373 19327.9 12
1752285375451 19923.9 13
1752285385547 19675.9 14
1752285395667 19651.8 15
1752285405799 19816.8 16
1752285415975 19565.5 17
1752285426199 19592.8 18
1752285436394 19706.1 19
1752285446534 19698.6 20
1752285456706 19672.7 21
1752285466829 19706.4 22
1752285476961 19713.9 23
1752285487087 19444.2 24
1752285497179 19958.1 25
1752285507266 19745.0 26
1752285517358 19723.9 27
1752285527472 19530.1 28
1752285537595 19482.2 29
1752285547780 19487.6 30
1752285557938 19442.6 31
1752285568100 19378.9 32
1752285578184 19752.8 33
1752285588318 19298.0 34
1752285598455 19569.1 35
1752285608545 19546.0 36
1752285618718 19509.3 37
1752285628821 19672.5 38
1752285638952 19946.1 39
1752285649074 19666.5 40
1752285659184 19460.8 41
1752285669378 19730.1 42
1752285679605 19617.3 43
1752285689688 19650.2 44
1752285699879 19726.8 45
1752285710014 19519.1 46
1752285720212 19422.4 47
1752285730321 19285.8 48
1752285740468 19669.9 49
1752285750581 19306.9 50
1752285760671 19675.2 51
1752285770773 19388.5 52
1752285780917 19759.2 53
1752285791036 19489.7 54
1752285801184 19326.1 55
1752285811327 19455.8 56
1752285821504 19121.4 57
1752285831654 19449.1 58
1752285841786 19361.2 59
1752285851917 19647.5 60
1752285862079 19404.6 61
1752285872214 19804.0 62
1752285882344 19404.3 63
1752285892432 19229.9 64
1752285902560 19943.3 65
1752285912752 19661.5 66
1752285922936 19542.8 67
1752285933110 19671.7 68
1752285943256 19517.2 69
1752285953354 19734.7 70
1752285963578 19616.1 71
1752285973687 19734.6 72
1752285983897 19606.2 73
1752285994056 19738.1 74
1752286004168 19471.9 75
1752286014270 19644.8 76
1752286024346 19778.2 77
1752286034443 19415.3 78
1752286044532 19637.3 79
1752286054633 19652.4 80
1752286064723 20006.1 81
1752286074833 19916.2 82
1752286085041 19612.7 83
1752286095205 19720.5 84
1752286105359 19689.2 85
1752286115535 19656.5 86
1752286125640 19575.3 87
1752286135735 19802.0 88
1752286145844 19606.1 89
1752286156095 19966.0 90
1752286166284 19574.0 91
1752286176420 19684.9 92
1752286186521 19559.5 93
1752286196660 19642.6 94
1752286206816 19718.0 95
1752286217085 19559.0 96
1752286227248 19679.0 97
1752286237409 19981.1 98
1752286247580 19652.1 99
1752286257700 19603.0 100
1752286267854 19808.0 101
1752286277984 19588.4 102
1752286288168 19540.9 103
1752286298376 19556.0 104
1752286308477 19758.6 105
1752286318680 19567.2 106
1752286328830 19757.1 107
1752286338974 19555.7 108
1752286349111 19720.3 109
1752286359293 19561.4 110
1752286369473 19954.7 111
1752286379628 19603.6 112
1752286389773 19894.7 113
1752286399967 19729.3 114
1752286410135 19844.5 115
1752286420296 20112.5 116
1752286430484 20121.3 117
1752286440606 19787.5 118
1752286450733 20124.0 119
1752286460962 19716.4 120
1752286471091 19865.6 121
1752286481299 19714.4 122
1752286491455 19855.2 123
1752286501694 19742.2 124
1752286511868 19861.0 125
1752286522030 19726.3 126
1752286532222 19878.8 127
1752286542411 19742.7 128
1752286553591 19884.6 129
1752286563707 19577.0 130
1752286573874 20096.1 131
1752286583993 19876.9 132
1752286594090 20021.4 133
1752286604197 19754.2 134
1752286614326 20210.8 135
1752286624575 20139.1 136
1752286634689 20031.5 137
1752286644883 19823.6 138
1752286655098 19965.5 139
1752286665199 19804.2 140
1752286675378 19966.9 141
1752286685476 20260.4 142
1752286695581 19911.3 143
1752286705729 20249.3 144
1752286715934 19851.6 145
1752286726047 20235.1 146
1752286736215 19733.3 147
1752286746362 20071.4 148
1752286756552 19978.1 149
1752286766674 19957.6 150
1752286776769 20100.4 151
1752286786893 19802.8 152
1752286797032 20480.4 153
1752286807210 20135.2 154
1752286817440 20042.7 155
1752286827623 20158.6 156
1752286837725 19832.5 157
1752286847892 20174.7 158
1752286858076 20294.1 159
1752286868233 20080.8 160
1752286878404 20252.4 161
1752286888580 20111.7 162
1752286898691 20202.6 163
1752286908798 20272.6 164
1752286918975 20195.3 165
1752286929119 20462.9 166
1752286939306 20073.8 167
1752286949449 20217.3 168
1752286959648 20074.0 169
1752286969823 20209.1 170
1752286980032 20496.6 171
1752286990265 20388.4 172
1752287000487 20064.7 173
1752287010622 20341.3 174
1752287020748 20031.6 175
1752287030859 20100.1 176
1752287040997 19859.9 177
1752287051150 20135.9 178
1752287061282 20006.7 179
1752287071417 20140.2 180
1752287081570 20198.3 181
1752287091738 20040.7 182
1752287101943 20190.8 183
1752287112144 19996.6 184
1752287122273 20166.1 185
1752287132401 20396.5 186
1752287142598 20140.6 187
1752287152739 20465.6 188
1752287162918 20069.7 189
1752287173079 20188.8 190
1752287183202 19955.6 191
1752287193312 20102.2 192
1752287203529 20444.9 193
1752287213645 20077.0 194
1752287223793 20391.9 195
1752287233990 20064.6 196
1752287244105 20218.0 197
1752287254212 19987.4 198
1752287264397 20179.5 199
1752287274500 19944.2 200
1752287284723 20578.7 201
1752287294921 20170.3 202
1752287305035 20316.8 203
1752287315170 20049.6 204
1752287325285 20252.0 205
1752287335474 20575.7 206
1752287345625 20207.1 207
1752287355764 20410.4 208
1752287366019 20183.0 209
1752287376138 20318.4 210
1752287386372 20181.1 211
1752287396523 20320.3 212
1752287406646 20463.2 213
1752287416769 20227.5 214
1752287426910 20574.0 215
1752287437131 20170.8 216
1752287447236 20333.2 217
1752287457435 20617.0 218
1752287467553 20219.5 219
1752287477654 20363.6 220
1752287487771 20738.3 221
1752287497864 20320.7 222
1752287508012 20497.7 223
1752287518180 20289.2 224
1752287528363 20401.5 225
1752287538525 20665.3 226
1752287548663 20263.2 227
1752287558851 20415.2 228
1752287569063 20283.5 229
1752287579214 20439.6 230
1752287589457 20284.9 231
1752287599583 20436.5 232
1752287609739 20188.1 233
1752287619908 20185.0 234
1752287630047 20404.3 235
1752287640245 20048.4 236
1752287650381 20184.2 237
1752287660493 19978.7 238
1752287670760 20094.5 239
1752287680862 19811.2 240
1752287690997 20361.7 241
1752287701208 20137.8 242
1752287711403 20287.4 243
1752287721644 20148.0 244
1752287731762 20259.5 245
1752287741905 20534.0 246
1752287752114 20137.6 247
1752287762254 20300.5 248
1752287772390 20056.9 249
1752287782570 20231.6 250
1752287792745 20798.5 251
1752287802856 20769.8 252
1752287812971 20594.1 253
1752287823078 20857.9 254
1752287833170 20851.8 255
1752287843263 21063.5 256
1752287853439 20803.1 257
1752287863603 20653.5 258
1752287873809 20685.3 259
1752287883945 20698.1 260
1752287894061 20679.9 261
1752287904226 21090.8 262
1752287914401 20814.1 263
1752287924506 20727.4 264
1752287934670 21110.0 265
1752287944895 20840.1 266
1752287955033 20729.6 267
1752287965159 20712.9 268
1752287975271 21102.1 269
1752287985378 20865.0 270
1752287995506 21329.1 271
1752288005702 20744.0 272
1752288015798 20860.0 273
1752288025958 20537.0 274
1752288036098 20750.6 275
1752288046440 20866.6 276
