1752285243929 56.3 0
1752285254002 56.7 1
1752285264077 58.2 2
1752285274233 57.2 3
1752285284368 57.6 4
1752285294458 57.6 5
1752285304588 57.3 6
1752285314759 57.5 7
1752285324868 57.0 8
1752285335024 57.2 9
1752285345169 57.2 10
1752285355275 57.4 11
1752285365373 56.8 12
1752285375451 58.5 13
1752285385547 57.8 14
1752285395667 57.8 15
1752285405799 58.2 16
1752285415975 57.5 17
1752285426199 57.6 18
1752285436394 57.9 19
1752285446534 57.9 20
1752285456706 57.8 21
1752285466829 57.9 22
1752285476961 57.9 23
1752285487087 57.1 24
1752285497179 58.7 25
1752285507266 58.0 26
1752285517358 58.0 27
1752285527472 57.4 28
1752285537595 57.3 29
1752285547780 57.3 30
1752285557938 57.1 31
1752285568100 56.9 32
1752285578184 58.0 33
1752285588318 56.7 34
1752285598455 57.5 35
1752285608545 57.4 36
1752285618718 57.3 37
1752285628821 57.8 38
1752285638952 58.6 39
1752285649074 57.8 40
1752285659184 57.2 41
1752285669378 58.0 42
1752285679605 57.6 43
1752285689688 57.7 44
1752285699879 58.0 45
1752285710014 57.4 46
1752285720212 57.1 47
1752285730321 56.7 48
1752285740468 57.8 49
1752285750581 56.7 50
1752285760671 57.8 51
1752285770773 57.0 52
1752285780917 58.1 53
1752285791036 57.3 54
1752285801184 56.8 55
1752285811327 57.2 56
1752285821504 56.2 57
1752285831654 57.2 58
1752285841786 56.9 59
1752285851917 57.7 60
1752285862079 57.0 61
1752285872214 58.2 62
1752285882344 57.0 63
1752285892432 56.5 64
1752285902560 58.6 65
1752285912752 57.8 66
1752285922936 57.4 67
1752285933110 57.8 68
1752285943256 57.4 69
1752285953354 58.0 70
1752285963578 57.6 71
1752285973687 58.0 72
1752285983897 57.6 73
1752285994056 58.0 74
1752286004168 57.2 75
1752286014270 57.7 76
1752286024346 58.1 77
1752286034443 57.1 78
1752286044532 57.7 79
1752286054633 57.8 80
1752286064723 58.8 81
1752286074833 58.5 82
1752286085041 57.6 83
1752286095205 58.0 84
1752286105359 57.9 85
1752286115535 57.8 86
1752286125640 57.5 87
1752286135735 58.2 88
1752286145844 57.6 89
1752286156095 58.7 90
1752286166284 57.5 91
1752286176420 57.8 92
1752286186521 57.5 93
1752286196660 57.7 94
1752286206816 57.9 95
1752286217085 57.5 96
1752286227248 57.8 97
1752286237409 58.7 98
1752286247580 57.8 99
1752286257700 57.6 100
1752286267854 58.2 101
1752286277984 57.6 102
1752286288168 57.4 103
1752286298376 57.5 104
1752286308477 58.1 105
1752286318680 57.5 106
1752286328830 58.1 107
1752286338974 57.5 108
1752286349111 58.0 109
1752286359293 57.5 110
1752286369473 58.6 111
1752286379628 57.6 112
1752286389773 58.5 113
1752286399967 58.0 114
1752286410135 58.3 115
1752286420296 59.1 116
1752286430484 59.1 117
1752286440606 58.1 118
1752286450733 59.1 119
1752286460962 57.9 120
1752286471091 58.4 121
1752286481299 57.9 122
1752286491455 58.3 123
1752286501694 58.0 124
1752286511868 58.4 125
1752286522030 58.0 126
1752286532222 58.4 127
1752286542411 58.0 128
1752286553591 58.4 129
1752286563707 57.5 130
1752286573874 59.1 131
1752286583993 58.4 132
1752286594090 58.8 133
1752286604197 58.1 134
1752286614326 59.4 135
1752286624575 59.2 136
1752286634689 58.9 137
1752286644883 58.3 138
1752286655098 58.7 139
1752286665199 58.2 140
1752286675378 58.7 141
1752286685476 59.5 142
1752286695581 58.5 143
1752286705729 59.5 144
1752286715934 58.3 145
1752286726047 59.5 146
1752286736215 58.0 147
1752286746362 59.0 148
1752286756552 58.7 149
1752286766674 58.6 150
1752286776769 59.1 151
1752286786893 58.2 152
1752286797032 60.2 153
1752286807210 59.2 154
1752286817440 58.9 155
1752286827623 59.2 156
1752286837725 58.3 157
1752286847892 59.3 158
1752286858076 59.6 159
1752286868233 59.0 160
1752286878404 59.5 161
1752286888580 59.1 162
1752286898691 59.4 163
1752286908798 59.6 164
1752286918975 59.3 165
1752286929119 60.1 166
1752286939306 59.0 167
1752286949449 59.4 168
1752286959648 59.0 169
1752286969823 59.4 170
1752286980032 60.2 171
1752286990265 59.9 172
1752287000487 59.0 173
1752287010622 59.8 174
1752287020748 58.9 175
1752287030859 59.1 176
1752287040997 58.4 177
1752287051150 59.2 178
1752287061282 58.8 179
1752287071417 59.2 180
1752287081570 59.4 181
1752287091738 58.9 182
1752287101943 59.3 183
1752287112144 58.8 184
1752287122273 59.3 185
1752287132401 59.9 186
1752287142598 59.2 187
1752287152739 60.1 188
1752287162918 59.0 189
1752287173079 59.3 190
1752287183202 58.6 191
1752287193312 59.1 192
1752287203529 60.1 193
1752287213645 59.0 194
1752287223793 59.9 195
1752287233990 59.0 196
1752287244105 59.4 197
1752287254212 58.7 198
1752287264397 59.3 199
1752287274500 58.6 200
1752287284723 60.5 201
1752287294921 59.3 202
1752287305035 59.7 203
1752287315170 58.9 204
1752287325285 59.5 205
1752287335474 60.5 206
1752287345625 59.4 207
1752287355764 60.0 208
1752287366019 59.3 209
1752287376138 59.7 210
1752287386372 59.3 211
1752287396523 59.7 212
1752287406646 60.1 213
1752287416769 59.4 214
1752287426910 60.5 215
1752287437131 59.3 216
1752287447236 59.8 217
1752287457435 60.6 218
1752287467553 59.4 219
1752287477654 59.8 220
1752287487771 60.9 221
1752287497864 59.7 222
1752287508012 60.2 223
1752287518180 59.6 224
1752287528363 60.0 225
1752287538525 60.7 226
1752287548663 59.5 227
1752287558851 60.0 228
1752287569063 59.6 229
1752287579214 60.1 230
1752287589457 59.6 231
1752287599583 60.1 232
1752287609739 59.3 233
1752287619908 59.3 234
1752287630047 60.0 235
1752287640245 58.9 236
1752287650381 59.3 237
1752287660493 58.7 238
1752287670760 59.1 239
1752287680862 58.2 240
1752287690997 59.8 241
1752287701208 59.2 242
1752287711403 59.6 243
1752287721644 59.2 244
1752287731762 59.5 245
1752287741905 60.3 246
1752287752114 59.2 247
1752287762254 59.7 248
1752287772390 58.9 249
1752287782570 59.5 250
1752287792745 61.1 251
1752287802856 61.0 252
1752287812971 60.5 253
1752287823078 61.3 254
1752287833170 61.3 255
1752287843263 61.9 256
1752287853439 61.1 257
1752287863603 60.7 258
1752287873809 60.8 259
1752287883945 60.8 260
1752287894061 60.8 261
1752287904226 62.0 262
1752287914401 61.2 263
1752287924506 60.9 264
1752287934670 62.0 265
1752287944895 61.2 266
1752287955033 60.9 267
1752287965159 60.9 268
1752287975271 62.0 269
1752287985378 61.3 270
1752287995506 62.7 271
1752288005702 61.0 272
1752288015798 61.3 273
1752288025958 60.4 274
1752288036098 61.0 275
1752288046440 61.3 276
