1750645994470 0.0 0
1750646004612 21.4 1
1750646014712 31.7 2
1750646024836 32.2 3
1750646034920 32.6 4
1750646045018 24.6 5
1750646055273 32.0 6
1750646066110 43.6 7
1750646076592 27.8 8
1750646087349 24.4 9
1750646098316 21.7 10
1750646109266 19.6 11
1750646119797 23.5 12
1750646130823 18.9 13
1750646141989 17.6 14
1750646152646 16.5 15
1750646163641 19.5 16
1750646174107 17.0 17
1750646184194 23.1 18
1750646194270 36.3 19
1750646204364 37.7 20
1750646214468 30.3 21
1750646224550 32.8 22
1750646234625 29.6 23
1750646244699 25.0 24
1750646254792 10.8 25
