1750645994470 765633.7 0
1750646004612 765633.3 1
1750646014712 765633.3 2
1750646024836 765633.2 3
1750646034920 765633.1 4
1750646045018 765633.1 5
1750646055273 765633.1 6
1750646066110 765618.4 7
1750646076592 765614.4 8
1750646087349 765606.4 9
1750646098316 765603.5 10
1750646109266 765600.3 11
1750646119797 765570.9 12
1750646130823 765569.1 13
1750646141989 765569.2 14
1750646152646 765568.9 15
1750646163641 765568.7 16
1750646174107 765568.8 17
1750646184194 765568.8 18
1750646194270 765568.6 19
1750646204364 765568.7 20
1750646214468 765568.7 21
1750646224550 765568.6 22
1750646234625 765568.6 23
1750646244699 765568.5 24
1750646254792 765568.5 25
