1750645994470 25.2 0
1750646004612 25.2 1
1750646014712 25.2 2
1750646024836 25.2 3
1750646034920 25.2 4
1750646045018 25.2 5
1750646055273 25.2 6
1750646066110 25.2 7
1750646076592 25.2 8
1750646087349 25.2 9
1750646098316 25.2 10
1750646109266 25.2 11
1750646119797 25.2 12
1750646130823 25.2 13
1750646141989 25.2 14
1750646152646 25.2 15
1750646163641 25.2 16
1750646174107 25.2 17
1750646184194 25.2 18
1750646194270 25.2 19
1750646204364 25.2 20
1750646214468 25.2 21
1750646224550 25.2 22
1750646234625 25.2 23
1750646244699 25.2 24
1750646254792 25.2 25
