1750645994470 257760.0 0
1750646004612 257760.3 1
1750646014712 257760.3 2
1750646024836 257760.4 3
1750646034920 257760.5 4
1750646045018 257760.6 5
1750646055273 257760.6 6
1750646066110 257775.2 7
1750646076592 257779.3 8
1750646087349 257787.3 9
1750646098316 257790.1 10
1750646109266 257793.3 11
1750646119797 257822.7 12
1750646130823 257824.5 13
1750646141989 257824.4 14
1750646152646 257824.7 15
1750646163641 257825.0 16
1750646174107 257824.8 17
1750646184194 257824.8 18
1750646194270 257825.0 19
1750646204364 257824.9 20
1750646214468 257824.9 21
1750646224550 257825.0 22
1750646234625 257825.0 23
1750646244699 257825.1 24
1750646254792 257825.1 25
