1750645994470 0.0 0
1750646004612 0.039371999999985974 1
1750646014712 0.0831890000000044 2
1750646024836 0.11973199999999906 3
1750646034920 0.14084099999999466 4
1750646045018 0.16656499999999141 5
1750646055273 0.18941999999998416 6
1750646066110 3.425284000000005 7
1750646076592 5.735124999999982 8
1750646087349 13.09871099999998 9
1750646098316 15.356697999999994 10
1750646109266 15.394805999999988 11
1750646119797 15.505099000000001 12
1750646130823 17.761646999999982 13
1750646141989 17.867335999999995 14
1750646152646 17.933076 15
1750646163641 18.010699999999986 16
1750646174107 18.02296099999998 17
1750646184194 18.070217999999983 18
1750646194270 18.169883 19
1750646204364 18.213480000000004 20
1750646214468 18.239959 21
1750646224550 18.267724999999984 22
1750646234625 18.278940000000006 23
1750646244699 18.28927999999999 24
1750646254792 18.355840999999998 25
