1750645994470 5.39999999915608e-05 0
1750646004612 0.16399599999999737 1
1750646014712 0.19171899999999198 2
1750646024836 0.22134099999999535 3
1750646034920 0.2415110000000027 4
1750646045018 0.2548089999999945 5
1750646055273 0.2619019999999921 6
1750646066110 0.9218350000000015 7
1750646076592 1.1958719999999943 8
1750646087349 1.2779359999999969 9
1750646098316 1.331120999999996 10
1750646109266 1.3683620000000047 11
1750646119797 1.4338809999999995 12
1750646130823 1.5383980000000008 13
1750646141989 1.5801979999999958 14
1750646152646 1.6180509999999941 15
1750646163641 1.6764280000000014 16
1750646174107 1.6788609999999977 17
1750646184194 1.7191779999999994 18
1750646194270 1.7952899999999943 19
1750646204364 1.811081999999999 20
1750646214468 1.8335859999999968 21
1750646224550 1.8667429999999996 22
1750646234625 1.868309999999994 23
1750646244699 1.872795999999994 24
1750646254792 1.9203839999999985 25
