1750645994470 17358.7 0
1750646004612 17542.2 1
1750646014712 17570.1 2
1750646024836 17600.7 3
1750646034920 17637.1 4
1750646045018 17677.2 5
1750646055273 17751.8 6
1750646066110 18330.6 7
1750646076592 18215.7 8
1750646087349 18202.1 9
1750646098316 18292.0 10
1750646109266 18140.2 11
1750646119797 18136.7 12
1750646130823 18246.0 13
1750646141989 18220.9 14
1750646152646 18168.3 15
1750646163641 18192.7 16
1750646174107 18172.2 17
1750646184194 18237.3 18
1750646194270 18261.0 19
1750646204364 18287.0 20
1750646214468 18141.8 21
1750646224550 18125.2 22
1750646234625 18158.5 23
1750646244699 18244.1 24
1750646254792 18375.3 25
