1750645994470 51.0 0
1750646004612 51.6 1
1750646014712 51.6 2
1750646024836 51.7 3
1750646034920 51.8 4
1750646045018 51.9 5
1750646055273 52.2 6
1750646066110 53.9 7
1750646076592 53.5 8
1750646087349 53.5 9
1750646098316 53.8 10
1750646109266 53.3 11
1750646119797 53.3 12
1750646130823 53.6 13
1750646141989 53.5 14
1750646152646 53.4 15
1750646163641 53.5 16
1750646174107 53.4 17
1750646184194 53.6 18
1750646194270 53.7 19
1750646204364 53.7 20
1750646214468 53.3 21
1750646224550 53.3 22
1750646234625 53.4 23
1750646244699 53.6 24
1750646254792 54.0 25
