1750795125858 0.0 0
1750795135964 32.9 1
1750795146056 40.5 2
1750795156161 35.9 3
1750795166306 37.0 4
1750795176428 33.8 5
1750795186550 41.3 6
1750795196681 41.7 7
1750795206782 44.3 8
1750795216898 37.2 9
1750795226992 36.3 10
1750795237104 34.9 11
1750795247219 36.9 12
1750795257362 36.3 13
1750795267506 37.7 14
1750795277616 35.6 15
1750795287723 43.9 16
1750795297842 36.5 17
1750795307960 37.5 18
1750795318073 35.3 19
1750795328183 43.3 20
1750795338319 48.3 21
1750795348432 34.1 22
1750795358875 35.4 23
1750795368987 42.0 24
1750795379085 29.1 25
1750795389188 34.5 26
1750795399293 42.9 27
1750795409374 37.1 28
1750795419449 15.8 29
1750795429864 13.2 30
