1750795125858 25.3 0
1750795135964 25.3 1
1750795146056 25.3 2
1750795156161 25.3 3
1750795166306 25.3 4
1750795176428 25.3 5
1750795186550 25.3 6
1750795196681 25.3 7
1750795206782 25.3 8
1750795216898 25.3 9
1750795226992 25.3 10
1750795237104 25.3 11
1750795247219 25.3 12
1750795257362 25.3 13
1750795267506 25.3 14
1750795277616 25.3 15
1750795287723 25.3 16
1750795297842 25.3 17
1750795307960 25.3 18
1750795318073 25.3 19
1750795328183 25.3 20
1750795338319 25.3 21
1750795348432 25.3 22
1750795358875 25.3 23
1750795368987 25.3 24
1750795379085 25.3 25
1750795389188 25.3 26
1750795399293 25.3 27
1750795409374 25.3 28
1750795419449 25.3 29
1750795429864 25.3 30
