1750795125858 764809.8 0
1750795135964 764809.1 1
1750795146056 764810.4 2
1750795156161 764810.4 3
1750795166306 764810.4 4
1750795176428 764810.2 5
1750795186550 764809.6 6
1750795196681 764822.0 7
1750795206782 764814.8 8
1750795216898 764815.9 9
1750795226992 764814.3 10
1750795237104 764814.0 11
1750795247219 764813.2 12
1750795257362 764813.1 13
1750795267506 764812.9 14
1750795277616 764807.2 15
1750795287723 764807.2 16
1750795297842 764801.6 17
1750795307960 764801.3 18
1750795318073 764801.2 19
1750795328183 764796.0 20
1750795338319 764791.9 21
1750795348432 764791.9 22
1750795358875 764784.3 23
1750795368987 764782.1 24
1750795379085 764782.1 25
1750795389188 764782.1 26
1750795399293 764781.8 27
1750795409374 764781.6 28
1750795419449 764780.2 29
1750795429864 764780.0 30
