1750795125858 258583.9 0
1750795135964 258584.5 1
1750795146056 258583.2 2
1750795156161 258583.2 3
1750795166306 258583.2 4
1750795176428 258583.5 5
1750795186550 258584.0 6
1750795196681 258571.6 7
1750795206782 258578.8 8
1750795216898 258577.7 9
1750795226992 258579.3 10
1750795237104 258579.6 11
1750795247219 258580.4 12
1750795257362 258580.5 13
1750795267506 258580.7 14
1750795277616 258586.4 15
1750795287723 258586.4 16
1750795297842 258592.1 17
1750795307960 258592.3 18
1750795318073 258592.5 19
1750795328183 258597.6 20
1750795338319 258601.8 21
1750795348432 258601.8 22
1750795358875 258609.3 23
1750795368987 258611.5 24
1750795379085 258611.5 25
1750795389188 258611.6 26
1750795399293 258611.8 27
1750795409374 258612.0 28
1750795419449 258613.4 29
1750795429864 258613.7 30
