1750795125858 0.0 0
1750795135964 0.37977900000004183 1
1750795146056 0.8040920000000256 2
1750795156161 1.0420090000000073 3
1750795166306 1.2309020000000146 4
1750795176428 1.4309680000000071 5
1750795186550 2.9910130000000095 6
1750795196681 3.7933830000000057 7
1750795206782 7.855962000000034 8
1750795216898 8.739629000000036 9
1750795226992 8.983103000000028 10
1750795237104 9.17829800000004 11
1750795247219 9.553187000000037 12
1750795257362 9.753017999999997 13
1750795267506 10.110603000000026 14
1750795277616 11.648916000000042 15
1750795287723 11.855410000000006 16
1750795297842 12.070292999999992 17
1750795307960 12.30673999999999 18
1750795318073 12.508190000000013 19
1750795328183 18.31462700000003 20
1750795338319 24.27737300000001 21
1750795348432 24.479548000000023 22
1750795358875 24.713270000000023 23
1750795368987 24.937495000000013 24
1750795379085 25.14428700000002 25
1750795389188 25.372694000000024 26
1750795399293 25.66249700000003 27
1750795409374 25.875959000000023 28
1750795419449 26.091987000000017 29
1750795429864 26.374142000000006 30
