1750795125858 0.0 0
1750795135964 0.12938199999999256 1
1750795146056 0.17165800000000786 2
1750795156161 0.2736449999999877 3
1750795166306 0.28096400000001154 4
1750795176428 0.2963799999999992 5
1750795186550 0.5442569999999876 6
1750795196681 0.6587130000000059 7
1750795206782 1.095638000000008 8
1750795216898 1.8926119999999855 9
1750795226992 2.0693569999999966 10
1750795237104 2.0825900000000104 11
1750795247219 2.1485099999999875 12
1750795257362 2.194715000000002 13
1750795267506 2.2363650000000064 14
1750795277616 2.285773000000006 15
1750795287723 2.3117540000000076 16
1750795297842 2.33853400000001 17
1750795307960 2.3776790000000005 18
1750795318073 2.3977789999999857 19
1750795328183 2.6507349999999974 20
1750795338319 3.1987279999999885 21
1750795348432 3.2233019999999897 22
1750795358875 3.2446720000000084 23
1750795368987 3.2766269999999906 24
1750795379085 3.301591000000002 25
1750795389188 3.336950999999999 26
1750795399293 3.4135890000000018 27
1750795409374 3.453597000000002 28
1750795419449 3.4752200000000073 29
1750795429864 3.565447000000006 30
