1750795125858 65.1 0
1750795135964 65.3 1
1750795146056 65.0 2
1750795156161 64.8 3
1750795166306 65.0 4
1750795176428 65.4 5
1750795186550 66.3 6
1750795196681 66.7 7
1750795206782 67.2 8
1750795216898 67.5 9
1750795226992 67.6 10
1750795237104 67.5 11
1750795247219 67.7 12
1750795257362 67.6 13
1750795267506 67.7 14
1750795277616 67.9 15
1750795287723 67.7 16
1750795297842 67.0 17
1750795307960 67.2 18
1750795318073 67.2 19
1750795328183 67.7 20
1750795338319 68.8 21
1750795348432 68.6 22
1750795358875 68.7 23
1750795368987 68.6 24
1750795379085 69.1 25
1750795389188 69.1 26
1750795399293 69.1 27
1750795409374 69.3 28
1750795419449 69.5 29
1750795429864 70.6 30
