1750795125858 22153.2 0
1750795135964 22218.5 1
1750795146056 22128.7 2
1750795156161 22063.2 3
1750795166306 22114.7 4
1750795176428 22238.4 5
1750795186550 22567.9 6
1750795196681 22693.7 7
1750795206782 22883.8 8
1750795216898 22984.5 9
1750795226992 23014.9 10
1750795237104 22981.1 11
1750795247219 23026.9 12
1750795257362 23006.4 13
1750795267506 23023.5 14
1750795277616 23120.3 15
1750795287723 23029.7 16
1750795297842 22809.1 17
1750795307960 22854.9 18
1750795318073 22865.2 19
1750795328183 23047.1 20
1750795338319 23428.2 21
1750795348432 23340.0 22
1750795358875 23370.8 23
1750795368987 23354.7 24
1750795379085 23507.1 25
1750795389188 23527.5 26
1750795399293 23504.9 27
1750795409374 23568.3 28
1750795419449 23662.8 29
1750795429864 24025.8 30
