1752263454082 0.0006780187684273358 0
1752263458385 0.0014618181348971327 1
1752263463304 0.0007908398365393924 2
1752263467653 0.0004787252585368131 3
1752263471111 0.0006592246326617921 4
1752263474482 0.0008125196170412896 5
1752263477414 0.0007837095271059817 6
1752263479968 0.000660965067279156 7
1752263484213 0.004368431372239818 8
1752263487080 0.001777037417710303 9
1752263490498 0.0022172743339398697 10
1752263494153 0.0025439241771635954 11
1752263497303 0.004089373862128993 12
1752263501283 0.01742559379118447 13
1752263504714 0.019909416154729343 14
1752263508268 0.034799969534697876 15
1752263511317 0.04111110768419748 16
