1752178493556 0.0 0
1752178503706 32.9 1
1752178513899 56.3 2
1752178524075 56.3 3
1752178534292 54.5 4
1752178544439 54.0 5
1752178554579 43.5 6
1752178564757 52.9 7
1752178574904 55.1 8
1752178585199 47.5 9
1752178595379 37.9 10
1752178605571 44.7 11
1752178615932 44.0 12
1752178626214 40.4 13
1752178636364 27.2 14
1752178646537 38.8 15
1752178656697 36.1 16
1752178666945 34.7 17
1752178677169 36.3 18
1752178687598 41.7 19
1752178697752 36.1 20
1752178707883 42.4 21
1752178718012 29.1 22
1752178728288 32.4 23
1752178738503 37.2 24
1752178748831 38.6 25
1752178759043 41.6 26
1752178769468 43.6 27
1752178779746 36.3 28
1752178790135 35.7 29
1752178800450 36.1 30
1752178810628 41.9 31
1752178820906 39.5 32
1752178831189 36.6 33
1752178841567 37.3 34
1752178851891 41.4 35
1752178862017 40.2 36
1752178872181 40.4 37
1752178882473 47.6 38
1752178892734 49.2 39
1752178902887 49.5 40
1752178913159 40.9 41
1752178923348 41.7 42
1752178933802 37.0 43
1752178944166 36.1 44
1752178954434 37.8 45
1752178964669 40.4 46
1752178974955 44.3 47
1752178985221 38.5 48
1752178995361 37.6 49
1752179005609 38.8 50
1752179016059 43.2 51
1752179026231 40.8 52
1752179036386 42.9 53
1752179046645 25.3 54
1752179056891 43.7 55
1752179067335 36.9 56
1752179077509 38.5 57
1752179087830 39.1 58
1752179098242 36.4 59
1752179108575 47.6 60
1752179118747 39.7 61
1752179129135 37.5 62
1752179139279 36.1 63
1752179149651 35.7 64
1752179159896 37.1 65
1752179170240 38.9 66
1752179180649 41.9 67
1752179190862 36.6 68
1752179201071 36.6 69
1752179211419 36.9 70
1752179221624 38.6 71
1752179231972 18.3 72
