1752178493556 763337.0 0
1752178503706 763335.6 1
1752178513899 763335.6 2
1752178524075 763335.6 3
1752178534292 763335.6 4
1752178544439 763335.5 5
1752178554579 763335.5 6
1752178564757 763335.5 7
1752178574904 763335.4 8
1752178585199 763335.4 9
1752178595379 763335.4 10
1752178605571 763335.4 11
1752178615932 763335.3 12
1752178626214 763334.7 13
1752178636364 763335.0 14
1752178646537 763334.9 15
1752178656697 763334.8 16
1752178666945 763334.8 17
1752178677169 763334.6 18
1752178687598 763334.6 19
1752178697752 763334.7 20
1752178707883 763334.6 21
1752178718012 763334.6 22
1752178728288 763334.6 23
1752178738503 763334.6 24
1752178748831 763334.6 25
1752178759043 763333.2 26
1752178769468 763326.8 27
1752178779746 763327.1 28
1752178790135 763327.0 29
1752178800450 763327.0 30
1752178810628 763326.8 31
1752178820906 763326.5 32
1752178831189 763326.5 33
1752178841567 763326.5 34
1752178851891 763326.3 35
1752178862017 763326.5 36
1752178872181 763326.5 37
1752178882473 763328.0 38
1752178892734 763328.1 39
1752178902887 763327.8 40
1752178913159 763328.0 41
1752178923348 763327.8 42
1752178933802 763327.7 43
1752178944166 763327.8 44
1752178954434 763327.7 45
1752178964669 763327.8 46
1752178974955 763327.7 47
1752178985221 763327.3 48
1752178995361 763327.4 49
1752179005609 763327.6 50
1752179016059 763327.5 51
1752179026231 763327.6 52
1752179036386 763326.9 53
1752179046645 763327.0 54
1752179056891 763326.9 55
1752179067335 763327.1 56
1752179077509 763326.9 57
1752179087830 763327.1 58
1752179098242 763327.1 59
1752179108575 763326.8 60
1752179118747 763326.9 61
1752179129135 763327.1 62
1752179139279 763326.9 63
1752179149651 763326.9 64
1752179159896 763326.9 65
1752179170240 763326.8 66
1752179180649 763326.7 67
1752179190862 763326.8 68
1752179201071 763326.9 69
1752179211419 763326.8 70
1752179221624 763326.8 71
1752179231972 763326.8 72
