1752178493556 260056.6 0
1752178503706 260058.0 1
1752178513899 260058.1 2
1752178524075 260058.1 3
1752178534292 260058.0 4
1752178544439 260058.1 5
1752178554579 260058.1 6
1752178564757 260058.2 7
1752178574904 260058.2 8
1752178585199 260058.2 9
1752178595379 260058.2 10
1752178605571 260058.2 11
1752178615932 260058.3 12
1752178626214 260058.9 13
1752178636364 260058.6 14
1752178646537 260058.7 15
1752178656697 260058.8 16
1752178666945 260058.9 17
1752178677169 260059.0 18
1752178687598 260059.0 19
1752178697752 260059.0 20
1752178707883 260059.0 21
1752178718012 260059.0 22
1752178728288 260059.0 23
1752178738503 260059.0 24
1752178748831 260059.0 25
1752178759043 260060.4 26
1752178769468 260066.8 27
1752178779746 260066.6 28
1752178790135 260066.6 29
1752178800450 260066.6 30
1752178810628 260066.8 31
1752178820906 260067.1 32
1752178831189 260067.1 33
1752178841567 260067.1 34
1752178851891 260067.3 35
1752178862017 260067.1 36
1752178872181 260067.1 37
1752178882473 260065.6 38
1752178892734 260065.6 39
1752178902887 260065.8 40
1752178913159 260065.6 41
1752178923348 260065.9 42
1752178933802 260065.9 43
1752178944166 260065.8 44
1752178954434 260065.9 45
1752178964669 260065.9 46
1752178974955 260065.9 47
1752178985221 260066.3 48
1752178995361 260066.3 49
1752179005609 260066.1 50
1752179016059 260066.2 51
1752179026231 260066.0 52
1752179036386 260066.7 53
1752179046645 260066.6 54
1752179056891 260066.7 55
1752179067335 260066.5 56
1752179077509 260066.7 57
1752179087830 260066.5 58
1752179098242 260066.6 59
1752179108575 260066.8 60
1752179118747 260066.7 61
1752179129135 260066.5 62
1752179139279 260066.7 63
1752179149651 260066.7 64
1752179159896 260066.7 65
1752179170240 260066.8 66
1752179180649 260066.9 67
1752179190862 260066.8 68
1752179201071 260066.8 69
1752179211419 260066.8 70
1752179221624 260066.8 71
1752179231972 260066.8 72
