1752178493556 25.4 0
1752178503706 25.4 1
1752178513899 25.4 2
1752178524075 25.4 3
1752178534292 25.4 4
1752178544439 25.4 5
1752178554579 25.4 6
1752178564757 25.4 7
1752178574904 25.4 8
1752178585199 25.4 9
1752178595379 25.4 10
1752178605571 25.4 11
1752178615932 25.4 12
1752178626214 25.4 13
1752178636364 25.4 14
1752178646537 25.4 15
1752178656697 25.4 16
1752178666945 25.4 17
1752178677169 25.4 18
1752178687598 25.4 19
1752178697752 25.4 20
1752178707883 25.4 21
1752178718012 25.4 22
1752178728288 25.4 23
1752178738503 25.4 24
1752178748831 25.4 25
1752178759043 25.4 26
1752178769468 25.4 27
1752178779746 25.4 28
1752178790135 25.4 29
1752178800450 25.4 30
1752178810628 25.4 31
1752178820906 25.4 32
1752178831189 25.4 33
1752178841567 25.4 34
1752178851891 25.4 35
1752178862017 25.4 36
1752178872181 25.4 37
1752178882473 25.4 38
1752178892734 25.4 39
1752178902887 25.4 40
1752178913159 25.4 41
1752178923348 25.4 42
1752178933802 25.4 43
1752178944166 25.4 44
1752178954434 25.4 45
1752178964669 25.4 46
1752178974955 25.4 47
1752178985221 25.4 48
1752178995361 25.4 49
1752179005609 25.4 50
1752179016059 25.4 51
1752179026231 25.4 52
1752179036386 25.4 53
1752179046645 25.4 54
1752179056891 25.4 55
1752179067335 25.4 56
1752179077509 25.4 57
1752179087830 25.4 58
1752179098242 25.4 59
1752179108575 25.4 60
1752179118747 25.4 61
1752179129135 25.4 62
1752179139279 25.4 63
1752179149651 25.4 64
1752179159896 25.4 65
1752179170240 25.4 66
1752179180649 25.4 67
1752179190862 25.4 68
1752179201071 25.4 69
1752179211419 25.4 70
1752179221624 25.4 71
1752179231972 25.4 72
