1752178493556 0.0 0
1752178503706 0.05064100000004146 1
1752178513899 0.05774799999994684 2
1752178524075 0.07264800000007199 3
1752178534292 0.10115700000005745 4
1752178544439 0.10696099999995567 5
1752178554579 0.16161200000010467 6
1752178564757 0.21082700000010846 7
1752178574904 0.21743800000012925 8
1752178585199 0.24639300000012554 9
1752178595379 0.3334500000000844 10
1752178605571 0.4405900000001566 11
1752178615932 1.2049859999999626 12
1752178626214 1.5764799999999468 13
1752178636364 1.6545180000000528 14
1752178646537 1.677455000000009 15
1752178656697 1.6953280000000177 16
1752178666945 1.7168719999999666 17
1752178677169 1.7782449999999699 18
1752178687598 3.107003000000077 19
1752178697752 4.399961000000076 20
1752178707883 5.697493000000122 21
1752178718012 5.915481 22
1752178728288 7.231943000000001 23
1752178738503 8.550993999999946 24
1752178748831 9.888307000000168 25
1752178759043 12.161933999999974 26
1752178769468 36.89965300000017 27
1752178779746 38.205465000000004 28
1752178790135 39.49583800000005 29
1752178800450 40.82853799999998 30
1752178810628 42.52956100000006 31
1752178820906 44.1457640000001 32
1752178831189 45.45338000000015 33
1752178841567 46.90758800000003 34
1752178851891 47.40046900000016 35
1752178862017 49.34400100000016 36
1752178872181 49.386924000000135 37
1752178882473 49.41208500000016 38
1752178892734 49.43460900000014 39
1752178902887 49.532159999999976 40
1752178913159 53.69648200000006 41
1752178923348 55.03455699999995 42
1752178933802 55.449967000000015 43
1752178944166 55.919964000000164 44
1752178954434 56.35845200000017 45
1752178964669 56.7919260000001 46
1752178974955 57.25088900000014 47
1752178985221 57.91938700000014 48
1752178995361 58.01087200000006 49
1752179005609 58.02978299999995 50
1752179016059 58.38080600000012 51
1752179026231 58.467832000000044 52
1752179036386 59.10738900000001 53
1752179046645 59.15707300000008 54
1752179056891 59.583928000000014 55
1752179067335 59.9784810000001 56
1752179077509 60.395341000000144 57
1752179087830 60.84836700000005 58
1752179098242 61.66343500000016 59
1752179108575 62.55687899999998 60
1752179118747 63.03680600000007 61
1752179129135 63.80595500000004 62
1752179139279 64.20349400000009 63
1752179149651 64.62972200000013 64
1752179159896 65.02701900000011 65
1752179170240 65.534809 66
1752179180649 66.02338099999997 67
1752179190862 66.47666500000014 68
1752179201071 66.88229999999999 69
1752179211419 67.29889100000014 70
1752179221624 67.78132200000005 71
1752179231972 68.77366500000016 72
