1752178493556 0.0 0
1752178503706 0.06283600000000433 1
1752178513899 0.067483999999979 2
1752178524075 0.08103399999998828 3
1752178534292 0.10610600000001114 4
1752178544439 0.11250499999999874 5
1752178554579 0.1678009999999972 6
1752178564757 0.2235820000000217 7
1752178574904 0.23845199999999522 8
1752178585199 0.25165599999996857 9
1752178595379 0.31280600000002323 10
1752178605571 0.40465799999998353 11
1752178615932 0.6618589999999926 12
1752178626214 0.7647830000000226 13
1752178636364 0.798909999999978 14
1752178646537 0.8239050000000248 15
1752178656697 0.8378149999999778 16
1752178666945 0.8577439999999683 17
1752178677169 0.9462320000000091 18
1752178687598 1.0397760000000176 19
1752178697752 1.0828460000000177 20
1752178707883 1.1338589999999726 21
1752178718012 1.2060159999999769 22
1752178728288 1.2726349999999798 23
1752178738503 1.3298239999999737 24
1752178748831 1.409813999999983 25
1752178759043 1.9065560000000232 26
1752178769468 2.7849800000000187 27
1752178779746 2.8250719999999774 28
1752178790135 2.86739799999998 29
1752178800450 2.954205999999999 30
1752178810628 3.0249220000000037 31
1752178820906 3.1445469999999887 32
1752178831189 3.199561000000017 33
1752178841567 3.25533200000001 34
1752178851891 3.3652359999999817 35
1752178862017 3.507041000000015 36
1752178872181 3.5493079999999964 37
1752178882473 3.578529000000003 38
1752178892734 3.594050999999979 39
1752178902887 3.678847000000019 40
1752178913159 3.8232719999999745 41
1752178923348 4.063498999999979 42
1752178933802 4.133176999999989 43
1752178944166 4.169490999999994 44
1752178954434 4.2486299999999915 45
1752178964669 4.340794000000017 46
1752178974955 4.464662999999973 47
1752178985221 4.572169999999971 48
1752178995361 4.641754999999989 49
1752179005609 4.659002999999984 50
1752179016059 4.84852699999999 51
1752179026231 4.958006000000012 52
1752179036386 5.146155000000022 53
1752179046645 5.184255000000007 54
1752179056891 5.2875700000000165 55
1752179067335 5.310021000000006 56
1752179077509 5.370512000000019 57
1752179087830 5.487487999999985 58
1752179098242 5.6121800000000235 59
1752179108575 5.848960999999974 60
1752179118747 5.915941999999973 61
1752179129135 5.953118000000018 62
1752179139279 5.978404000000012 63
1752179149651 6.031530999999973 64
1752179159896 6.063916000000006 65
1752179170240 6.129224000000022 66
1752179180649 6.227238999999997 67
1752179190862 6.288406000000009 68
1752179201071 6.3183950000000095 69
1752179211419 6.358178000000009 70
1752179221624 6.446438000000001 71
1752179231972 6.527215000000012 72
