1752178493556 24462.8 0
1752178503706 24827.2 1
1752178513899 24320.5 2
1752178524075 24311.8 3
1752178534292 24285.3 4
1752178544439 24292.1 5
1752178554579 24225.9 6
1752178564757 24230.8 7
1752178574904 24492.4 8
1752178585199 24658.7 9
1752178595379 24534.9 10
1752178605571 25041.7 11
1752178615932 25161.5 12
1752178626214 25155.6 13
1752178636364 25161.2 14
1752178646537 25258.5 15
1752178656697 25094.2 16
1752178666945 25064.5 17
1752178677169 25075.4 18
1752178687598 25093.3 19
1752178697752 25057.2 20
1752178707883 25130.1 21
1752178718012 24884.0 22
1752178728288 24896.1 23
1752178738503 25059.9 24
1752178748831 25149.3 25
1752178759043 25667.5 26
1752178769468 25263.2 27
1752178779746 25246.8 28
1752178790135 25261.5 29
1752178800450 25331.5 30
1752178810628 25348.2 31
1752178820906 25053.4 32
1752178831189 25056.3 33
1752178841567 25044.8 34
1752178851891 25127.2 35
1752178862017 25216.9 36
1752178872181 25140.2 37
1752178882473 25141.6 38
1752178892734 25209.9 39
1752178902887 25187.4 40
1752178913159 25236.7 41
1752178923348 25202.7 42
1752178933802 25246.0 43
1752178944166 25130.1 44
1752178954434 25227.7 45
1752178964669 25175.1 46
1752178974955 25273.3 47
1752178985221 25264.5 48
1752178995361 25226.0 49
1752179005609 25186.8 50
1752179016059 25199.1 51
1752179026231 25257.4 52
1752179036386 25273.6 53
1752179046645 25216.9 54
1752179056891 25361.5 55
1752179067335 24989.1 56
1752179077509 25115.4 57
1752179087830 25196.5 58
1752179098242 25131.4 59
1752179108575 25224.1 60
1752179118747 24950.8 61
1752179129135 24900.1 62
1752179139279 24862.5 63
1752179149651 24710.2 64
1752179159896 24862.5 65
1752179170240 24928.2 66
1752179180649 24981.6 67
1752179190862 24958.9 68
1752179201071 24923.7 69
1752179211419 24923.3 70
1752179221624 24979.2 71
1752179231972 24958.4 72
