1752178493556 71.9 0
1752178503706 73.0 1
1752178513899 71.5 2
1752178524075 71.4 3
1752178534292 71.4 4
1752178544439 71.4 5
1752178554579 71.2 6
1752178564757 71.2 7
1752178574904 72.0 8
1752178585199 72.5 9
1752178595379 72.1 10
1752178605571 73.6 11
1752178615932 73.9 12
1752178626214 73.9 13
1752178636364 73.9 14
1752178646537 74.2 15
1752178656697 73.7 16
1752178666945 73.7 17
1752178677169 73.7 18
1752178687598 73.7 19
1752178697752 73.6 20
1752178707883 73.8 21
1752178718012 73.1 22
1752178728288 73.2 23
1752178738503 73.6 24
1752178748831 73.9 25
1752178759043 75.4 26
1752178769468 74.2 27
1752178779746 74.2 28
1752178790135 74.2 29
1752178800450 74.4 30
1752178810628 74.5 31
1752178820906 73.6 32
1752178831189 73.6 33
1752178841567 73.6 34
1752178851891 73.8 35
1752178862017 74.1 36
1752178872181 73.9 37
1752178882473 73.9 38
1752178892734 74.1 39
1752178902887 74.0 40
1752178913159 74.2 41
1752178923348 74.1 42
1752178933802 74.2 43
1752178944166 73.8 44
1752178954434 74.1 45
1752178964669 74.0 46
1752178974955 74.3 47
1752178985221 74.2 48
1752178995361 74.1 49
1752179005609 74.0 50
1752179016059 74.1 51
1752179026231 74.2 52
1752179036386 74.3 53
1752179046645 74.1 54
1752179056891 74.5 55
1752179067335 73.4 56
1752179077509 73.8 57
1752179087830 74.0 58
1752179098242 73.9 59
1752179108575 74.1 60
1752179118747 73.3 61
1752179129135 73.2 62
1752179139279 73.1 63
1752179149651 72.6 64
1752179159896 73.1 65
1752179170240 73.3 66
1752179180649 73.4 67
1752179190862 73.3 68
1752179201071 73.2 69
1752179211419 73.2 70
1752179221624 73.4 71
1752179231972 73.3 72
