1752605476286 260081.6 0
1752605486430 260081.5 1
1752605496617 260081.8 2
1752605506751 260081.8 3
1752605516951 260082.1 4
1752605527147 260082.1 5
1752605537318 260082.2 6
1752605547452 260084.0 7
1752605557585 260084.0 8
1752605567887 260085.3 9
1752605578077 260085.4 10
1752605588218 260085.5 11
1752605598406 260093.4 12
1752605608522 260093.4 13
1752605618656 260092.0 14
1752605628959 260084.5 15
1752605639268 260084.8 16
1752605649394 260084.9 17
1752605659891 260085.6 18
1752605670085 260081.2 19
1752605680177 260081.4 20
