1752605476286 763312.0 0
1752605486430 763312.1 1
1752605496617 763311.9 2
1752605506751 763311.8 3
1752605516951 763311.5 4
1752605527147 763311.6 5
1752605537318 763311.4 6
1752605547452 763309.6 7
1752605557585 763309.6 8
1752605567887 763308.3 9
1752605578077 763308.2 10
1752605588218 763308.1 11
1752605598406 763300.2 12
1752605608522 763300.2 13
1752605618656 763301.6 14
1752605628959 763309.1 15
1752605639268 763308.8 16
1752605649394 763308.7 17
1752605659891 763308.0 18
1752605670085 763312.4 19
1752605680177 763312.2 20
