1752605476286 0.0 0
1752605486430 0.3486899999999764 1
1752605496617 0.3873349999999789 2
1752605506751 0.48603299999999194 3
1752605516951 0.6384860000000003 4
1752605527147 0.7859529999999779 5
1752605537318 0.7892829999999833 6
1752605547452 1.1675189999999986 7
1752605557585 1.185137999999995 8
1752605567887 1.5307349999999929 9
1752605578077 1.743758999999983 10
1752605588218 1.966641999999979 11
1752605598406 1.9860479999999825 12
1752605608522 2.0215279999999893 13
1752605618656 2.0651689999999974 14
1752605628959 2.1963919999999746 15
1752605639268 2.212781999999976 16
1752605649394 2.2547289999999975 17
1752605659891 2.2731489999999894 18
1752605670085 2.2919729999999845 19
1752605680177 2.3047829999999863 20
