1752605476286 0.0 0
1752605486430 0.3489850000000274 1
1752605496617 0.40729600000003074 2
1752605506751 0.5808979999999906 3
1752605516951 0.863864000000035 4
1752605527147 1.1136339999999905 5
1752605537318 1.1158680000000345 6
1752605547452 1.7398469999999975 7
1752605557585 1.7621730000000184 8
1752605567887 6.960437000000013 9
1752605578077 7.169929000000025 10
1752605588218 7.46138000000002 11
1752605598406 7.478853000000015 12
1752605608522 7.515851999999995 13
1752605618656 7.591200000000015 14
1752605628959 7.807475000000011 15
1752605639268 7.8160179999999855 16
1752605649394 7.895252000000028 17
1752605659891 7.908007999999995 18
1752605670085 7.921523000000036 19
1752605680177 7.938296000000037 20
