1752605476286 23059.9 0
1752605486430 23613.7 1
1752605496617 23331.7 2
1752605506751 23502.2 3
1752605516951 24258.6 4
1752605527147 23645.3 5
1752605537318 23708.2 6
1752605547452 23732.4 7
1752605557585 23675.7 8
1752605567887 23846.3 9
1752605578077 24033.4 10
1752605588218 23971.6 11
1752605598406 24184.1 12
1752605608522 24186.4 13
1752605618656 24207.4 14
1752605628959 24209.7 15
1752605639268 24382.5 16
1752605649394 24462.2 17
1752605659891 24208.4 18
1752605670085 24083.4 19
1752605680177 24372.2 20
