1752247293333 0.0 0
1752247303504 0.03837200000000962 1
1752247313648 0.10902300000000764 2
1752247323814 0.2989340000000027 3
1752247333950 0.3350069999999903 4
1752247344071 0.3717200000000105 5
1752247354204 0.39487499999998477 6
1752247364388 0.40046499999999696 7
1752247374541 0.43664400000000114 8
1752247384660 0.594694000000004 9
1752247394788 0.6719019999999887 10
1752247404900 0.7187120000000107 11
1752247415041 0.733349000000004 12
1752247425227 0.7540590000000122 13
1752247435657 0.8586659999999995 14
