1752247293333 0.0 0
1752247303504 0.17203199999994467 1
1752247313648 0.23851799999999912 2
1752247323814 0.28004299999997784 3
1752247333950 0.31541199999992386 4
1752247344071 0.36579299999993964 5
1752247354204 0.381958999999938 6
1752247364388 0.38748199999997723 7
1752247374541 0.7602759999999762 8
1752247384660 1.3593129999999292 9
1752247394788 1.4457219999999325 10
1752247404900 1.5486489999999549 11
1752247415041 1.5726310000000012 12
1752247425227 1.598355999999967 13
1752247435657 1.6886469999999463 14
