1752240820714 0.0 0
1752240830904 11.4 1
1752240841063 40.2 2
1752240851212 44.7 3
1752240861429 47.6 4
1752240871606 42.6 5
1752240881710 42.5 6
1752240891870 42.9 7
1752240902042 43.4 8
1752240912125 42.4 9
1752240922342 43.4 10
1752240932548 42.0 11
1752240942747 44.7 12
1752240953020 46.8 13
1752240963147 42.3 14
1752240973239 43.5 15
1752240983463 43.4 16
1752240993616 42.2 17
1752241003755 42.6 18
1752241013859 43.9 19
1752241023940 41.9 20
1752241034119 41.0 21
1752241044219 43.1 22
1752241054371 44.0 23
1752241064745 44.5 24
