1752240820714 25.5 0
1752240830904 25.5 1
1752240841063 25.5 2
1752240851212 25.5 3
1752240861429 25.5 4
1752240871606 25.5 5
1752240881710 25.5 6
1752240891870 25.5 7
1752240902042 25.5 8
1752240912125 25.5 9
1752240922342 25.5 10
1752240932548 25.5 11
1752240942747 25.5 12
1752240953020 25.5 13
1752240963147 25.5 14
1752240973239 25.5 15
1752240983463 25.5 16
1752240993616 25.5 17
1752241003755 25.5 18
1752241013859 25.5 19
1752241023940 25.5 20
1752241034119 25.5 21
1752241044219 25.5 22
1752241054371 25.5 23
1752241064745 25.5 24
