1752240820714 260531.7 0
1752240830904 260532.6 1
1752240841063 260532.6 2
1752240851212 260532.6 3
1752240861429 260532.6 4
1752240871606 260532.7 5
1752240881710 260532.7 6
1752240891870 260532.7 7
1752240902042 260533.0 8
1752240912125 260533.0 9
1752240922342 260533.0 10
1752240932548 260533.0 11
1752240942747 260533.1 12
1752240953020 260533.3 13
1752240963147 260533.4 14
1752240973239 260533.3 15
1752240983463 260533.3 16
1752240993616 260533.3 17
1752241003755 260533.3 18
1752241013859 260533.3 19
1752241023940 260533.3 20
1752241034119 260533.4 21
1752241044219 260533.3 22
1752241054371 260533.4 23
1752241064745 260533.3 24
