1752240820714 762861.9 0
1752240830904 762861.0 1
1752240841063 762861.0 2
1752240851212 762861.0 3
1752240861429 762861.0 4
1752240871606 762860.9 5
1752240881710 762860.9 6
1752240891870 762860.9 7
1752240902042 762860.7 8
1752240912125 762860.6 9
1752240922342 762860.6 10
1752240932548 762860.6 11
1752240942747 762860.5 12
1752240953020 762860.3 13
1752240963147 762860.2 14
1752240973239 762860.3 15
1752240983463 762860.3 16
1752240993616 762860.3 17
1752241003755 762860.4 18
1752241013859 762860.3 19
1752241023940 762860.3 20
1752241034119 762860.3 21
1752241044219 762860.3 22
1752241054371 762860.3 23
1752241064745 762860.3 24
