1752240820714 0.0 0
1752240830904 0.013309999999989941 1
1752240841063 0.019835999999997966 2
1752240851212 0.04320599999999786 3
1752240861429 0.04897799999997687 4
1752240871606 0.06215500000001839 5
1752240881710 0.06875200000001769 6
1752240891870 0.08128399999998237 7
1752240902042 0.09149800000000141 8
1752240912125 0.11039799999997513 9
1752240922342 0.12272500000000264 10
1752240932548 0.1401480000000106 11
1752240942747 0.15499499999998534 12
1752240953020 0.1782519999999863 13
1752240963147 0.20090399999998 14
1752240973239 0.21579900000000407 15
1752240983463 0.21920299999999315 16
1752240993616 0.2956540000000132 17
1752241003755 0.30607499999996435 18
1752241013859 0.32705399999997553 19
1752241023940 0.33951700000000073 20
1752241034119 0.34971100000001343 21
1752241044219 0.35413799999997764 22
1752241054371 0.3647940000000176 23
1752241064745 0.370521999999994 24
