1752240820714 0.0 0
1752240830904 0.019827999999996848 1
1752240841063 0.026690999999999576 2
1752240851212 0.04428499999999502 3
1752240861429 0.05542299999999756 4
1752240871606 0.06999299999999664 5
1752240881710 0.07247999999999877 6
1752240891870 0.0753169999999983 7
1752240902042 0.08519099999999469 8
1752240912125 0.10341099999999415 9
1752240922342 0.1163789999999949 10
1752240932548 0.12533200000000022 11
1752240942747 0.13310199999999384 12
1752240953020 0.15268299999999613 13
1752240963147 0.17834399999999562 14
1752240973239 0.20351399999999842 15
1752240983463 0.21040199999999487 16
1752240993616 0.22144600000000025 17
1752241003755 0.22408899999999932 18
1752241013859 0.24020699999999806 19
1752241023940 0.25270899999999585 20
1752241034119 0.2613719999999944 21
1752241044219 0.2677890000000005 22
1752241054371 0.27059899999999715 23
1752241064745 0.2744559999999936 24
