1752240820714 49.6 0
1752240830904 50.7 1
1752240841063 51.3 2
1752240851212 50.3 3
1752240861429 49.3 4
1752240871606 49.0 5
1752240881710 49.0 6
1752240891870 49.3 7
1752240902042 49.1 8
1752240912125 49.3 9
1752240922342 49.4 10
1752240932548 49.1 11
1752240942747 49.4 12
1752240953020 49.2 13
1752240963147 49.6 14
1752240973239 49.3 15
1752240983463 49.5 16
1752240993616 48.9 17
1752241003755 49.3 18
1752241013859 49.5 19
1752241023940 49.3 20
1752241034119 49.4 21
1752241044219 49.4 22
1752241054371 49.1 23
1752241064745 49.2 24
