1752240820714 16872.0 0
1752240830904 17254.2 1
1752240841063 17448.5 2
1752240851212 17115.8 3
1752240861429 16780.2 4
1752240871606 16659.7 5
1752240881710 16689.4 6
1752240891870 16775.7 7
1752240902042 16695.6 8
1752240912125 16783.6 9
1752240922342 16810.2 10
1752240932548 16696.4 11
1752240942747 16811.8 12
1752240953020 16753.8 13
1752240963147 16863.5 14
1752240973239 16768.9 15
1752240983463 16850.5 16
1752240993616 16631.4 17
1752241003755 16762.5 18
1752241013859 16856.2 19
1752241023940 16780.2 20
1752241034119 16805.4 21
1752241044219 16827.2 22
1752241054371 16702.5 23
1752241064745 16738.6 24
