1752005811650 0.0 0
1752005821762 5.9 1
1752005831876 22.5 2
1752005841968 27.2 3
1752005852099 35.3 4
1752005862256 26.6 5
1752005873100 23.6 6
1752005883220 24.4 7
1752005893350 24.7 8
1752005903520 32.3 9
1752005913672 34.8 10
1752005923842 28.1 11
1752005933977 38.3 12
1752005944107 24.8 13
1752005954273 37.9 14
1752005964392 24.7 15
1752005974552 31.3 16
1752005984772 39.3 17
1752005994935 41.5 18
1752006005082 42.3 19
1752006015227 47.3 20
1752006025524 41.2 21
1752006035859 43.7 22
1752006046043 45.8 23
1752006056197 46.5 24
1752006066365 37.1 25
1752006076552 39.6 26
1752006086672 45.1 27
1752006096773 34.0 28
1752006106975 41.5 29
1752006117246 43.6 30
1752006127519 48.9 31
1752006137790 46.6 32
1752006148046 49.0 33
1752006158267 47.8 34
1752006168433 39.1 35
1752006178740 42.1 36
1752006188987 43.7 37
1752006200200 46.0 38
1752006210393 44.7 39
1752006220599 38.3 40
1752006230752 44.8 41
1752006241016 44.7 42
1752006252234 54.5 43
1752006262412 45.3 44
1752006273024 39.0 45
1752006283171 41.9 46
1752006294729 35.5 47
1752006304913 36.9 48
1752006315571 33.0 49
1752006326773 39.4 50
1752006336985 38.9 51
1752006348205 40.1 52
1752006358419 41.7 53
1752006369037 38.6 54
1752006379998 39.1 55
