1752005811650 25.4 0
1752005821762 25.4 1
1752005831876 25.4 2
1752005841968 25.4 3
1752005852099 25.4 4
1752005862256 25.4 5
1752005873100 25.4 6
1752005883220 25.4 7
1752005893350 25.4 8
1752005903520 25.4 9
1752005913672 25.4 10
1752005923842 25.4 11
1752005933977 25.4 12
1752005944107 25.4 13
1752005954273 25.4 14
1752005964392 25.4 15
1752005974552 25.4 16
1752005984772 25.4 17
1752005994935 25.4 18
1752006005082 25.4 19
1752006015227 25.4 20
1752006025524 25.4 21
1752006035859 25.4 22
1752006046043 25.4 23
1752006056197 25.4 24
1752006066365 25.4 25
1752006076552 25.4 26
1752006086672 25.4 27
1752006096773 25.4 28
1752006106975 25.4 29
1752006117246 25.4 30
1752006127519 25.4 31
1752006137790 25.4 32
1752006148046 25.4 33
1752006158267 25.4 34
1752006168433 25.4 35
1752006178740 25.4 36
1752006188987 25.4 37
1752006200200 25.4 38
1752006210393 25.4 39
1752006220599 25.4 40
1752006230752 25.4 41
1752006241016 25.4 42
1752006252234 25.4 43
1752006262412 25.4 44
1752006273024 25.4 45
1752006283171 25.4 46
1752006294729 25.4 47
1752006304913 25.4 48
1752006315571 25.4 49
1752006326773 25.4 50
1752006336985 25.4 51
1752006348205 25.4 52
1752006358419 25.4 53
1752006369037 25.4 54
1752006379998 25.4 55
