1752005811650 763421.6 0
1752005821762 763421.4 1
1752005831876 763420.9 2
1752005841968 763420.9 3
1752005852099 763421.0 4
1752005862256 763421.1 5
1752005873100 763421.1 6
1752005883220 763421.1 7
1752005893350 763421.0 8
1752005903520 763420.9 9
1752005913672 763419.7 10
1752005923842 763419.3 11
1752005933977 763419.2 12
1752005944107 763419.0 13
1752005954273 763418.0 14
1752005964392 763418.0 15
1752005974552 763417.4 16
1752005984772 763417.4 17
1752005994935 763417.4 18
1752006005082 763417.3 19
1752006015227 763417.3 20
1752006025524 763417.2 21
1752006035859 763417.1 22
1752006046043 763417.0 23
1752006056197 763412.4 24
1752006066365 763412.3 25
1752006076552 763407.7 26
1752006086672 763406.7 27
1752006096773 763406.2 28
1752006106975 763406.1 29
1752006117246 763406.0 30
1752006127519 763405.9 31
1752006137790 763405.9 32
1752006148046 763404.3 33
1752006158267 763404.3 34
1752006168433 763404.3 35
1752006178740 763404.3 36
1752006188987 763404.3 37
1752006200200 763404.3 38
1752006210393 763404.2 39
1752006220599 763404.1 40
1752006230752 763404.0 41
1752006241016 763404.0 42
1752006252234 763402.5 43
1752006262412 763401.9 44
1752006273024 763399.7 45
1752006283171 763399.1 46
1752006294729 763398.7 47
1752006304913 763396.1 48
1752006315571 763396.4 49
1752006326773 763394.7 50
1752006336985 763392.4 51
1752006348205 763390.6 52
1752006358419 763390.3 53
1752006369037 763388.8 54
1752006379998 763388.7 55
