1752005811650 259972.1 0
1752005821762 259972.2 1
1752005831876 259972.7 2
1752005841968 259972.7 3
1752005852099 259972.7 4
1752005862256 259972.5 5
1752005873100 259972.5 6
1752005883220 259972.5 7
1752005893350 259972.6 8
1752005903520 259972.7 9
1752005913672 259973.9 10
1752005923842 259974.4 11
1752005933977 259974.4 12
1752005944107 259974.6 13
1752005954273 259975.6 14
1752005964392 259975.7 15
1752005974552 259976.2 16
1752005984772 259976.2 17
1752005994935 259976.2 18
1752006005082 259976.3 19
1752006015227 259976.4 20
1752006025524 259976.4 21
1752006035859 259976.5 22
1752006046043 259976.6 23
1752006056197 259981.2 24
1752006066365 259981.3 25
1752006076552 259985.9 26
1752006086672 259986.9 27
1752006096773 259987.4 28
1752006106975 259987.5 29
1752006117246 259987.6 30
1752006127519 259987.7 31
1752006137790 259987.7 32
1752006148046 259989.3 33
1752006158267 259989.3 34
1752006168433 259989.3 35
1752006178740 259989.3 36
1752006188987 259989.3 37
1752006200200 259989.3 38
1752006210393 259989.4 39
1752006220599 259989.5 40
1752006230752 259989.7 41
1752006241016 259989.7 42
1752006252234 259991.1 43
1752006262412 259991.7 44
1752006273024 259994.0 45
1752006283171 259994.5 46
1752006294729 259994.9 47
1752006304913 259997.5 48
1752006315571 259997.2 49
1752006326773 259998.9 50
1752006336985 260001.3 51
1752006348205 260003.0 52
1752006358419 260003.3 53
1752006369037 260004.8 54
1752006379998 260004.9 55
