1752005811650 0.0 0
1752005821762 0.10588200000000825 1
1752005831876 0.23489799999998695 2
1752005841968 0.2814589999999839 3
1752005852099 0.3248839999999973 4
1752005862256 0.42510099999998374 5
1752005873100 0.4536080000000027 6
1752005883220 0.6866569999999967 7
1752005893350 0.9172690000000046 8
1752005903520 1.2559060000000102 9
1752005913672 1.526994000000002 10
1752005923842 1.7389479999999935 11
1752005933977 2.190669999999983 12
1752005944107 2.269307999999995 13
1752005954273 2.5545459999999878 14
1752005964392 2.5770809999999926 15
1752005974552 2.628754999999984 16
1752005984772 2.66289900000001 17
1752005994935 2.683134999999993 18
1752006005082 2.726797000000005 19
1752006015227 2.79272499999999 20
1752006025524 2.874571000000003 21
1752006035859 3.135820999999993 22
1752006046043 3.2854049999999972 23
1752006056197 3.786160999999993 24
1752006066365 3.9521589999999946 25
1752006076552 4.163952999999992 26
1752006086672 4.963940000000008 27
1752006096773 5.010629999999992 28
1752006106975 5.1073260000000005 29
1752006117246 5.124709999999993 30
1752006127519 5.213663999999994 31
1752006137790 5.28729100000001 32
1752006148046 5.378421000000003 33
1752006158267 5.391717 34
1752006168433 5.410229999999984 35
1752006178740 5.447847999999993 36
1752006188987 5.4648269999999854 37
1752006200200 5.483456999999987 38
1752006210393 5.499931000000004 39
1752006220599 5.554527000000007 40
1752006230752 5.685958999999997 41
1752006241016 5.822869999999995 42
1752006252234 6.866493999999989 43
1752006262412 7.266669000000007 44
1752006273024 8.315721999999994 45
1752006283171 9.207956999999993 46
1752006294729 9.500323000000009 47
1752006304913 9.785347999999999 48
1752006315571 10.108429000000001 49
1752006326773 10.972323999999986 50
1752006336985 12.264264999999995 51
1752006348205 12.998732999999987 52
1752006358419 13.476711999999992 53
1752006369037 13.761518999999993 54
1752006379998 14.300702999999999 55
