1752005811650 0.0 0
1752005821762 0.28634599999998045 1
1752005831876 0.47597799999994095 2
1752005841968 0.6775850000000219 3
1752005852099 0.8622169999999869 4
1752005862256 1.0601759999999558 5
1752005873100 1.2623439999999846 6
1752005883220 1.5414909999999509 7
1752005893350 1.9712499999999409 8
1752005903520 2.419021999999927 9
1752005913672 2.768224000000032 10
1752005923842 3.0139859999999317 11
1752005933977 3.3503090000000384 12
1752005944107 3.5745909999999412 13
1752005954273 3.776296000000002 14
1752005964392 3.960113999999976 15
1752005974552 4.148286999999982 16
1752005984772 4.3271989999999505 17
1752005994935 4.524070999999935 18
1752006005082 4.737662999999998 19
1752006015227 4.937341999999944 20
1752006025524 5.140490999999997 21
1752006035859 5.415985999999975 22
1752006046043 5.621006999999963 23
1752006056197 5.916146000000026 24
1752006066365 9.814191999999935 25
1752006076552 10.26850300000001 26
1752006086672 10.756169999999997 27
1752006096773 10.859515999999985 28
1752006106975 10.995466999999962 29
1752006117246 11.259541000000013 30
1752006127519 11.434026000000017 31
1752006137790 11.449742000000015 32
1752006148046 12.108989999999949 33
1752006158267 12.126194999999939 34
1752006168433 12.143912 35
1752006178740 12.201790999999957 36
1752006188987 12.216679 37
1752006200200 12.231165000000033 38
1752006210393 12.255931000000032 39
1752006220599 12.291809999999941 40
1752006230752 12.314748000000009 41
1752006241016 12.508262999999943 42
1752006252234 12.82204200000001 43
1752006262412 12.941906000000017 44
1752006273024 13.06865700000003 45
1752006283171 13.242617999999993 46
1752006294729 13.491176999999993 47
1752006304913 14.941847999999936 48
1752006315571 15.005255000000034 49
1752006326773 15.248756999999955 50
1752006336985 15.440261999999962 51
1752006348205 15.61542499999996 52
1752006358419 15.672857000000022 53
1752006369037 15.803304000000026 54
1752006379998 15.844095000000038 55
