1752005811650 53.5 0
1752005821762 53.5 1
1752005831876 54.2 2
1752005841968 54.3 3
1752005852099 54.3 4
1752005862256 54.6 5
1752005873100 54.7 6
1752005883220 55.2 7
1752005893350 55.0 8
1752005903520 55.3 9
1752005913672 55.8 10
1752005923842 56.3 11
1752005933977 56.1 12
1752005944107 56.5 13
1752005954273 56.6 14
1752005964392 56.5 15
1752005974552 57.0 16
1752005984772 57.7 17
1752005994935 57.7 18
1752006005082 58.1 19
1752006015227 58.3 20
1752006025524 58.6 21
1752006035859 59.6 22
1752006046043 59.8 23
1752006056197 59.9 24
1752006066365 60.0 25
1752006076552 60.6 26
1752006086672 60.9 27
1752006096773 61.1 28
1752006106975 61.1 29
1752006117246 62.6 30
1752006127519 62.5 31
1752006137790 62.9 32
1752006148046 63.5 33
1752006158267 63.5 34
1752006168433 63.7 35
1752006178740 63.8 36
1752006188987 63.8 37
1752006200200 64.0 38
1752006210393 64.3 39
1752006220599 64.6 40
1752006230752 63.8 41
1752006241016 65.1 42
1752006252234 66.2 43
1752006262412 66.7 44
1752006273024 66.7 45
1752006283171 65.9 46
1752006294729 67.1 47
1752006304913 67.7 48
1752006315571 68.0 49
1752006326773 68.1 50
1752006336985 68.7 51
1752006348205 69.1 52
1752006358419 69.4 53
1752006369037 70.1 54
1752006379998 70.3 55
