1752005811650 18201.7 0
1752005821762 18192.7 1
1752005831876 18440.9 2
1752005841968 18466.7 3
1752005852099 18463.6 4
1752005862256 18577.2 5
1752005873100 18628.1 6
1752005883220 18776.2 7
1752005893350 18727.7 8
1752005903520 18829.1 9
1752005913672 18977.2 10
1752005923842 19160.0 11
1752005933977 19082.5 12
1752005944107 19218.3 13
1752005954273 19275.9 14
1752005964392 19238.9 15
1752005974552 19404.8 16
1752005984772 19620.3 17
1752005994935 19647.0 18
1752006005082 19787.5 19
1752006015227 19835.5 20
1752006025524 19945.2 21
1752006035859 20270.5 22
1752006046043 20339.9 23
1752006056197 20386.7 24
1752006066365 20428.5 25
1752006076552 20626.6 26
1752006086672 20725.6 27
1752006096773 20792.2 28
1752006106975 20803.7 29
1752006117246 21293.0 30
1752006127519 21251.8 31
1752006137790 21412.2 32
1752006148046 21623.2 33
1752006158267 21601.0 34
1752006168433 21662.9 35
1752006178740 21725.6 36
1752006188987 21724.7 37
1752006200200 21793.3 38
1752006210393 21883.5 39
1752006220599 21983.5 40
1752006230752 21719.2 41
1752006241016 22155.8 42
1752006252234 22515.0 43
1752006262412 22682.9 44
1752006273024 22708.3 45
1752006283171 22429.6 46
1752006294729 22845.0 47
1752006304913 23038.1 48
1752006315571 23151.9 49
1752006326773 23187.3 50
1752006336985 23386.8 51
1752006348205 23518.4 52
1752006358419 23616.5 53
1752006369037 23857.6 54
1752006379998 23935.2 55
