1752509375618 0.00012936513176579697 0
1752509386035 0.000605608719123551 1
1752509397923 0.0025713024637132684 2
1752509418039 0.013943375349099162 3
1752509428843 0.023919707501907982 4
1752509432890 0.001631433716233228 5
1752509437805 0.0007455355236877437 6
1752509442015 0.0006643765375332949 7
1752509445596 0.0007490610667692097 8
1752509449884 0.0006934838962834883 9
1752509453312 0.0005897338830427377 10
1752509458822 0.0004057564025121064 11
1752509462885 0.00016707465671260616 12
1752509490668 0.0033506816772671533 13
