1750684064512 0.0013489867814595962 0
1750684068515 0.0005048939063440158 1
1750684072676 0.000538652164849431 2
1750684076887 0.0005981271002869808 3
1750684080807 0.00029759490093042915 4
1750684084975 0.0006293619073666252 5
1750684092209 0.0013739203393251444 6
1750684097349 0.0031710557783791774 7
1750684102232 0.00194861705096881 8
1750684105993 0.0018863817797588548 9
1750684109716 0.0022637096410136723 10
1750684115773 0.0020734520164150576 11
1750684122923 0.004408437785308609 12
1750684129121 0.004643789290827625 13
1750684133138 0.007763293065435857 14
1750684137171 0.010896432491235378 15
1750684140897 0.01770736279891752 16
1750684144701 0.016834603949248562 17
1750684149090 0.013301953386244502 18
1750684153243 0.009970985288761445 19
1750684158648 0.00930491439557217 20
1750684162510 0.0285148362206639 21
1750684165947 0.009501218393198663 22
1750684169780 0.039807197779879684 23
1750684172879 0.01860150688392734 24
1750684176178 0.020806228277614455 25
1750684179392 0.010667869102630291 26
1750684182421 0.006016573155280143 27
1750684185750 0.0015639914236331898 28
1750684188536 0.0011852375726222352 29
1750684191331 0.0013458623594248822 30
1750684193921 0.001315872598822819 31
1750684196781 0.0008731291982567518 32
1750684199425 0.0009407088942641132 33
1750684202271 0.0007989821261477051 34
1750684204989 0.0006629534412899059 35
1750684207594 0.0007192940901094646 36
1750684210155 0.0005721353636767427 37
1750684212672 0.0006990428782287418 38
1750684215600 0.0007040541614069059 39
1750684218111 0.0006874506665402526 40
1750684220722 0.0006393468628876425 41
1750684223330 0.0006171809247312616 42
1750684226059 0.0008093931727740269 43
1750684228547 0.0007506765824481195 44
1750684231087 0.0006731151495120194 45
1750684233776 0.0007665550586224615 46
1750684236186 0.0007540296669351839 47
1750684238623 0.0007158741720629852 48
1750684241193 0.0008594316394440144 49
1750684243740 0.0007239871974192529 50
1750684246672 0.0008051987804696178 51
