1747837054714 0.0 0
1747837064786 7.7 1
1747837074881 28.7 2
1747837084974 43.6 3
1747837095077 32.2 4
1747837105186 32.9 5
1747837115285 43.5 6
1747837125387 47.0 7
1747837135491 33.4 8
1747837145560 44.9 9
1747837155621 32.9 10
1747837165718 37.6 11
1747837175816 41.3 12
1747837185929 33.7 13
1747837196034 46.5 14
1747837206134 42.8 15
1747837216267 42.1 16
1747837226367 52.5 17
1747837236483 38.6 18
1747837246626 46.9 19
1747837256815 51.1 20
1747837266956 48.7 21
1747837277094 36.9 22
1747837287212 46.0 23
1747837297354 34.6 24
1747837307490 46.7 25
1747837317606 44.5 26
1747837327783 44.7 27
1747837338506 36.7 28
1747837348590 29.1 29
1747837359139 28.2 30
