1747837054714 232438.1 0
1747837064786 232439.0 1
1747837074881 232439.1 2
1747837084974 232439.1 3
1747837095077 232439.1 4
1747837105186 232439.1 5
1747837115285 232439.1 6
1747837125387 232441.5 7
1747837135491 232441.6 8
1747837145560 232441.6 9
1747837155621 232441.7 10
1747837165718 232441.7 11
1747837175816 232441.6 12
1747837185929 232441.7 13
1747837196034 232441.9 14
1747837206134 232442.0 15
1747837216267 232442.1 16
1747837226367 232442.3 17
1747837236483 232442.3 18
1747837246626 232442.3 19
1747837256815 232442.5 20
1747837266956 232426.1 21
1747837277094 232427.1 22
1747837287212 232427.1 23
1747837297354 232427.3 24
1747837307490 232427.4 25
1747837317606 232427.5 26
1747837327783 232428.3 27
1747837338506 232437.7 28
1747837348590 232443.5 29
1747837359139 232449.8 30
