1747837054714 790955.5 0
1747837064786 790954.6 1
1747837074881 790954.5 2
1747837084974 790954.5 3
1747837095077 790954.5 4
1747837105186 790954.5 5
1747837115285 790954.5 6
1747837125387 790952.1 7
1747837135491 790952.0 8
1747837145560 790952.0 9
1747837155621 790951.9 10
1747837165718 790951.9 11
1747837175816 790952.0 12
1747837185929 790951.9 13
1747837196034 790951.7 14
1747837206134 790951.6 15
1747837216267 790951.5 16
1747837226367 790951.3 17
1747837236483 790951.3 18
1747837246626 790951.3 19
1747837256815 790951.1 20
1747837266956 790967.5 21
1747837277094 790966.5 22
1747837287212 790966.5 23
1747837297354 790966.3 24
1747837307490 790966.2 25
1747837317606 790966.1 26
1747837327783 790965.3 27
1747837338506 790955.9 28
1747837348590 790950.2 29
1747837359139 790943.8 30
