1747837054714 22.7 0
1747837064786 22.7 1
1747837074881 22.7 2
1747837084974 22.7 3
1747837095077 22.7 4
1747837105186 22.7 5
1747837115285 22.7 6
1747837125387 22.7 7
1747837135491 22.7 8
1747837145560 22.7 9
1747837155621 22.7 10
1747837165718 22.7 11
1747837175816 22.7 12
1747837185929 22.7 13
1747837196034 22.7 14
1747837206134 22.7 15
1747837216267 22.7 16
1747837226367 22.7 17
1747837236483 22.7 18
1747837246626 22.7 19
1747837256815 22.7 20
1747837266956 22.7 21
1747837277094 22.7 22
1747837287212 22.7 23
1747837297354 22.7 24
1747837307490 22.7 25
1747837317606 22.7 26
1747837327783 22.7 27
1747837338506 22.7 28
1747837348590 22.7 29
1747837359139 22.7 30
