1747837054714 0.0 0
1747837064786 0.03085699999999747 1
1747837074881 0.053147000000024036 2
1747837084974 0.06173499999999876 3
1747837095077 0.07053700000000163 4
1747837105186 0.09269800000001283 5
1747837115285 0.17371600000001308 6
1747837125387 0.2200600000000179 7
1747837135491 0.25602600000001985 8
1747837145560 0.2676150000000064 9
1747837155621 0.27126400000000217 10
1747837165718 0.3109970000000146 11
1747837175816 0.3220919999999978 12
1747837185929 0.40254800000002433 13
1747837196034 0.4736210000000085 14
1747837206134 0.7125400000000184 15
1747837216267 0.8940940000000239 16
1747837226367 0.9328090000000202 17
1747837236483 0.9388520000000256 18
1747837246626 0.9621190000000013 19
1747837256815 1.6868290000000172 20
1747837266956 2.956907000000001 21
1747837277094 4.177762000000001 22
1747837287212 4.203989000000007 23
1747837297354 4.217387000000002 24
1747837307490 4.24701300000001 25
1747837317606 4.267174000000011 26
1747837327783 4.278642000000019 27
1747837338506 6.823613000000023 28
1747837348590 8.57601200000002 29
1747837359139 8.856628999999998 30
