1747837054714 0.0 0
1747837064786 0.11493600000000015 1
1747837074881 0.13494799999999962 2
1747837084974 0.15680700000000058 3
1747837095077 0.16456300000000113 4
1747837105186 0.18367300000000064 5
1747837115285 0.22437900000000077 6
1747837125387 0.31486400000000003 7
1747837135491 0.3480819999999998 8
1747837145560 0.3602740000000004 9
1747837155621 0.3635280000000005 10
1747837165718 0.42150900000000036 11
1747837175816 0.43120000000000047 12
1747837185929 0.4476250000000004 13
1747837196034 0.47602400000000067 14
1747837206134 0.5104009999999999 15
1747837216267 0.5602490000000007 16
1747837226367 0.6010869999999997 17
1747837236483 0.606955000000001 18
1747837246626 0.6313820000000003 19
1747837256815 0.7098139999999997 20
1747837266956 0.7801570000000009 21
1747837277094 0.8681090000000005 22
1747837287212 0.8995750000000005 23
1747837297354 0.9151150000000001 24
1747837307490 0.9476189999999995 25
1747837317606 0.9699749999999998 26
1747837327783 0.9869240000000001 27
1747837338506 1.488315 28
1747837348590 1.9428730000000005 29
1747837359139 2.1287979999999997 30
