1747837054714 24681.4 0
1747837064786 24828.8 1
1747837074881 25058.9 2
1747837084974 25047.0 3
1747837095077 25094.2 4
1747837105186 25198.1 5
1747837115285 25189.6 6
1747837125387 25336.6 7
1747837135491 25346.8 8
1747837145560 25233.6 9
1747837155621 25315.0 10
1747837165718 25431.0 11
1747837175816 25502.4 12
1747837185929 25422.1 13
1747837196034 25977.3 14
1747837206134 25988.3 15
1747837216267 26046.2 16
1747837226367 25786.4 17
1747837236483 25790.7 18
1747837246626 25904.1 19
1747837256815 26047.6 20
1747837266956 25915.7 21
1747837277094 26088.5 22
1747837287212 26275.0 23
1747837297354 26474.3 24
1747837307490 26718.6 25
1747837317606 26805.8 26
1747837327783 26870.8 27
1747837338506 27440.4 28
1747837348590 27408.1 29
1747837359139 27359.3 30
