1747837054714 72.5 0
1747837064786 73.0 1
1747837074881 73.6 2
1747837084974 73.6 3
1747837095077 73.7 4
1747837105186 74.0 5
1747837115285 74.0 6
1747837125387 74.5 7
1747837135491 74.5 8
1747837145560 74.2 9
1747837155621 74.4 10
1747837165718 74.7 11
1747837175816 74.9 12
1747837185929 74.7 13
1747837196034 76.3 14
1747837206134 76.4 15
1747837216267 76.5 16
1747837226367 75.8 17
1747837236483 75.8 18
1747837246626 76.1 19
1747837256815 76.5 20
1747837266956 76.2 21
1747837277094 76.7 22
1747837287212 77.2 23
1747837297354 77.8 24
1747837307490 78.5 25
1747837317606 78.8 26
1747837327783 79.0 27
1747837338506 80.6 28
1747837348590 80.5 29
1747837359139 80.4 30
