1750860677908 0.0101895743088182 0
1750860684853 0.009744392711301562 1
1750860691799 0.01168249876652714 2
1750860701783 0.00975970669578695 3
1750860709540 0.007999320484145282 4
1750860723054 0.02070694295989679 5
1750860725827 0.017926909163052195 6
1750860728465 0.02256858746711418 7
1750860731529 0.012523689644561055 8
1750860742537 0.007072084439044557 9
1750860751152 0.003691532768107973 10
1750860765861 0.0038341962027566728 11
1750860769308 0.004250057150084217 12
1750860772385 0.009272677024670842 13
1750860774971 0.005683324468927906 14
1750860780496 0.004458821239493548 15
1750860788293 0.003612236170886678 16
1750860797776 0.0034972738581817053 17
1750860808626 0.0036356650842974134 18
1750860816730 0.004832188876244821 19
1750860822986 0.005048605150353774 20
1750860826037 0.005311751423578711 21
1750860836017 0.0045844432425154475 22
1750860841625 0.011156299956093853 23
1750860852410 0.006370800107183033 24
1750860855697 0.010523293333692365 25
1750860862262 0.006288175953085206 26
1750860865329 0.02034455053472716 27
1750860869128 0.03762811446563458 28
1750860886017 0.0355490854300608 29
1750860892441 0.005059952364736592 30
1750860900115 0.009041228392347863 31
1750860907242 0.007415244626347552 32
1750860914697 0.006901228706918897 33
1750860920924 0.007948028043976124 34
