1752299072563 0.0 0
1752299082640 10.1 1
1752299092755 44.2 2
1752299102886 45.1 3
1752299112986 45.9 4
1752299123138 43.5 5
1752299133288 45.1 6
1752299143409 45.0 7
1752299153543 48.8 8
1752299163633 46.0 9
1752299173720 44.2 10
1752299183811 45.2 11
1752299193904 45.7 12
1752299204058 45.8 13
1752299214251 46.7 14
1752299224380 46.1 15
1752299234453 48.7 16
1752299244536 36.9 17
1752299254631 29.6 18
1752299264717 44.8 19
1752299274805 23.0 20
1752299284928 43.5 21
1752299295047 45.0 22
1752299305274 43.9 23
1752299315378 46.7 24
1752299325526 44.2 25
1752299335624 45.0 26
1752299345756 44.8 27
1752299355903 46.1 28
1752299365988 45.0 29
1752299376147 44.3 30
1752299386409 45.0 31
1752299396546 44.4 32
1752299406676 44.9 33
1752299416785 48.5 34
1752299426885 44.1 35
1752299437007 46.3 36
1752299447137 45.4 37
1752299457227 46.8 38
1752299467320 43.5 39
1752299477459 44.7 40
1752299487625 46.3 41
1752299497720 46.5 42
1752299507859 22.5 43
1752299518029 44.5 44
1752299528238 44.6 45
1752299538367 45.8 46
1752299548566 45.0 47
1752299558732 45.5 48
1752299568894 44.5 49
1752299578996 45.4 50
1752299589099 21.1 51
1752299599170 47.6 52
1752299609259 27.6 53
1752299619349 40.9 54
1752299629490 44.5 55
1752299639648 44.4 56
1752299649829 43.6 57
1752299659987 44.6 58
1752299670160 43.4 59
1752299680313 44.4 60
1752299690411 45.5 61
1752299700561 44.2 62
1752299710661 43.3 63
1752299720795 43.6 64
1752299730924 44.8 65
1752299741020 44.4 66
1752299751143 43.2 67
1752299761228 45.6 68
1752299771326 43.9 69
1752299781420 44.8 70
1752299791524 48.1 71
1752299801621 43.9 72
1752299811726 45.1 73
1752299821899 48.6 74
1752299832052 45.4 75
1752299842157 43.9 76
1752299852244 46.5 77
1752299862324 29.5 78
1752299872495 38.8 79
1752299882646 44.6 80
1752299892730 44.5 81
1752299902880 43.3 82
1752299913025 45.4 83
1752299923129 44.0 84
1752299933279 44.2 85
1752299943376 44.1 86
1752299953474 42.9 87
1752299963564 44.5 88
1752299973670 49.3 89
1752299983795 43.9 90
1752299993942 43.7 91
1752300004063 44.8 92
1752300014212 44.0 93
1752300024326 44.5 94
1752300034435 50.1 95
1752300044592 45.8 96
1752300054669 46.4 97
1752300064760 43.7 98
1752300074850 44.8 99
1752300085639 43.8 100
1752300095777 43.0 101
1752300105903 26.8 102
1752300116044 43.2 103
1752300126215 44.1 104
1752300136369 44.4 105
