1752299072563 761980.4 0
1752299082640 761979.1 1
1752299092755 761979.1 2
1752299102886 761979.0 3
1752299112986 761979.0 4
1752299123138 761979.0 5
1752299133288 761979.0 6
1752299143409 761978.6 7
1752299153543 761978.7 8
1752299163633 761968.1 9
1752299173720 761955.6 10
1752299183811 761944.0 11
1752299193904 761932.1 12
1752299204058 761976.6 13
1752299214251 761976.5 14
1752299224380 761976.5 15
1752299234453 761976.3 16
1752299244536 761976.4 17
1752299254631 761976.4 18
1752299264717 761976.2 19
1752299274805 761976.1 20
1752299284928 761976.1 21
1752299295047 761976.1 22
1752299305274 761976.0 23
1752299315378 761975.8 24
1752299325526 761975.6 25
1752299335624 761975.5 26
1752299345756 761975.6 27
1752299355903 761975.4 28
1752299365988 761975.4 29
1752299376147 761975.4 30
1752299386409 761975.2 31
1752299396546 761975.2 32
1752299406676 761975.3 33
1752299416785 761975.2 34
1752299426885 761975.2 35
1752299437007 761975.2 36
1752299447137 761975.2 37
1752299457227 761975.0 38
1752299467320 761975.0 39
1752299477459 761974.9 40
1752299487625 761974.9 41
1752299497720 761975.0 42
1752299507859 761974.8 43
1752299518029 761974.8 44
1752299528238 761974.8 45
1752299538367 761974.6 46
1752299548566 761974.7 47
1752299558732 761974.6 48
1752299568894 761974.5 49
1752299578996 761974.4 50
1752299589099 761974.3 51
1752299599170 761974.3 52
1752299609259 761974.0 53
1752299619349 761974.0 54
1752299629490 761974.0 55
1752299639648 761973.7 56
1752299649829 761973.7 57
1752299659987 761973.7 58
1752299670160 761973.6 59
1752299680313 761973.6 60
1752299690411 761973.6 61
1752299700561 761973.5 62
1752299710661 761973.3 63
1752299720795 761973.3 64
1752299730924 761973.3 65
1752299741020 761973.2 66
1752299751143 761973.4 67
1752299761228 761972.9 68
1752299771326 761972.8 69
1752299781420 761972.8 70
1752299791524 761972.7 71
1752299801621 761973.0 72
1752299811726 761972.7 73
1752299821899 761972.7 74
1752299832052 761972.6 75
1752299842157 761972.4 76
1752299852244 761972.4 77
1752299862324 761972.3 78
1752299872495 761972.1 79
1752299882646 761972.1 80
1752299892730 761972.1 81
1752299902880 761972.2 82
1752299913025 761971.9 83
1752299923129 761971.9 84
1752299933279 761972.0 85
1752299943376 761971.8 86
1752299953474 761971.9 87
1752299963564 761971.7 88
1752299973670 761971.6 89
1752299983795 761971.4 90
1752299993942 761971.4 91
1752300004063 761971.4 92
1752300014212 761971.0 93
1752300024326 761971.0 94
1752300034435 761970.6 95
1752300044592 761970.3 96
1752300054669 761970.2 97
1752300064760 761970.2 98
1752300074850 761970.2 99
1752300085639 761970.3 100
1752300095777 761970.2 101
1752300105903 761970.2 102
1752300116044 761970.2 103
1752300126215 761970.2 104
1752300136369 761970.1 105
