1752299072563 261413.3 0
1752299082640 261414.5 1
1752299092755 261414.5 2
1752299102886 261414.6 3
1752299112986 261414.6 4
1752299123138 261414.6 5
1752299133288 261414.7 6
1752299143409 261415.0 7
1752299153543 261414.9 8
1752299163633 261425.6 9
1752299173720 261438.0 10
1752299183811 261449.6 11
1752299193904 261461.5 12
1752299204058 261417.0 13
1752299214251 261417.2 14
1752299224380 261417.1 15
1752299234453 261417.3 16
1752299244536 261417.3 17
1752299254631 261417.3 18
1752299264717 261417.4 19
1752299274805 261417.5 20
1752299284928 261417.5 21
1752299295047 261417.5 22
1752299305274 261417.7 23
1752299315378 261417.8 24
1752299325526 261418.0 25
1752299335624 261418.1 26
1752299345756 261418.1 27
1752299355903 261418.2 28
1752299365988 261418.2 29
1752299376147 261418.2 30
1752299386409 261418.4 31
1752299396546 261418.4 32
1752299406676 261418.3 33
1752299416785 261418.4 34
1752299426885 261418.4 35
1752299437007 261418.4 36
1752299447137 261418.5 37
1752299457227 261418.6 38
1752299467320 261418.6 39
1752299477459 261418.8 40
1752299487625 261418.7 41
1752299497720 261418.6 42
1752299507859 261418.8 43
1752299518029 261418.8 44
1752299528238 261418.8 45
1752299538367 261419.0 46
1752299548566 261418.9 47
1752299558732 261419.0 48
1752299568894 261419.1 49
1752299578996 261419.3 50
1752299589099 261419.3 51
1752299599170 261419.4 52
1752299609259 261419.7 53
1752299619349 261419.6 54
1752299629490 261419.7 55
1752299639648 261419.9 56
1752299649829 261419.9 57
1752299659987 261419.9 58
1752299670160 261420.0 59
1752299680313 261420.0 60
1752299690411 261420.0 61
1752299700561 261420.2 62
1752299710661 261420.3 63
1752299720795 261420.3 64
1752299730924 261420.3 65
1752299741020 261420.4 66
1752299751143 261420.2 67
1752299761228 261420.8 68
1752299771326 261420.8 69
1752299781420 261420.9 70
1752299791524 261420.9 71
1752299801621 261420.7 72
1752299811726 261420.9 73
1752299821899 261420.9 74
1752299832052 261421.0 75
1752299842157 261421.2 76
1752299852244 261421.2 77
1752299862324 261421.3 78
1752299872495 261421.5 79
1752299882646 261421.5 80
1752299892730 261421.5 81
1752299902880 261421.4 82
1752299913025 261421.7 83
1752299923129 261421.7 84
1752299933279 261421.7 85
1752299943376 261421.8 86
1752299953474 261421.8 87
1752299963564 261422.0 88
1752299973670 261422.0 89
1752299983795 261422.2 90
1752299993942 261422.2 91
1752300004063 261422.2 92
1752300014212 261422.6 93
1752300024326 261422.6 94
1752300034435 261423.1 95
1752300044592 261423.3 96
1752300054669 261423.4 97
1752300064760 261423.4 98
1752300074850 261423.4 99
1752300085639 261423.4 100
1752300095777 261423.4 101
1752300105903 261423.4 102
1752300116044 261423.4 103
1752300126215 261423.4 104
1752300136369 261423.5 105
