1752299072563 25.5 0
1752299082640 25.5 1
1752299092755 25.5 2
1752299102886 25.5 3
1752299112986 25.5 4
1752299123138 25.5 5
1752299133288 25.5 6
1752299143409 25.5 7
1752299153543 25.5 8
1752299163633 25.5 9
1752299173720 25.5 10
1752299183811 25.5 11
1752299193904 25.5 12
1752299204058 25.5 13
1752299214251 25.5 14
1752299224380 25.5 15
1752299234453 25.5 16
1752299244536 25.5 17
1752299254631 25.5 18
1752299264717 25.5 19
1752299274805 25.5 20
1752299284928 25.5 21
1752299295047 25.5 22
1752299305274 25.5 23
1752299315378 25.5 24
1752299325526 25.5 25
1752299335624 25.5 26
1752299345756 25.5 27
1752299355903 25.5 28
1752299365988 25.5 29
1752299376147 25.5 30
1752299386409 25.5 31
1752299396546 25.5 32
1752299406676 25.5 33
1752299416785 25.5 34
1752299426885 25.5 35
1752299437007 25.5 36
1752299447137 25.5 37
1752299457227 25.5 38
1752299467320 25.5 39
1752299477459 25.5 40
1752299487625 25.5 41
1752299497720 25.5 42
1752299507859 25.5 43
1752299518029 25.5 44
1752299528238 25.5 45
1752299538367 25.5 46
1752299548566 25.5 47
1752299558732 25.5 48
1752299568894 25.5 49
1752299578996 25.5 50
1752299589099 25.5 51
1752299599170 25.5 52
1752299609259 25.5 53
1752299619349 25.5 54
1752299629490 25.5 55
1752299639648 25.5 56
1752299649829 25.5 57
1752299659987 25.5 58
1752299670160 25.5 59
1752299680313 25.5 60
1752299690411 25.5 61
1752299700561 25.5 62
1752299710661 25.5 63
1752299720795 25.5 64
1752299730924 25.5 65
1752299741020 25.5 66
1752299751143 25.5 67
1752299761228 25.5 68
1752299771326 25.5 69
1752299781420 25.5 70
1752299791524 25.5 71
1752299801621 25.5 72
1752299811726 25.5 73
1752299821899 25.5 74
1752299832052 25.5 75
1752299842157 25.5 76
1752299852244 25.5 77
1752299862324 25.5 78
1752299872495 25.5 79
1752299882646 25.5 80
1752299892730 25.5 81
1752299902880 25.5 82
1752299913025 25.5 83
1752299923129 25.5 84
1752299933279 25.5 85
1752299943376 25.5 86
1752299953474 25.5 87
1752299963564 25.5 88
1752299973670 25.5 89
1752299983795 25.5 90
1752299993942 25.5 91
1752300004063 25.5 92
1752300014212 25.5 93
1752300024326 25.5 94
1752300034435 25.5 95
1752300044592 25.5 96
1752300054669 25.5 97
1752300064760 25.5 98
1752300074850 25.5 99
1752300085639 25.5 100
1752300095777 25.5 101
1752300105903 25.5 102
1752300116044 25.5 103
1752300126215 25.5 104
1752300136369 25.5 105
