1752299072563 0.0 0
1752299082640 0.053378000000066095 1
1752299092755 0.09146099999998114 2
1752299102886 0.12103500000011991 3
1752299112986 0.16645599999992555 4
1752299123138 0.22708800000009433 5
1752299133288 0.24952400000006492 6
1752299143409 0.27739599999995335 7
1752299153543 0.4722229999999854 8
1752299163633 0.6170509999999467 9
1752299173720 0.6570349999999507 10
1752299183811 0.6667509999999766 11
1752299193904 0.9586280000000897 12
1752299204058 1.3708670000000893 13
1752299214251 1.5329679999999826 14
1752299224380 1.65324099999998 15
1752299234453 1.7645279999999275 16
1752299244536 1.8853129999999965 17
1752299254631 2.061384000000089 18
1752299264717 2.0961509999999635 19
1752299274805 2.121601000000055 20
1752299284928 2.204371999999921 21
1752299295047 2.2176560000000336 22
1752299305274 2.256356000000096 23
1752299315378 2.288473999999951 24
1752299325526 2.2999509999999646 25
1752299335624 2.3312989999999445 26
1752299345756 2.4113660000000436 27
1752299355903 2.4796120000000883 28
1752299365988 2.5084380000000692 29
1752299376147 2.533689000000095 30
1752299386409 2.556532999999945 31
1752299396546 2.594906999999921 32
1752299406676 2.6465700000001107 33
1752299416785 2.745249999999942 34
1752299426885 2.760395000000017 35
1752299437007 2.811490000000049 36
1752299447137 2.824536999999964 37
1752299457227 2.8904190000000654 38
1752299467320 2.9249509999999646 39
1752299477459 2.9384829999999056 40
1752299487625 2.979323999999906 41
1752299497720 3.022864000000027 42
1752299507859 3.06809700000008 43
1752299518029 3.113166999999976 44
1752299528238 3.138198000000102 45
1752299538367 3.2258569999999054 46
1752299548566 3.386058000000048 47
1752299558732 3.4087690000001203 48
1752299568894 3.4478639999999814 49
1752299578996 3.543278999999984 50
1752299589099 3.5728180000000975 51
1752299599170 3.631213000000116 52
1752299609259 3.6776689999999235 53
1752299619349 3.7120010000001002 54
1752299629490 3.772416000000021 55
1752299639648 3.802592000000004 56
1752299649829 3.84972700000003 57
1752299659987 3.8690180000000964 58
1752299670160 3.885811999999987 59
1752299680313 3.9128240000000005 60
1752299690411 3.9894670000001042 61
1752299700561 4.074256999999989 62
1752299710661 4.103305999999975 63
1752299720795 4.144060999999965 64
1752299730924 4.1780599999999595 65
1752299741020 4.190689999999904 66
1752299751143 4.270291999999927 67
1752299761228 4.375013000000081 68
1752299771326 4.412915000000112 69
1752299781420 4.4671189999999115 70
1752299791524 4.548197000000073 71
1752299801621 4.559175000000096 72
1752299811726 4.611795000000029 73
1752299821899 4.693899000000101 74
1752299832052 4.806618999999955 75
1752299842157 4.845600999999988 76
1752299852244 5.031627999999955 77
1752299862324 5.1135209999999915 78
1752299872495 5.164066999999932 79
1752299882646 5.229825000000119 80
1752299892730 5.2641929999999775 81
1752299902880 5.294499000000087 82
1752299913025 5.309635999999955 83
1752299923129 5.346804999999904 84
1752299933279 5.366303000000016 85
1752299943376 5.431356000000051 86
1752299953474 5.457259000000022 87
1752299963564 5.494186000000127 88
1752299973670 5.566078999999945 89
1752299983795 5.576577000000043 90
1752299993942 5.627872999999909 91
1752300004063 5.667312000000038 92
1752300014212 5.688088000000107 93
1752300024326 5.7151940000001105 94
1752300034435 14.870114000000058 95
1752300044592 14.980843999999934 96
1752300054669 15.055237000000034 97
1752300064760 15.130323999999973 98
1752300074850 15.153512999999975 99
1752300085639 15.186801999999943 100
1752300095777 15.344049000000041 101
1752300105903 15.390757000000121 102
1752300116044 15.458573999999999 103
1752300126215 15.504280000000108 104
1752300136369 15.528778000000102 105
