1752299072563 0.0 0
1752299082640 0.06421800000009625 1
1752299092755 0.105858000000012 2
1752299102886 0.13582800000006046 3
1752299112986 0.20083800000008978 4
1752299123138 0.24471200000004956 5
1752299133288 0.25674900000001344 6
1752299143409 0.2790610000000697 7
1752299153543 0.3718420000000151 8
1752299163633 0.42436700000007477 9
1752299173720 0.46045700000001943 10
1752299183811 0.471492000000012 11
1752299193904 0.6099790000000667 12
1752299204058 5.739114000000086 13
1752299214251 5.849059000000011 14
1752299224380 6.063677000000098 15
1752299234453 6.217471000000046 16
1752299244536 6.283227000000011 17
1752299254631 6.320236000000023 18
1752299264717 6.3507170000000315 19
1752299274805 6.386881000000017 20
1752299284928 6.453233000000068 21
1752299295047 6.474767000000043 22
1752299305274 6.523757000000046 23
1752299315378 6.56526800000006 24
1752299325526 6.576556000000096 25
1752299335624 6.603900000000067 26
1752299345756 6.6813640000000305 27
1752299355903 6.748522000000094 28
1752299365988 6.770629000000099 29
1752299376147 6.792709000000059 30
1752299386409 6.81690500000002 31
1752299396546 6.858477000000107 32
1752299406676 6.9061360000000604 33
1752299416785 7.036317000000054 34
1752299426885 7.052302000000054 35
1752299437007 7.09346800000003 36
1752299447137 7.106291000000056 37
1752299457227 7.160900000000083 38
1752299467320 7.191237000000001 39
1752299477459 7.212401999999997 40
1752299487625 7.250359000000003 41
1752299497720 7.287074000000075 42
1752299507859 7.317418000000089 43
1752299518029 7.371474000000035 44
1752299528238 7.396378000000027 45
1752299538367 7.4755930000000035 46
1752299548566 7.50581800000009 47
1752299558732 7.5271490000000085 48
1752299568894 7.552588000000014 49
1752299578996 7.647347000000082 50
1752299589099 7.687248000000068 51
1752299599170 7.7828250000000025 52
1752299609259 7.823151000000053 53
1752299619349 7.8618510000000015 54
1752299629490 7.922334000000092 55
1752299639648 7.954381000000012 56
1752299649829 7.990629000000013 57
1752299659987 8.037270000000035 58
1752299670160 8.05922600000008 59
1752299680313 8.083113000000026 60
1752299690411 8.141209000000003 61
1752299700561 8.218455000000063 62
1752299710661 8.261281000000054 63
1752299720795 8.305565999999999 64
1752299730924 8.335003000000029 65
1752299741020 8.346033000000034 66
1752299751143 8.4147660000001 67
1752299761228 8.509468000000084 68
1752299771326 8.545718000000079 69
1752299781420 8.612174000000095 70
1752299791524 8.696369000000004 71
1752299801621 8.707507000000078 72
1752299811726 8.799135000000092 73
1752299821899 8.986337000000049 74
1752299832052 9.713602000000037 75
1752299842157 9.759749000000056 76
1752299852244 9.810932000000093 77
1752299862324 9.878977000000077 78
1752299872495 9.916025000000104 79
1752299882646 9.962880000000041 80
1752299892730 9.999398000000042 81
1752299902880 10.033982000000037 82
1752299913025 10.048597000000086 83
1752299923129 10.083075000000008 84
1752299933279 10.100417000000107 85
1752299943376 10.160187000000064 86
1752299953474 10.201612000000068 87
1752299963564 10.240932000000043 88
1752299973670 10.331946000000016 89
1752299983795 10.341995999999995 90
1752299993942 10.392769000000044 91
1752300004063 10.43900700000006 92
1752300014212 10.459111000000007 93
1752300024326 10.497788000000014 94
1752300034435 11.474709000000075 95
1752300044592 11.586910000000103 96
1752300054669 11.64462100000003 97
1752300064760 11.722342000000026 98
1752300074850 11.761191000000053 99
1752300085639 11.798886000000039 100
1752300095777 11.86967500000003 101
1752300105903 11.893786000000091 102
1752300116044 11.943444 103
1752300126215 11.997265000000084 104
1752300136369 12.018263000000047 105
