1752299072563 19240.2 0
1752299082640 20146.6 1
1752299092755 20135.0 2
1752299102886 19891.4 3
1752299112986 19981.0 4
1752299123138 20238.4 5
1752299133288 20254.1 6
1752299143409 19929.5 7
1752299153543 19921.5 8
1752299163633 20269.7 9
1752299173720 19966.3 10
1752299183811 20184.9 11
1752299193904 20170.0 12
1752299204058 20199.3 13
1752299214251 20235.9 14
1752299224380 19893.5 15
1752299234453 20293.5 16
1752299244536 19717.4 17
1752299254631 20062.3 18
1752299264717 20325.7 19
1752299274805 20189.6 20
1752299284928 20115.8 21
1752299295047 20468.9 22
1752299305274 20127.5 23
1752299315378 20149.7 24
1752299325526 20501.2 25
1752299335624 20150.9 26
1752299345756 20516.0 27
1752299355903 19885.2 28
1752299365988 20209.3 29
1752299376147 19850.5 30
1752299386409 20220.7 31
1752299396546 19920.6 32
1752299406676 20245.8 33
1752299416785 19996.1 34
1752299426885 20138.7 35
1752299437007 20254.8 36
1752299447137 19886.2 37
1752299457227 20241.3 38
1752299467320 19899.6 39
1752299477459 20230.8 40
1752299487625 19889.1 41
1752299497720 19888.8 42
1752299507859 20364.4 43
1752299518029 20352.4 44
1752299528238 20017.5 45
1752299538367 20336.9 46
1752299548566 20015.0 47
1752299558732 20298.6 48
1752299568894 19966.2 49
1752299578996 20300.7 50
1752299589099 20320.3 51
1752299599170 20281.8 52
1752299609259 19926.7 53
1752299619349 20581.5 54
1752299629490 20194.4 55
1752299639648 20538.7 56
1752299649829 20217.3 57
1752299659987 20540.8 58
1752299670160 20198.4 59
1752299680313 20555.8 60
1752299690411 20206.7 61
1752299700561 20588.0 62
1752299710661 20253.7 63
1752299720795 20584.3 64
1752299730924 20224.4 65
1752299741020 20577.4 66
1752299751143 20200.1 67
1752299761228 20288.0 68
1752299771326 20644.2 69
1752299781420 20196.8 70
1752299791524 20564.9 71
1752299801621 20565.3 72
1752299811726 20543.9 73
1752299821899 20944.6 74
1752299832052 20638.6 75
1752299842157 20306.9 76
1752299852244 20572.0 77
1752299862324 20129.6 78
1752299872495 20394.1 79
1752299882646 20770.9 80
1752299892730 20426.6 81
1752299902880 20766.5 82
1752299913025 20427.6 83
1752299923129 20720.9 84
1752299933279 20149.5 85
1752299943376 20524.0 86
1752299953474 20165.0 87
1752299963564 20503.0 88
1752299973670 20106.0 89
1752299983795 20144.4 90
1752299993942 20508.1 91
1752300004063 20170.2 92
1752300014212 20509.1 93
1752300024326 20186.1 94
1752300034435 20142.6 95
1752300044592 20231.5 96
1752300054669 20569.2 97
1752300064760 20112.8 98
1752300074850 20542.8 99
1752300085639 20272.8 100
1752300095777 20068.5 101
1752300105903 20713.1 102
1752300116044 20360.1 103
1752300126215 20711.5 104
1752300136369 20383.2 105
