1752299072563 56.5 0
1752299082640 59.2 1
1752299092755 59.2 2
1752299102886 58.5 3
1752299112986 58.7 4
1752299123138 59.5 5
1752299133288 59.5 6
1752299143409 58.6 7
1752299153543 58.5 8
1752299163633 59.6 9
1752299173720 58.7 10
1752299183811 59.3 11
1752299193904 59.3 12
1752299204058 59.4 13
1752299214251 59.5 14
1752299224380 58.5 15
1752299234453 59.6 16
1752299244536 57.9 17
1752299254631 59.0 18
1752299264717 59.7 19
1752299274805 59.3 20
1752299284928 59.1 21
1752299295047 60.2 22
1752299305274 59.1 23
1752299315378 59.2 24
1752299325526 60.2 25
1752299335624 59.2 26
1752299345756 60.3 27
1752299355903 58.4 28
1752299365988 59.4 29
1752299376147 58.3 30
1752299386409 59.4 31
1752299396546 58.5 32
1752299406676 59.5 33
1752299416785 58.8 34
1752299426885 59.2 35
1752299437007 59.5 36
1752299447137 58.4 37
1752299457227 59.5 38
1752299467320 58.5 39
1752299477459 59.5 40
1752299487625 58.4 41
1752299497720 58.4 42
1752299507859 59.8 43
1752299518029 59.8 44
1752299528238 58.8 45
1752299538367 59.8 46
1752299548566 58.8 47
1752299558732 59.7 48
1752299568894 58.7 49
1752299578996 59.7 50
1752299589099 59.7 51
1752299599170 59.6 52
1752299609259 58.6 53
1752299619349 60.5 54
1752299629490 59.3 55
1752299639648 60.4 56
1752299649829 59.4 57
1752299659987 60.4 58
1752299670160 59.4 59
1752299680313 60.4 60
1752299690411 59.4 61
1752299700561 60.5 62
1752299710661 59.5 63
1752299720795 60.5 64
1752299730924 59.4 65
1752299741020 60.5 66
1752299751143 59.4 67
1752299761228 59.6 68
1752299771326 60.7 69
1752299781420 59.4 70
1752299791524 60.4 71
1752299801621 60.4 72
1752299811726 60.4 73
1752299821899 61.5 74
1752299832052 60.6 75
1752299842157 59.7 76
1752299852244 60.5 77
1752299862324 59.2 78
1752299872495 59.9 79
1752299882646 61.0 80
1752299892730 60.0 81
1752299902880 61.0 82
1752299913025 60.0 83
1752299923129 60.9 84
1752299933279 59.2 85
1752299943376 60.3 86
1752299953474 59.3 87
1752299963564 60.3 88
1752299973670 59.1 89
1752299983795 59.2 90
1752299993942 60.3 91
1752300004063 59.3 92
1752300014212 60.3 93
1752300024326 59.3 94
1752300034435 59.2 95
1752300044592 59.5 96
1752300054669 60.4 97
1752300064760 59.1 98
1752300074850 60.4 99
1752300085639 59.6 100
1752300095777 59.0 101
1752300105903 60.9 102
1752300116044 59.8 103
1752300126215 60.9 104
1752300136369 59.9 105
