1752692373065 0.0 0
1752692383208 11.5 1
1752692393316 46.2 2
1752692403418 43.8 3
1752692413542 45.8 4
1752692423719 45.7 5
1752692433865 43.5 6
1752692443960 43.9 7
1752692454079 43.8 8
1752692464227 43.3 9
1752692474329 43.3 10
1752692484574 45.9 11
1752692494671 44.5 12
1752692504875 43.2 13
1752692515092 52.5 14
1752692525172 21.2 15
1752692535295 44.0 16
1752692545397 48.4 17
1752692555491 43.9 18
1752692565592 44.2 19
1752692575664 44.1 20
1752692585745 31.1 21
1752692595864 34.9 22
1752692605970 44.5 23
1752692616154 45.1 24
1752692626265 44.7 25
1752692636351 42.7 26
1752692646457 44.1 27
1752692656557 43.1 28
1752692666694 45.3 29
1752692676865 45.0 30
1752692686978 47.0 31
1752692697063 52.5 32
1752692707159 45.9 33
1752692717275 43.6 34
1752692727366 45.7 35
1752692737490 44.5 36
1752692747646 29.8 37
1752692757777 35.3 38
1752692767871 44.4 39
1752692777975 44.6 40
1752692788140 44.7 41
1752692798237 43.9 42
1752692808334 44.2 43
1752692818455 44.3 44
1752692828643 44.3 45
1752692838759 43.8 46
1752692848962 43.8 47
1752692859122 44.9 48
1752692869259 46.1 49
1752692879390 44.3 50
1752692889523 26.7 51
1752692899676 44.3 52
1752692909831 45.5 53
1752692919932 44.4 54
1752692930039 45.2 55
1752692940121 45.3 56
1752692950207 44.6 57
1752692960282 45.4 58
1752692970431 45.6 59
1752692980570 45.5 60
1752692990638 46.4 61
1752693000782 46.9 62
1752693010919 46.4 63
1752693021017 34.1 64
1752693031105 32.7 65
1752693041205 45.3 66
1752693051284 45.6 67
1752693061389 44.6 68
1752693071739 51.8 69
1752693081839 45.6 70
1752693091966 43.9 71
1752693102170 44.8 72
1752693112280 43.6 73
1752693122382 44.9 74
1752693132471 46.0 75
1752693142589 45.8 76
1752693152679 44.3 77
1752693162761 44.2 78
1752693172870 21.9 79
1752693182996 45.0 80
1752693193097 44.4 81
1752693203183 46.1 82
1752693213283 43.2 83
1752693223404 45.8 84
1752693233501 44.1 85
1752693243687 46.1 86
1752693253794 50.8 87
1752693263922 48.7 88
1752693274126 48.2 89
1752693284369 46.2 90
1752693294496 48.2 91
1752693304581 44.6 92
1752693314659 21.2 93
1752693324751 45.5 94
1752693334862 44.7 95
1752693345020 45.4 96
1752693355140 46.6 97
1752693365382 44.8 98
1752693375500 46.0 99
1752693385614 45.2 100
1752693395706 44.0 101
1752693405804 45.4 102
1752693415885 45.7 103
1752693425993 45.9 104
1752693436372 44.5 105
