1752692373065 761791.4 0
1752692383208 761790.6 1
1752692393316 761790.6 2
1752692403418 761790.6 3
1752692413542 761790.5 4
1752692423719 761790.5 5
1752692433865 761790.5 6
1752692443960 761790.5 7
1752692454079 761790.3 8
1752692464227 761790.9 9
1752692474329 761790.9 10
1752692484574 761790.8 11
1752692494671 761790.8 12
1752692504875 761790.8 13
1752692515092 761790.6 14
1752692525172 761791.0 15
1752692535295 761791.0 16
1752692545397 761791.0 17
1752692555491 761790.9 18
1752692565592 761790.9 19
1752692575664 761790.9 20
1752692585745 761791.0 21
1752692595864 761790.9 22
1752692605970 761790.9 23
1752692616154 761790.9 24
1752692626265 761790.9 25
1752692636351 761790.9 26
1752692646457 761790.9 27
1752692656557 761790.9 28
1752692666694 761790.9 29
1752692676865 761790.8 30
1752692686978 761790.6 31
1752692697063 761790.6 32
1752692707159 761790.6 33
1752692717275 761790.7 34
1752692727366 761790.7 35
1752692737490 761790.6 36
1752692747646 761790.5 37
1752692757777 761790.5 38
1752692767871 761790.5 39
1752692777975 761790.4 40
1752692788140 761790.4 41
1752692798237 761790.4 42
1752692808334 761790.4 43
1752692818455 761790.4 44
1752692828643 761790.4 45
1752692838759 761790.3 46
1752692848962 761790.3 47
1752692859122 761790.3 48
1752692869259 761790.3 49
1752692879390 761790.2 50
1752692889523 761790.4 51
1752692899676 761790.6 52
1752692909831 761790.5 53
1752692919932 761790.5 54
1752692930039 761790.5 55
1752692940121 761790.5 56
1752692950207 761790.5 57
1752692960282 761790.5 58
1752692970431 761790.5 59
1752692980570 761790.5 60
1752692990638 761790.4 61
1752693000782 761790.4 62
1752693010919 761790.5 63
1752693021017 761790.4 64
1752693031105 761790.4 65
1752693041205 761790.4 66
1752693051284 761790.4 67
1752693061389 761790.4 68
1752693071739 761790.3 69
1752693081839 761790.6 70
1752693091966 761790.6 71
1752693102170 761790.6 72
1752693112280 761790.6 73
1752693122382 761790.3 74
1752693132471 761790.3 75
1752693142589 761790.3 76
1752693152679 761790.2 77
1752693162761 761790.2 78
1752693172870 761790.2 79
1752693182996 761790.2 80
1752693193097 761790.2 81
1752693203183 761789.7 82
1752693213283 761789.7 83
1752693223404 761789.7 84
1752693233501 761789.7 85
1752693243687 761789.7 86
1752693253794 761789.5 87
1752693263922 761789.5 88
1752693274126 761789.5 89
1752693284369 761789.4 90
1752693294496 761789.4 91
1752693304581 761789.4 92
1752693314659 761789.4 93
1752693324751 761789.2 94
1752693334862 761789.3 95
1752693345020 761789.3 96
1752693355140 761789.2 97
1752693365382 761789.2 98
1752693375500 761789.1 99
1752693385614 761789.1 100
1752693395706 761789.1 101
1752693405804 761789.1 102
1752693415885 761789.1 103
1752693425993 761789.1 104
1752693436372 761789.1 105
