1752692373065 25.6 0
1752692383208 25.6 1
1752692393316 25.6 2
1752692403418 25.6 3
1752692413542 25.6 4
1752692423719 25.6 5
1752692433865 25.6 6
1752692443960 25.6 7
1752692454079 25.6 8
1752692464227 25.6 9
1752692474329 25.6 10
1752692484574 25.6 11
1752692494671 25.6 12
1752692504875 25.6 13
1752692515092 25.6 14
1752692525172 25.6 15
1752692535295 25.6 16
1752692545397 25.6 17
1752692555491 25.6 18
1752692565592 25.6 19
1752692575664 25.6 20
1752692585745 25.6 21
1752692595864 25.6 22
1752692605970 25.6 23
1752692616154 25.6 24
1752692626265 25.6 25
1752692636351 25.6 26
1752692646457 25.6 27
1752692656557 25.6 28
1752692666694 25.6 29
1752692676865 25.6 30
1752692686978 25.6 31
1752692697063 25.6 32
1752692707159 25.6 33
1752692717275 25.6 34
1752692727366 25.6 35
1752692737490 25.6 36
1752692747646 25.6 37
1752692757777 25.6 38
1752692767871 25.6 39
1752692777975 25.6 40
1752692788140 25.6 41
1752692798237 25.6 42
1752692808334 25.6 43
1752692818455 25.6 44
1752692828643 25.6 45
1752692838759 25.6 46
1752692848962 25.6 47
1752692859122 25.6 48
1752692869259 25.6 49
1752692879390 25.6 50
1752692889523 25.6 51
1752692899676 25.6 52
1752692909831 25.6 53
1752692919932 25.6 54
1752692930039 25.6 55
1752692940121 25.6 56
1752692950207 25.6 57
1752692960282 25.6 58
1752692970431 25.6 59
1752692980570 25.6 60
1752692990638 25.6 61
1752693000782 25.6 62
1752693010919 25.6 63
1752693021017 25.6 64
1752693031105 25.6 65
1752693041205 25.6 66
1752693051284 25.6 67
1752693061389 25.6 68
1752693071739 25.6 69
1752693081839 25.6 70
1752693091966 25.6 71
1752693102170 25.6 72
1752693112280 25.6 73
1752693122382 25.6 74
1752693132471 25.6 75
1752693142589 25.6 76
1752693152679 25.6 77
1752693162761 25.6 78
1752693172870 25.6 79
1752693182996 25.6 80
1752693193097 25.6 81
1752693203183 25.6 82
1752693213283 25.6 83
1752693223404 25.6 84
1752693233501 25.6 85
1752693243687 25.6 86
1752693253794 25.6 87
1752693263922 25.6 88
1752693274126 25.6 89
1752693284369 25.6 90
1752693294496 25.6 91
1752693304581 25.6 92
1752693314659 25.6 93
1752693324751 25.6 94
1752693334862 25.6 95
1752693345020 25.6 96
1752693355140 25.6 97
1752693365382 25.6 98
1752693375500 25.6 99
1752693385614 25.6 100
1752693395706 25.6 101
1752693405804 25.6 102
1752693415885 25.6 103
1752693425993 25.6 104
1752693436372 25.6 105
