1752692373065 261602.2 0
1752692383208 261603.1 1
1752692393316 261603.1 2
1752692403418 261603.1 3
1752692413542 261603.1 4
1752692423719 261603.1 5
1752692433865 261603.1 6
1752692443960 261603.1 7
1752692454079 261603.3 8
1752692464227 261602.7 9
1752692474329 261602.8 10
1752692484574 261602.8 11
1752692494671 261602.8 12
1752692504875 261602.8 13
1752692515092 261603.0 14
1752692525172 261602.7 15
1752692535295 261602.7 16
1752692545397 261602.6 17
1752692555491 261602.7 18
1752692565592 261602.7 19
1752692575664 261602.7 20
1752692585745 261602.6 21
1752692595864 261602.7 22
1752692605970 261602.8 23
1752692616154 261602.8 24
1752692626265 261602.8 25
1752692636351 261602.8 26
1752692646457 261602.8 27
1752692656557 261602.8 28
1752692666694 261602.7 29
1752692676865 261602.8 30
1752692686978 261603.0 31
1752692697063 261603.0 32
1752692707159 261603.1 33
1752692717275 261602.9 34
1752692727366 261602.9 35
1752692737490 261603.0 36
1752692747646 261603.1 37
1752692757777 261603.1 38
1752692767871 261603.1 39
1752692777975 261603.2 40
1752692788140 261603.3 41
1752692798237 261603.2 42
1752692808334 261603.2 43
1752692818455 261603.2 44
1752692828643 261603.2 45
1752692838759 261603.3 46
1752692848962 261603.3 47
1752692859122 261603.3 48
1752692869259 261603.3 49
1752692879390 261603.4 50
1752692889523 261603.2 51
1752692899676 261603.0 52
1752692909831 261603.1 53
1752692919932 261603.1 54
1752692930039 261603.1 55
1752692940121 261603.1 56
1752692950207 261603.2 57
1752692960282 261603.2 58
1752692970431 261603.1 59
1752692980570 261603.2 60
1752692990638 261603.2 61
1752693000782 261603.2 62
1752693010919 261603.2 63
1752693021017 261603.2 64
1752693031105 261603.2 65
1752693041205 261603.2 66
1752693051284 261603.2 67
1752693061389 261603.2 68
1752693071739 261603.3 69
1752693081839 261603.1 70
1752693091966 261603.1 71
1752693102170 261603.1 72
1752693112280 261603.1 73
1752693122382 261603.3 74
1752693132471 261603.3 75
1752693142589 261603.3 76
1752693152679 261603.4 77
1752693162761 261603.4 78
1752693172870 261603.4 79
1752693182996 261603.4 80
1752693193097 261603.4 81
1752693203183 261603.9 82
1752693213283 261603.9 83
1752693223404 261603.9 84
1752693233501 261603.9 85
1752693243687 261604.0 86
1752693253794 261604.1 87
1752693263922 261604.1 88
1752693274126 261604.1 89
1752693284369 261604.2 90
1752693294496 261604.2 91
1752693304581 261604.2 92
1752693314659 261604.2 93
1752693324751 261604.4 94
1752693334862 261604.4 95
1752693345020 261604.4 96
1752693355140 261604.4 97
1752693365382 261604.4 98
1752693375500 261604.5 99
1752693385614 261604.5 100
1752693395706 261604.5 101
1752693405804 261604.5 102
1752693415885 261604.5 103
1752693425993 261604.5 104
1752693436372 261604.5 105
