1752692373065 0.0 0
1752692383208 0.02573699999999235 1
1752692393316 0.15069199999999228 2
1752692403418 0.17619300000001203 3
1752692413542 0.1913590000000056 4
1752692423719 0.20169500000000085 5
1752692433865 0.21619799999999145 6
1752692443960 0.23186400000000162 7
1752692454079 0.28111699999999473 8
1752692464227 0.31412199999999757 9
1752692474329 0.33285300000000007 10
1752692484574 0.3409599999999955 11
1752692494671 0.36858399999999847 12
1752692504875 0.37628200000000334 13
1752692515092 0.47209399999999846 14
1752692525172 0.49425600000000713 15
1752692535295 0.5038629999999955 16
1752692545397 0.5092309999999998 17
1752692555491 0.5205239999999947 18
1752692565592 0.5380830000000003 19
1752692575664 0.5611710000000016 20
1752692585745 0.57152099999999 21
1752692595864 0.5864880000000028 22
1752692605970 0.6091000000000122 23
1752692616154 0.6212329999999895 24
1752692626265 0.6650199999999984 25
1752692636351 0.6777309999999943 26
1752692646457 0.6942769999999996 27
1752692656557 0.7049570000000074 28
1752692666694 0.7105609999999842 29
1752692676865 0.7247700000000066 30
1752692686978 0.7868279999999856 31
1752692697063 0.8448260000000118 32
1752692707159 0.8894319999999993 33
1752692717275 0.9035560000000089 34
1752692727366 0.9140739999999994 35
1752692737490 0.9178420000000074 36
1752692747646 0.9417379999999866 37
1752692757777 0.9653820000000053 38
1752692767871 0.9687820000000045 39
1752692777975 0.9799209999999903 40
1752692788140 0.984105999999997 41
1752692798237 0.9872479999999939 42
1752692808334 1.0058390000000088 43
1752692818455 1.0343340000000012 44
1752692828643 1.0413619999999923 45
1752692838759 1.0562030000000107 46
1752692848962 1.072148999999996 47
1752692859122 1.080412999999993 48
1752692869259 1.101694000000009 49
1752692879390 1.1191980000000115 50
1752692889523 1.1947230000000104 51
1752692899676 1.2019819999999868 52
1752692909831 1.2079029999999875 53
1752692919932 1.2165019999999913 54
1752692930039 1.2710329999999885 55
1752692940121 1.3004200000000026 56
1752692950207 1.3084289999999896 57
1752692960282 1.320963000000006 58
1752692970431 1.3354649999999992 59
1752692980570 1.363551000000001 60
1752692990638 1.432452000000012 61
1752693000782 1.4628140000000087 62
1752693010919 1.4687649999999906 63
1752693021017 1.4760589999999922 64
1752693031105 1.4871109999999987 65
1752693041205 1.4918659999999875 66
1752693051284 1.511698999999993 67
1752693061389 1.5506359999999972 68
1752693071739 1.6274870000000021 69
1752693081839 1.6402319999999975 70
1752693091966 1.6570319999999867 71
1752693102170 1.661469000000011 72
1752693112280 1.6687799999999982 73
1752693122382 1.6802879999999902 74
1752693132471 1.6827669999999841 75
1752693142589 1.6856170000000077 76
1752693152679 1.7072750000000099 77
1752693162761 1.7104649999999992 78
1752693172870 1.7361349999999902 79
1752693182996 1.7484949999999913 80
1752693193097 1.7510189999999852 81
1752693203183 1.7580800000000067 82
1752693213283 1.7721679999999935 83
1752693223404 1.7885459999999966 84
1752693233501 1.7947519999999884 85
1752693243687 1.8030439999999999 86
1752693253794 1.8406559999999956 87
1752693263922 1.905038999999988 88
1752693274126 1.917047999999994 89
1752693284369 1.924178000000012 90
1752693294496 1.997132999999991 91
1752693304581 2.020080000000007 92
1752693314659 2.0278219999999862 93
1752693324751 2.028874000000002 94
1752693334862 2.0405739999999923 95
1752693345020 2.0422470000000033 96
1752693355140 2.0843619999999987 97
1752693365382 2.113394999999997 98
1752693375500 2.1230410000000006 99
1752693385614 2.1299459999999897 100
1752693395706 2.1447489999999902 101
1752693405804 2.1481349999999964 102
1752693415885 2.1655120000000068 103
1752693425993 2.1957820000000083 104
1752693436372 2.2073919999999987 105
