1752692373065 0.0 0
1752692383208 0.02210200000001805 1
1752692393316 0.12081799999998566 2
1752692403418 0.14351999999996679 3
1752692413542 0.1567489999999907 4
1752692423719 0.17177200000003268 5
1752692433865 0.18759000000000015 6
1752692443960 0.2041870000000472 7
1752692454079 0.25145099999997456 8
1752692464227 0.3180489999999736 9
1752692474329 0.3454699999999775 10
1752692484574 0.3560380000000123 11
1752692494671 0.37712099999998827 12
1752692504875 0.38582399999995687 13
1752692515092 0.43219599999997627 14
1752692525172 0.46111499999994976 15
1752692535295 0.4719949999999926 16
1752692545397 0.47777899999994133 17
1752692555491 0.48894799999993666 18
1752692565592 0.5032159999999521 19
1752692575664 0.5267340000000331 20
1752692585745 0.5333219999999983 21
1752692595864 0.5513079999999491 22
1752692605970 0.5987669999999525 23
1752692616154 0.6060909999999922 24
1752692626265 0.6401339999999891 25
1752692636351 0.6463700000000472 26
1752692646457 0.6600190000000339 27
1752692656557 0.6702789999999368 28
1752692666694 0.675976999999989 29
1752692676865 0.6904779999999846 30
1752692686978 0.8271569999999429 31
1752692697063 0.8561589999999342 32
1752692707159 0.8819780000000037 33
1752692717275 0.8985649999999623 34
1752692727366 0.9146970000000465 35
1752692737490 0.9195479999999634 36
1752692747646 0.9532179999999926 37
1752692757777 0.9686779999999544 38
1752692767871 0.9739069999999401 39
1752692777975 0.9928539999999657 40
1752692788140 0.9962279999999737 41
1752692798237 1.0001039999999648 42
1752692808334 1.020230999999967 43
1752692818455 1.048016999999959 44
1752692828643 1.0627080000000433 45
1752692838759 1.090618999999947 46
1752692848962 1.10966499999995 47
1752692859122 1.117968000000019 48
1752692869259 1.1420530000000326 49
1752692879390 1.2427139999999781 50
1752692889523 1.279989999999998 51
1752692899676 1.2883749999999736 52
1752692909831 1.2952890000000252 53
1752692919932 1.299158000000034 54
1752692930039 1.346337999999946 55
1752692940121 1.3690219999999726 56
1752692950207 1.3752980000000434 57
1752692960282 1.3896680000000288 58
1752692970431 1.4055759999999964 59
1752692980570 1.4168089999999438 60
1752692990638 1.551287000000002 61
1752693000782 1.5734209999999393 62
1752693010919 1.577087000000006 63
1752693021017 1.589982999999961 64
1752693031105 1.600375999999983 65
1752693041205 1.6046119999999746 66
1752693051284 1.6233780000000024 67
1752693061389 1.6551399999999603 68
1752693071739 1.689485999999988 69
1752693081839 1.7101440000000139 70
1752693091966 1.728083999999967 71
1752693102170 1.7329409999999825 72
1752693112280 1.7423979999999801 73
1752693122382 1.7594510000000128 74
1752693132471 1.762034999999969 75
1752693142589 1.7657580000000053 76
1752693152679 1.7891459999999597 77
1752693162761 1.7909690000000182 78
1752693172870 1.8162740000000213 79
1752693182996 1.8348139999999376 80
1752693193097 1.838263999999981 81
1752693203183 1.8467449999999417 82
1752693213283 1.8638140000000476 83
1752693223404 1.9086379999999963 84
1752693233501 1.9165160000000014 85
1752693243687 1.9250839999999698 86
1752693253794 1.9375609999999597 87
1752693263922 1.977796000000012 88
1752693274126 1.9893180000000257 89
1752693284369 1.9912809999999581 90
1752693294496 2.117377000000033 91
1752693304581 2.1310509999999567 92
1752693314659 2.1391760000000204 93
1752693324751 2.1403209999999717 94
1752693334862 2.155234999999948 95
1752693345020 2.1567959999999857 96
1752693355140 2.191599999999994 97
1752693365382 2.259753000000046 98
1752693375500 2.2722669999999425 99
1752693385614 2.281586999999945 100
1752693395706 2.297380999999973 101
1752693405804 2.299374999999941 102
1752693415885 2.3157169999999496 103
1752693425993 2.3481610000000046 104
1752693436372 2.354445999999939 105
