1752692373065 21914.8 0
1752692383208 22066.9 1
1752692393316 21976.7 2
1752692403418 21573.5 3
1752692413542 22176.1 4
1752692423719 21894.0 5
1752692433865 21891.8 6
1752692443960 21885.4 7
1752692454079 21964.0 8
1752692464227 21889.7 9
1752692474329 21865.6 10
1752692484574 21756.9 11
1752692494671 21775.0 12
1752692504875 21795.0 13
1752692515092 22091.3 14
1752692525172 21873.4 15
1752692535295 21787.4 16
1752692545397 21687.8 17
1752692555491 21721.9 18
1752692565592 21721.6 19
1752692575664 21683.2 20
1752692585745 21435.2 21
1752692595864 22053.9 22
1752692605970 21788.3 23
1752692616154 21754.2 24
1752692626265 21767.0 25
1752692636351 21787.5 26
1752692646457 21776.3 27
1752692656557 21813.0 28
1752692666694 21644.5 29
1752692676865 21697.7 30
1752692686978 21399.8 31
1752692697063 21621.9 32
1752692707159 21520.3 33
1752692717275 21382.6 34
1752692727366 21380.8 35
1752692737490 21443.7 36
1752692747646 21354.9 37
1752692757777 21579.5 38
1752692767871 21663.0 39
1752692777975 21642.0 40
1752692788140 21570.0 41
1752692798237 21602.6 42
1752692808334 21619.1 43
1752692818455 21642.6 44
1752692828643 21710.9 45
1752692838759 21717.4 46
1752692848962 21717.3 47
1752692859122 21586.3 48
1752692869259 21486.3 49
1752692879390 21413.2 50
1752692889523 21442.7 51
1752692899676 21538.4 52
1752692909831 21522.0 53
1752692919932 21552.7 54
1752692930039 21808.0 55
1752692940121 21817.5 56
1752692950207 21811.5 57
1752692960282 21460.5 58
1752692970431 21301.8 59
1752692980570 21406.7 60
1752692990638 21492.8 61
1752693000782 21275.2 62
1752693010919 21414.9 63
1752693021017 21288.8 64
1752693031105 21531.1 65
1752693041205 21327.1 66
1752693051284 21910.3 67
1752693061389 21381.8 68
1752693071739 21873.6 69
1752693081839 21477.0 70
1752693091966 21472.5 71
1752693102170 21460.3 72
1752693112280 21605.9 73
1752693122382 21657.1 74
1752693132471 21777.0 75
1752693142589 21638.4 76
1752693152679 21814.3 77
1752693162761 21883.5 78
1752693172870 21447.5 79
1752693182996 21580.2 80
1752693193097 21981.5 81
1752693203183 21984.7 82
1752693213283 21461.8 83
1752693223404 21459.4 84
1752693233501 21559.8 85
1752693243687 21469.9 86
1752693253794 21702.2 87
1752693263922 21957.8 88
1752693274126 21871.4 89
1752693284369 21564.8 90
1752693294496 21604.9 91
1752693304581 21858.7 92
1752693314659 21867.4 93
1752693324751 21972.4 94
1752693334862 21451.3 95
1752693345020 21577.2 96
1752693355140 21583.5 97
1752693365382 21685.8 98
1752693375500 21718.0 99
1752693385614 21727.4 100
1752693395706 21786.3 101
1752693405804 21978.5 102
1752693415885 21978.5 103
1752693425993 21899.9 104
1752693436372 21446.4 105
