1752692373065 64.4 0
1752692383208 64.8 1
1752692393316 64.6 2
1752692403418 63.4 3
1752692413542 65.2 4
1752692423719 64.3 5
1752692433865 64.3 6
1752692443960 64.3 7
1752692454079 64.5 8
1752692464227 64.3 9
1752692474329 64.3 10
1752692484574 63.9 11
1752692494671 64.0 12
1752692504875 64.0 13
1752692515092 64.9 14
1752692525172 64.3 15
1752692535295 64.0 16
1752692545397 63.7 17
1752692555491 63.8 18
1752692565592 63.8 19
1752692575664 63.7 20
1752692585745 63.0 21
1752692595864 64.8 22
1752692605970 64.0 23
1752692616154 63.9 24
1752692626265 64.0 25
1752692636351 64.0 26
1752692646457 64.0 27
1752692656557 64.1 28
1752692666694 63.6 29
1752692676865 63.8 30
1752692686978 62.9 31
1752692697063 63.5 32
1752692707159 63.2 33
1752692717275 62.8 34
1752692727366 62.8 35
1752692737490 63.0 36
1752692747646 62.8 37
1752692757777 63.4 38
1752692767871 63.7 39
1752692777975 63.6 40
1752692788140 63.4 41
1752692798237 63.5 42
1752692808334 63.5 43
1752692818455 63.6 44
1752692828643 63.8 45
1752692838759 63.8 46
1752692848962 63.8 47
1752692859122 63.4 48
1752692869259 63.1 49
1752692879390 62.9 50
1752692889523 63.0 51
1752692899676 63.3 52
1752692909831 63.2 53
1752692919932 63.3 54
1752692930039 64.1 55
1752692940121 64.1 56
1752692950207 64.1 57
1752692960282 63.1 58
1752692970431 62.6 59
1752692980570 62.9 60
1752692990638 63.2 61
1752693000782 62.5 62
1752693010919 62.9 63
1752693021017 62.6 64
1752693031105 63.3 65
1752693041205 62.7 66
1752693051284 64.4 67
1752693061389 62.8 68
1752693071739 64.3 69
1752693081839 63.1 70
1752693091966 63.1 71
1752693102170 63.1 72
1752693112280 63.5 73
1752693122382 63.6 74
1752693132471 64.0 75
1752693142589 63.6 76
1752693152679 64.1 77
1752693162761 64.3 78
1752693172870 63.0 79
1752693182996 63.4 80
1752693193097 64.6 81
1752693203183 64.6 82
1752693213283 63.1 83
1752693223404 63.1 84
1752693233501 63.4 85
1752693243687 63.1 86
1752693253794 63.8 87
1752693263922 64.5 88
1752693274126 64.3 89
1752693284369 63.4 90
1752693294496 63.5 91
1752693304581 64.2 92
1752693314659 64.3 93
1752693324751 64.6 94
1752693334862 63.0 95
1752693345020 63.4 96
1752693355140 63.4 97
1752693365382 63.7 98
1752693375500 63.8 99
1752693385614 63.8 100
1752693395706 64.0 101
1752693405804 64.6 102
1752693415885 64.6 103
1752693425993 64.4 104
1752693436372 63.0 105
