1752497143695 0.0 0
1752497153856 24.0 1
1752497163996 58.1 2
1752497174145 53.3 3
1752497184278 41.2 4
1752497194425 38.2 5
1752497204900 38.1 6
1752497215258 38.5 7
1752497225507 39.9 8
1752497235724 37.2 9
1752497245923 36.9 10
1752497256051 39.2 11
1752497266337 38.7 12
1752497276708 37.1 13
1752497286953 39.0 14
1752497297269 38.2 15
1752497307778 38.6 16
1752497318242 38.3 17
1752497328645 37.7 18
1752497338985 39.1 19
1752497349489 39.3 20
1752497359683 38.9 21
1752497369833 38.2 22
1752497380183 38.4 23
1752497390576 38.2 24
1752497400803 39.1 25
1752497411165 37.9 26
1752497421580 37.7 27
1752497431829 39.0 28
1752497442062 38.1 29
1752497452380 38.0 30
1752497462884 37.8 31
1752497473290 38.3 32
1752497483706 37.5 33
1752497493836 38.0 34
1752497504086 37.7 35
1752497514450 38.1 36
1752497524667 38.0 37
1752497534830 38.8 38
1752497545013 38.4 39
1752497555272 38.7 40
1752497565406 38.8 41
1752497575556 38.4 42
1752497585687 38.4 43
1752497595971 38.9 44
1752497606130 38.3 45
1752497616458 38.4 46
1752497626837 39.2 47
1752497636961 39.8 48
1752497647151 20.0 49
1752497657287 39.3 50
1752497667594 40.0 51
1752497677715 35.9 52
1752497687931 34.5 53
1752497698285 36.7 54
1752497708740 38.7 55
1752497718965 38.2 56
1752497729156 37.6 57
1752497739402 38.1 58
1752497749661 41.1 59
1752497759962 38.8 60
1752497770284 39.2 61
1752497780543 38.3 62
1752497790859 37.9 63
1752497801047 39.7 64
1752497811395 37.0 65
1752497821751 39.2 66
1752497831903 39.7 67
1752497842105 38.4 68
1752497852486 37.6 69
1752497862853 37.5 70
1752497873078 38.3 71
1752497883271 38.5 72
1752497893416 39.7 73
1752497903547 38.6 74
1752497913802 39.5 75
1752497924002 37.2 76
1752497934197 38.3 77
1752497944499 38.3 78
1752497954624 39.0 79
1752497964809 48.6 80
1752497975041 56.3 81
1752497985166 52.1 82
1752497995354 52.4 83
1752498005494 55.6 84
1752498015663 47.9 85
1752498025843 51.1 86
1752498035970 51.1 87
1752498046103 53.8 88
1752498056229 37.0 89
1752498066457 55.8 90
1752498076583 54.8 91
1752498086842 48.1 92
1752498097024 53.7 93
1752498107192 52.9 94
1752498117410 53.0 95
1752498127523 51.9 96
1752498137758 53.3 97
1752498147949 54.6 98
1752498158081 55.7 99
1752498168155 47.0 100
1752498178429 46.3 101
1752498188604 56.9 102
1752500322849 52.5 103
1752500333008 0.3 104
1752500343107 58.5 105
1752500353272 42.7 106
1752500363453 56.5 107
1752500373691 45.3 108
1752500383833 44.2 109
1752500394055 57.1 110
1752500404191 56.6 111
1752500414265 50.3 112
1752500424430 51.8 113
1752500434571 51.7 114
1752500444834 51.7 115
1752500454955 60.2 116
1752500465126 60.3 117
1752500475279 52.2 118
1752500485677 55.0 119
1752500495887 66.7 120
1752500506044 55.0 121
1752500516197 56.2 122
1752500526349 52.4 123
1752500536549 51.6 124
1752500546730 54.0 125
1752500556954 52.6 126
1752500567147 38.9 127
1752500577316 54.0 128
1752500587424 52.6 129
1752500597564 53.2 130
1752500607814 53.2 131
1752500617976 50.0 132
1752500628094 54.3 133
1752500638424 52.9 134
1752500648547 52.9 135
1752500658640 50.2 136
1752500668831 50.9 137
1752500679025 56.7 138
1752500689271 60.7 139
1752500699492 50.5 140
1752500709606 53.6 141
1752500719696 54.2 142
1752500729871 53.5 143
1752500740051 55.3 144
1752500750246 57.1 145
1752500760400 56.8 146
1752500770512 50.9 147
1752500780668 52.2 148
1752500790814 51.7 149
1752500800973 51.3 150
1752500811108 54.1 151
1752500821328 55.0 152
1752500831453 56.2 153
1752500841541 35.6 154
1752500851652 49.6 155
1752500861847 52.6 156
1752500871978 52.8 157
1752500882147 51.8 158
1752500892247 52.3 159
1752500902412 51.6 160
1752500912574 51.5 161
1752500922709 53.3 162
1752500932794 43.0 163
1752500942964 43.9 164
1752500953087 52.3 165
1752500963274 52.1 166
1752500973424 54.4 167
1752500983538 52.2 168
1752500993791 52.9 169
1752501003930 52.1 170
1752501014115 52.0 171
1752501024257 52.4 172
1752501034440 53.7 173
1752501044566 34.8 174
1752501054669 51.8 175
1752501064853 58.4 176
1752501075020 54.3 177
1752501085205 52.6 178
1752501095352 52.5 179
1752501105498 54.1 180
1752501115666 61.7 181
1752501125794 51.4 182
1752501136061 51.3 183
1752501146235 50.8 184
1752501156365 38.6 185
1752501166530 53.4 186
1752501176702 55.2 187
1752501186879 51.6 188
1752501196993 55.5 189
1752501207134 55.1 190
1752501217339 51.1 191
1752501227667 54.3 192
1752501237877 58.7 193
1752501247994 61.3 194
1752501258129 59.7 195
1752501268255 50.4 196
1752501278379 53.2 197
1752501288516 54.6 198
1752501298675 55.9 199
1752501308803 54.3 200
1752501318939 55.4 201
1752501329079 54.3 202
1752501339190 52.5 203
1752501349305 53.3 204
1752501359470 52.7 205
1752501369674 54.8 206
1752501379801 51.7 207
1752501389933 52.1 208
1752501400022 53.4 209
1752501410180 54.9 210
1752501420319 51.3 211
1752501430461 55.6 212
1752501440620 50.9 213
1752501450835 36.0 214
1752501461036 57.0 215
1752501471227 56.1 216
1752501481464 51.4 217
1752501491647 55.1 218
1752501501788 61.9 219
1752501512000 52.3 220
1752501522187 54.1 221
1752501532388 52.6 222
1752501542574 54.9 223
1752501552838 53.1 224
1752501562997 52.4 225
1752501573231 55.0 226
1752501583530 56.7 227
1752501593761 54.3 228
1752501603891 55.0 229
1752501614008 54.1 230
1752501624190 52.4 231
1752501634357 52.7 232
1752501644554 51.3 233
1752501654793 53.6 234
1752501664893 56.6 235
1752501675047 52.6 236
1752501685290 57.4 237
1752501695570 54.7 238
1752501705772 52.0 239
1752501715890 53.2 240
1752501726088 33.0 241
1752501736282 52.2 242
1752501746446 52.9 243
1752501756632 53.4 244
1752501766860 51.2 245
1752501777130 53.3 246
1752501787339 49.9 247
1752501797470 50.2 248
1752501807641 52.8 249
1752501817781 52.9 250
1752501827995 52.3 251
1752501838148 34.8 252
1752501848288 52.7 253
1752501858408 49.6 254
1752501868535 52.4 255
1752501878765 49.8 256
1752501888910 52.3 257
1752501899038 51.3 258
1752501909287 53.2 259
1752501919465 53.3 260
1752501929705 53.2 261
1752501939898 51.6 262
1752501950020 52.9 263
1752501960191 50.0 264
1752501970343 49.6 265
1752501980479 50.1 266
1752501990638 53.3 267
1752502000873 45.3 268
