1752497143695 763789.9 0
1752497153856 763788.9 1
1752497163996 763788.8 2
1752497174145 763788.2 3
1752497184278 763787.8 4
1752497194425 763787.8 5
1752497204900 763787.8 6
1752497215258 763787.8 7
1752497225507 763787.6 8
1752497235724 763787.5 9
1752497245923 763787.5 10
1752497256051 763787.6 11
1752497266337 763787.6 12
1752497276708 763787.7 13
1752497286953 763787.6 14
1752497297269 763787.6 15
1752497307778 763787.7 16
1752497318242 763787.6 17
1752497328645 763787.6 18
1752497338985 763787.6 19
1752497349489 763787.6 20
1752497359683 763787.5 21
1752497369833 763787.4 22
1752497380183 763787.4 23
1752497390576 763787.5 24
1752497400803 763787.4 25
1752497411165 763787.4 26
1752497421580 763787.5 27
1752497431829 763787.4 28
1752497442062 763787.3 29
1752497452380 763787.3 30
1752497462884 763787.3 31
1752497473290 763787.4 32
1752497483706 763787.3 33
1752497493836 763787.2 34
1752497504086 763787.3 35
1752497514450 763787.2 36
1752497524667 763787.3 37
1752497534830 763787.3 38
1752497545013 763787.3 39
1752497555272 763787.4 40
1752497565406 763787.4 41
1752497575556 763787.6 42
1752497585687 763787.5 43
1752497595971 763787.5 44
1752497606130 763787.6 45
1752497616458 763787.5 46
1752497626837 763787.5 47
1752497636961 763787.6 48
1752497647151 763787.8 49
1752497657287 763787.7 50
1752497667594 763787.6 51
1752497677715 763787.7 52
1752497687931 763787.7 53
1752497698285 763787.7 54
1752497708740 763787.6 55
1752497718965 763787.6 56
1752497729156 763787.5 57
1752497739402 763787.5 58
1752497749661 763787.4 59
1752497759962 763787.4 60
1752497770284 763787.5 61
1752497780543 763787.4 62
1752497790859 763787.4 63
1752497801047 763787.4 64
1752497811395 763786.8 65
1752497821751 763786.7 66
1752497831903 763786.6 67
1752497842105 763786.7 68
1752497852486 763786.6 69
1752497862853 763786.7 70
1752497873078 763786.6 71
1752497883271 763786.7 72
1752497893416 763786.7 73
1752497903547 763786.7 74
1752497913802 763786.7 75
1752497924002 763786.7 76
1752497934197 763786.7 77
1752497944499 763786.7 78
1752497954624 763787.8 79
1752497964809 763787.5 80
1752497975041 763787.1 81
1752497985166 763787.3 82
1752497995354 763783.0 83
1752498005494 763783.1 84
1752498015663 763783.0 85
1752498025843 763783.1 86
1752498035970 763782.7 87
1752498046103 763782.4 88
1752498056229 763776.4 89
1752498066457 763771.4 90
1752498076583 763766.9 91
1752498086842 763766.9 92
1752498097024 763766.8 93
1752498107192 763765.7 94
1752498117410 763765.5 95
1752498127523 763765.4 96
1752498137758 763765.3 97
1752498147949 763765.3 98
1752498158081 763765.4 99
1752498168155 763764.6 100
1752498178429 763770.3 101
1752498188604 763770.3 102
1752500322849 763770.3 103
1752500333008 763766.8 104
1752500343107 763768.8 105
1752500353272 763759.8 106
1752500363453 763759.0 107
1752500373691 763757.9 108
1752500383833 763757.9 109
1752500394055 763757.2 110
1752500404191 763755.0 111
1752500414265 763748.3 112
1752500424430 763748.2 113
1752500434571 763748.2 114
1752500444834 763748.2 115
1752500454955 763744.3 116
1752500465126 763725.4 117
1752500475279 763725.3 118
1752500485677 763719.4 119
1752500495887 763826.3 120
1752500506044 763829.3 121
1752500516197 764101.4 122
1752500526349 764099.9 123
1752500536549 764091.7 124
1752500546730 764087.9 125
1752500556954 764087.4 126
1752500567147 764083.7 127
1752500577316 764084.5 128
1752500587424 764082.9 129
1752500597564 764082.9 130
1752500607814 764082.9 131
1752500617976 764082.7 132
1752500628094 764082.7 133
1752500638424 764082.7 134
1752500648547 764075.4 135
1752500658640 764075.4 136
1752500668831 764075.1 137
1752500679025 764075.1 138
1752500689271 764069.1 139
1752500699492 764069.2 140
1752500709606 764069.2 141
1752500719696 764069.2 142
1752500729871 764069.3 143
1752500740051 764069.1 144
1752500750246 764069.1 145
1752500760400 764068.5 146
1752500770512 764068.2 147
1752500780668 764071.6 148
1752500790814 764071.6 149
1752500800973 764071.5 150
1752500811108 764071.4 151
1752500821328 764071.2 152
1752500831453 764069.4 153
1752500841541 764069.7 154
1752500851652 764069.7 155
1752500861847 764069.6 156
1752500871978 764069.6 157
1752500882147 764069.5 158
1752500892247 764069.5 159
1752500902412 764069.5 160
1752500912574 764069.4 161
1752500922709 764069.1 162
1752500932794 764069.1 163
1752500942964 764069.0 164
1752500953087 764064.1 165
1752500963274 764064.3 166
1752500973424 764064.2 167
1752500983538 764064.2 168
1752500993791 764064.2 169
1752501003930 764064.0 170
1752501014115 764063.1 171
1752501024257 764062.5 172
1752501034440 764060.4 173
1752501044566 764060.6 174
1752501054669 764060.6 175
1752501064853 764059.9 176
1752501075020 764058.6 177
1752501085205 764058.5 178
1752501095352 764058.6 179
1752501105498 764058.6 180
1752501115666 764057.2 181
1752501125794 764056.1 182
1752501136061 764056.0 183
1752501146235 764054.3 184
1752501156365 764054.2 185
1752501166530 764054.0 186
1752501176702 764053.6 187
1752501186879 764053.6 188
1752501196993 764054.7 189
1752501207134 764054.4 190
1752501217339 764054.2 191
1752501227667 764054.2 192
1752501237877 764053.8 193
1752501247994 764053.6 194
1752501258129 764052.4 195
1752501268255 764052.0 196
1752501278379 764051.4 197
1752501288516 764051.3 198
1752501298675 764051.2 199
1752501308803 764051.3 200
1752501318939 764051.1 201
1752501329079 764050.8 202
1752501339190 764050.6 203
1752501349305 764049.6 204
1752501359470 764049.5 205
1752501369674 764045.4 206
1752501379801 764045.4 207
1752501389933 764045.3 208
1752501400022 764045.2 209
1752501410180 764044.5 210
1752501420319 764044.0 211
1752501430461 764043.7 212
1752501440620 764043.4 213
1752501450835 764047.3 214
1752501461036 764045.3 215
1752501471227 764044.6 216
1752501481464 764044.5 217
1752501491647 764044.2 218
1752501501788 764043.9 219
1752501512000 764043.8 220
1752501522187 764043.3 221
1752501532388 764043.1 222
1752501542574 764042.8 223
1752501552838 764042.7 224
1752501562997 764042.7 225
1752501573231 764039.7 226
1752501583530 764039.6 227
1752501593761 764040.6 228
1752501603891 764042.9 229
1752501614008 764042.8 230
1752501624190 764041.5 231
1752501634357 764041.5 232
1752501644554 764041.5 233
1752501654793 764041.2 234
1752501664893 764040.8 235
1752501675047 764040.6 236
1752501685290 764040.0 237
1752501695570 764039.4 238
1752501705772 764039.1 239
1752501715890 764037.5 240
1752501726088 764037.0 241
1752501736282 764037.0 242
1752501746446 764036.2 243
1752501756632 764036.3 244
1752501766860 764036.2 245
1752501777130 764035.6 246
1752501787339 764034.0 247
1752501797470 764035.5 248
1752501807641 764035.5 249
1752501817781 764035.5 250
1752501827995 764035.5 251
1752501838148 764026.7 252
1752501848288 764038.3 253
1752501858408 764038.3 254
1752501868535 764037.8 255
1752501878765 764036.0 256
1752501888910 764036.0 257
1752501899038 764035.6 258
1752501909287 764035.6 259
1752501919465 764035.4 260
1752501929705 764034.9 261
1752501939898 764034.9 262
1752501950020 764034.9 263
1752501960191 764038.1 264
1752501970343 764038.0 265
1752501980479 764038.2 266
1752501990638 764037.8 267
1752502000873 764037.7 268
