1752497143695 259603.7 0
1752497153856 259604.7 1
1752497163996 259604.8 2
1752497174145 259605.4 3
1752497184278 259605.9 4
1752497194425 259605.8 5
1752497204900 259605.8 6
1752497215258 259605.9 7
1752497225507 259606.0 8
1752497235724 259606.1 9
1752497245923 259606.1 10
1752497256051 259606.0 11
1752497266337 259606.0 12
1752497276708 259606.0 13
1752497286953 259606.0 14
1752497297269 259606.0 15
1752497307778 259606.0 16
1752497318242 259606.0 17
1752497328645 259606.0 18
1752497338985 259606.1 19
1752497349489 259606.0 20
1752497359683 259606.1 21
1752497369833 259606.2 22
1752497380183 259606.2 23
1752497390576 259606.1 24
1752497400803 259606.2 25
1752497411165 259606.2 26
1752497421580 259606.1 27
1752497431829 259606.2 28
1752497442062 259606.3 29
1752497452380 259606.3 30
1752497462884 259606.3 31
1752497473290 259606.3 32
1752497483706 259606.3 33
1752497493836 259606.4 34
1752497504086 259606.3 35
1752497514450 259606.4 36
1752497524667 259606.3 37
1752497534830 259606.3 38
1752497545013 259606.3 39
1752497555272 259606.2 40
1752497565406 259606.2 41
1752497575556 259606.0 42
1752497585687 259606.1 43
1752497595971 259606.1 44
1752497606130 259606.0 45
1752497616458 259606.1 46
1752497626837 259606.1 47
1752497636961 259606.1 48
1752497647151 259605.9 49
1752497657287 259606.0 50
1752497667594 259606.0 51
1752497677715 259605.9 52
1752497687931 259605.9 53
1752497698285 259605.9 54
1752497708740 259606.0 55
1752497718965 259606.0 56
1752497729156 259606.1 57
1752497739402 259606.2 58
1752497749661 259606.2 59
1752497759962 259606.2 60
1752497770284 259606.1 61
1752497780543 259606.2 62
1752497790859 259606.2 63
1752497801047 259606.2 64
1752497811395 259606.8 65
1752497821751 259607.0 66
1752497831903 259607.0 67
1752497842105 259607.0 68
1752497852486 259607.0 69
1752497862853 259607.0 70
1752497873078 259607.0 71
1752497883271 259606.9 72
1752497893416 259607.0 73
1752497903547 259606.9 74
1752497913802 259607.0 75
1752497924002 259606.9 76
1752497934197 259606.9 77
1752497944499 259607.0 78
1752497954624 259605.8 79
1752497964809 259606.1 80
1752497975041 259606.5 81
1752497985166 259606.4 82
1752497995354 259610.6 83
1752498005494 259610.6 84
1752498015663 259610.6 85
1752498025843 259610.6 86
1752498035970 259611.0 87
1752498046103 259611.2 88
1752498056229 259617.2 89
1752498066457 259622.2 90
1752498076583 259626.7 91
1752498086842 259626.7 92
1752498097024 259626.8 93
1752498107192 259627.9 94
1752498117410 259628.1 95
1752498127523 259628.2 96
1752498137758 259628.3 97
1752498147949 259628.3 98
1752498158081 259628.2 99
1752498168155 259629.1 100
1752498178429 259623.4 101
1752498188604 259623.3 102
1752500322849 259623.3 103
1752500333008 259626.9 104
1752500343107 259624.9 105
1752500353272 259633.8 106
1752500363453 259634.6 107
1752500373691 259635.8 108
1752500383833 259635.8 109
1752500394055 259636.4 110
1752500404191 259638.6 111
1752500414265 259645.4 112
1752500424430 259645.4 113
1752500434571 259645.5 114
1752500444834 259645.4 115
1752500454955 259649.3 116
1752500465126 259668.2 117
1752500475279 259668.3 118
1752500485677 259674.2 119
1752500495887 259567.3 120
1752500506044 259564.3 121
1752500516197 259292.2 122
1752500526349 259293.7 123
1752500536549 259301.9 124
1752500546730 259305.7 125
1752500556954 259306.3 126
1752500567147 259309.9 127
1752500577316 259309.2 128
1752500587424 259310.7 129
1752500597564 259310.7 130
1752500607814 259310.8 131
1752500617976 259310.9 132
1752500628094 259310.9 133
1752500638424 259311.0 134
1752500648547 259318.2 135
1752500658640 259318.2 136
1752500668831 259318.5 137
1752500679025 259318.5 138
1752500689271 259324.5 139
1752500699492 259324.4 140
1752500709606 259324.4 141
1752500719696 259324.4 142
1752500729871 259324.4 143
1752500740051 259324.5 144
1752500750246 259324.6 145
1752500760400 259325.2 146
1752500770512 259325.5 147
1752500780668 259322.0 148
1752500790814 259322.0 149
1752500800973 259322.2 150
1752500811108 259322.2 151
1752500821328 259322.4 152
1752500831453 259324.2 153
1752500841541 259323.9 154
1752500851652 259323.9 155
1752500861847 259324.0 156
1752500871978 259324.0 157
1752500882147 259324.1 158
1752500892247 259324.1 159
1752500902412 259324.2 160
1752500912574 259324.2 161
1752500922709 259324.5 162
1752500932794 259324.5 163
1752500942964 259324.6 164
1752500953087 259329.5 165
1752500963274 259329.3 166
1752500973424 259329.4 167
1752500983538 259329.5 168
1752500993791 259329.5 169
1752501003930 259329.6 170
1752501014115 259330.5 171
1752501024257 259331.1 172
1752501034440 259333.2 173
1752501044566 259333.1 174
1752501054669 259333.1 175
1752501064853 259333.8 176
1752501075020 259335.0 177
1752501085205 259335.1 178
1752501095352 259335.0 179
1752501105498 259335.0 180
1752501115666 259336.4 181
1752501125794 259337.5 182
1752501136061 259337.6 183
1752501146235 259339.3 184
1752501156365 259339.5 185
1752501166530 259339.6 186
1752501176702 259340.0 187
1752501186879 259340.1 188
1752501196993 259339.0 189
1752501207134 259339.3 190
1752501217339 259339.4 191
1752501227667 259339.5 192
1752501237877 259339.8 193
1752501247994 259340.0 194
1752501258129 259341.2 195
1752501268255 259341.6 196
1752501278379 259342.2 197
1752501288516 259342.3 198
1752501298675 259342.5 199
1752501308803 259342.4 200
1752501318939 259342.5 201
1752501329079 259342.9 202
1752501339190 259343.0 203
1752501349305 259344.0 204
1752501359470 259344.1 205
1752501369674 259348.3 206
1752501379801 259348.3 207
1752501389933 259348.3 208
1752501400022 259348.4 209
1752501410180 259349.1 210
1752501420319 259349.6 211
1752501430461 259349.9 212
1752501440620 259350.2 213
1752501450835 259346.3 214
1752501461036 259348.3 215
1752501471227 259349.0 216
1752501481464 259349.1 217
1752501491647 259349.4 218
1752501501788 259349.7 219
1752501512000 259349.8 220
1752501522187 259350.3 221
1752501532388 259350.5 222
1752501542574 259350.8 223
1752501552838 259350.9 224
1752501562997 259350.9 225
1752501573231 259353.9 226
1752501583530 259354.1 227
1752501593761 259353.1 228
1752501603891 259350.7 229
1752501614008 259350.9 230
1752501624190 259352.1 231
1752501634357 259352.1 232
1752501644554 259352.2 233
1752501654793 259352.5 234
1752501664893 259352.8 235
1752501675047 259353.1 236
1752501685290 259353.6 237
1752501695570 259354.2 238
1752501705772 259354.6 239
1752501715890 259356.1 240
1752501726088 259356.6 241
1752501736282 259356.6 242
1752501746446 259357.4 243
1752501756632 259357.4 244
1752501766860 259357.4 245
1752501777130 259358.0 246
1752501787339 259359.7 247
1752501797470 259358.1 248
1752501807641 259358.1 249
1752501817781 259358.1 250
1752501827995 259358.1 251
1752501838148 259366.9 252
1752501848288 259355.3 253
1752501858408 259355.3 254
1752501868535 259355.8 255
1752501878765 259357.6 256
1752501888910 259357.6 257
1752501899038 259358.0 258
1752501909287 259358.1 259
1752501919465 259358.2 260
1752501929705 259358.7 261
1752501939898 259358.7 262
1752501950020 259358.7 263
1752501960191 259355.5 264
1752501970343 259355.6 265
1752501980479 259355.4 266
1752501990638 259355.8 267
1752502000873 259355.9 268
