1752497143695 25.4 0
1752497153856 25.4 1
1752497163996 25.4 2
1752497174145 25.4 3
1752497184278 25.4 4
1752497194425 25.4 5
1752497204900 25.4 6
1752497215258 25.4 7
1752497225507 25.4 8
1752497235724 25.4 9
1752497245923 25.4 10
1752497256051 25.4 11
1752497266337 25.4 12
1752497276708 25.4 13
1752497286953 25.4 14
1752497297269 25.4 15
1752497307778 25.4 16
1752497318242 25.4 17
1752497328645 25.4 18
1752497338985 25.4 19
1752497349489 25.4 20
1752497359683 25.4 21
1752497369833 25.4 22
1752497380183 25.4 23
1752497390576 25.4 24
1752497400803 25.4 25
1752497411165 25.4 26
1752497421580 25.4 27
1752497431829 25.4 28
1752497442062 25.4 29
1752497452380 25.4 30
1752497462884 25.4 31
1752497473290 25.4 32
1752497483706 25.4 33
1752497493836 25.4 34
1752497504086 25.4 35
1752497514450 25.4 36
1752497524667 25.4 37
1752497534830 25.4 38
1752497545013 25.4 39
1752497555272 25.4 40
1752497565406 25.4 41
1752497575556 25.4 42
1752497585687 25.4 43
1752497595971 25.4 44
1752497606130 25.4 45
1752497616458 25.4 46
1752497626837 25.4 47
1752497636961 25.4 48
1752497647151 25.4 49
1752497657287 25.4 50
1752497667594 25.4 51
1752497677715 25.4 52
1752497687931 25.4 53
1752497698285 25.4 54
1752497708740 25.4 55
1752497718965 25.4 56
1752497729156 25.4 57
1752497739402 25.4 58
1752497749661 25.4 59
1752497759962 25.4 60
1752497770284 25.4 61
1752497780543 25.4 62
1752497790859 25.4 63
1752497801047 25.4 64
1752497811395 25.4 65
1752497821751 25.4 66
1752497831903 25.4 67
1752497842105 25.4 68
1752497852486 25.4 69
1752497862853 25.4 70
1752497873078 25.4 71
1752497883271 25.4 72
1752497893416 25.4 73
1752497903547 25.4 74
1752497913802 25.4 75
1752497924002 25.4 76
1752497934197 25.4 77
1752497944499 25.4 78
1752497954624 25.4 79
1752497964809 25.4 80
1752497975041 25.4 81
1752497985166 25.4 82
1752497995354 25.4 83
1752498005494 25.4 84
1752498015663 25.4 85
1752498025843 25.4 86
1752498035970 25.4 87
1752498046103 25.4 88
1752498056229 25.4 89
1752498066457 25.4 90
1752498076583 25.4 91
1752498086842 25.4 92
1752498097024 25.4 93
1752498107192 25.4 94
1752498117410 25.4 95
1752498127523 25.4 96
1752498137758 25.4 97
1752498147949 25.4 98
1752498158081 25.4 99
1752498168155 25.4 100
1752498178429 25.4 101
1752498188604 25.4 102
1752500322849 25.4 103
1752500333008 25.4 104
1752500343107 25.4 105
1752500353272 25.4 106
1752500363453 25.4 107
1752500373691 25.4 108
1752500383833 25.4 109
1752500394055 25.4 110
1752500404191 25.4 111
1752500414265 25.4 112
1752500424430 25.4 113
1752500434571 25.4 114
1752500444834 25.4 115
1752500454955 25.4 116
1752500465126 25.4 117
1752500475279 25.4 118
1752500485677 25.4 119
1752500495887 25.4 120
1752500506044 25.4 121
1752500516197 25.3 122
1752500526349 25.3 123
1752500536549 25.3 124
1752500546730 25.3 125
1752500556954 25.3 126
1752500567147 25.3 127
1752500577316 25.3 128
1752500587424 25.3 129
1752500597564 25.3 130
1752500607814 25.3 131
1752500617976 25.3 132
1752500628094 25.3 133
1752500638424 25.3 134
1752500648547 25.3 135
1752500658640 25.3 136
1752500668831 25.3 137
1752500679025 25.3 138
1752500689271 25.3 139
1752500699492 25.3 140
1752500709606 25.3 141
1752500719696 25.3 142
1752500729871 25.3 143
1752500740051 25.3 144
1752500750246 25.3 145
1752500760400 25.3 146
1752500770512 25.3 147
1752500780668 25.3 148
1752500790814 25.3 149
1752500800973 25.3 150
1752500811108 25.3 151
1752500821328 25.3 152
1752500831453 25.3 153
1752500841541 25.3 154
1752500851652 25.3 155
1752500861847 25.3 156
1752500871978 25.3 157
1752500882147 25.3 158
1752500892247 25.3 159
1752500902412 25.3 160
1752500912574 25.3 161
1752500922709 25.3 162
1752500932794 25.3 163
1752500942964 25.3 164
1752500953087 25.3 165
1752500963274 25.3 166
1752500973424 25.3 167
1752500983538 25.3 168
1752500993791 25.3 169
1752501003930 25.3 170
1752501014115 25.3 171
1752501024257 25.3 172
1752501034440 25.3 173
1752501044566 25.3 174
1752501054669 25.3 175
1752501064853 25.3 176
1752501075020 25.3 177
1752501085205 25.3 178
1752501095352 25.3 179
1752501105498 25.3 180
1752501115666 25.3 181
1752501125794 25.3 182
1752501136061 25.3 183
1752501146235 25.3 184
1752501156365 25.3 185
1752501166530 25.3 186
1752501176702 25.3 187
1752501186879 25.3 188
1752501196993 25.3 189
1752501207134 25.3 190
1752501217339 25.3 191
1752501227667 25.3 192
1752501237877 25.3 193
1752501247994 25.3 194
1752501258129 25.3 195
1752501268255 25.3 196
1752501278379 25.3 197
1752501288516 25.3 198
1752501298675 25.3 199
1752501308803 25.3 200
1752501318939 25.3 201
1752501329079 25.3 202
1752501339190 25.3 203
1752501349305 25.3 204
1752501359470 25.3 205
1752501369674 25.3 206
1752501379801 25.3 207
1752501389933 25.3 208
1752501400022 25.3 209
1752501410180 25.3 210
1752501420319 25.3 211
1752501430461 25.3 212
1752501440620 25.3 213
1752501450835 25.3 214
1752501461036 25.3 215
1752501471227 25.3 216
1752501481464 25.3 217
1752501491647 25.3 218
1752501501788 25.3 219
1752501512000 25.3 220
1752501522187 25.3 221
1752501532388 25.3 222
1752501542574 25.3 223
1752501552838 25.3 224
1752501562997 25.3 225
1752501573231 25.3 226
1752501583530 25.3 227
1752501593761 25.3 228
1752501603891 25.3 229
1752501614008 25.3 230
1752501624190 25.3 231
1752501634357 25.3 232
1752501644554 25.3 233
1752501654793 25.3 234
1752501664893 25.3 235
1752501675047 25.3 236
1752501685290 25.3 237
1752501695570 25.3 238
1752501705772 25.3 239
1752501715890 25.3 240
1752501726088 25.3 241
1752501736282 25.3 242
1752501746446 25.3 243
1752501756632 25.3 244
1752501766860 25.3 245
1752501777130 25.3 246
1752501787339 25.3 247
1752501797470 25.3 248
1752501807641 25.3 249
1752501817781 25.3 250
1752501827995 25.3 251
1752501838148 25.3 252
1752501848288 25.3 253
1752501858408 25.3 254
1752501868535 25.3 255
1752501878765 25.3 256
1752501888910 25.3 257
1752501899038 25.3 258
1752501909287 25.3 259
1752501919465 25.3 260
1752501929705 25.3 261
1752501939898 25.3 262
1752501950020 25.3 263
1752501960191 25.3 264
1752501970343 25.3 265
1752501980479 25.3 266
1752501990638 25.3 267
1752502000873 25.3 268
