1752497143695 0.0 0
1752497153856 0.049218999999993684 1
1752497163996 0.09797800000001189 2
1752497174145 0.10318699999999126 3
1752497184278 0.11500999999998385 4
1752497194425 0.12308100000001332 5
1752497204900 0.12772599999999557 6
1752497215258 0.1816440000000057 7
1752497225507 0.20656700000000683 8
1752497235724 0.2187940000000026 9
1752497245923 0.22499400000003789 10
1752497256051 0.24632300000001806 11
1752497266337 0.24883299999999053 12
1752497276708 0.2672370000000228 13
1752497286953 0.2919310000000337 14
1752497297269 0.29902400000003126 15
1752497307778 0.30045999999998685 16
1752497318242 0.3103629999999953 17
1752497328645 0.3845850000000155 18
1752497338985 0.3911190000000033 19
1752497349489 0.4086560000000077 20
1752497359683 0.42113599999998996 21
1752497369833 0.43414599999999837 22
1752497380183 0.44266800000002604 23
1752497390576 0.45202299999999696 24
1752497400803 0.47054400000001806 25
1752497411165 0.4912970000000314 26
1752497421580 0.4958819999999946 27
1752497431829 0.49727400000000443 28
1752497442062 0.5171270000000163 29
1752497452380 0.5417160000000081 30
1752497462884 0.547787000000028 31
1752497473290 0.5564520000000357 32
1752497483706 0.5678589999999986 33
1752497493836 0.5804660000000013 34
1752497504086 0.5883100000000354 35
1752497514450 0.6150220000000104 36
1752497524667 0.6478720000000067 37
1752497534830 0.6551079999999843 38
1752497545013 0.6662640000000124 39
1752497555272 0.6774030000000266 40
1752497565406 0.6938370000000305 41
1752497575556 0.7006340000000364 42
1752497585687 0.7203430000000139 43
1752497595971 0.7316299999999956 44
1752497606130 0.7402480000000082 45
1752497616458 0.7568640000000073 46
1752497626837 0.7807400000000371 47
1752497636961 0.923893000000021 48
1752497647151 0.9411959999999908 49
1752497657287 0.9821949999999902 50
1752497667594 1.0029329999999845 51
1752497677715 1.0050620000000094 52
1752497687931 1.0288780000000202 53
1752497698285 1.0369230000000016 54
1752497708740 1.0550650000000132 55
1752497718965 1.0743909999999914 56
1752497729156 1.0823740000000157 57
1752497739402 1.1306820000000357 58
1752497749661 1.1465590000000248 59
1752497759962 1.1558170000000132 60
1752497770284 1.1718000000000188 61
1752497780543 1.1819110000000137 62
1752497790859 1.1851130000000012 63
1752497801047 1.2065850000000182 64
1752497811395 1.2465260000000171 65
1752497821751 1.258983999999998 66
1752497831903 1.2966010000000097 67
1752497842105 1.306083000000001 68
1752497852486 1.3237930000000233 69
1752497862853 1.3443490000000224 70
1752497873078 1.4174950000000308 71
1752497883271 1.427299000000005 72
1752497893416 1.4308690000000297 73
1752497903547 1.4493449999999939 74
1752497913802 1.4510310000000004 75
1752497924002 1.4529509999999846 76
1752497934197 1.5248510000000124 77
1752497944499 1.5275849999999878 78
1752497954624 1.546051000000034 79
1752497964809 1.5727039999999874 80
1752497975041 1.654196000000013 81
1752497985166 1.8853010000000268 82
1752497995354 1.89664700000003 83
1752498005494 1.9408990000000017 84
1752498015663 2.035275000000013 85
1752498025843 2.0559769999999844 86
1752498035970 2.1727670000000217 87
1752498046103 2.3622510000000148 88
1752498056229 9.239770000000021 89
1752498066457 12.845055000000002 90
1752498076583 13.150239 91
1752498086842 13.189091000000019 92
1752498097024 13.321280000000002 93
1752498107192 13.377283000000034 94
1752498117410 13.42243400000001 95
1752498127523 13.485163 96
1752498137758 13.685387999999989 97
1752498147949 13.743470000000002 98
1752498158081 15.714725999999985 99
1752498168155 16.154029000000037 100
1752498178429 16.420221000000026 101
1752498188604 16.464300000000037 102
1752500322849 16.476223000000005 103
1752500333008 16.476223000000005 104
1752500343107 17.47386499999999 105
1752500353272 17.537711 106
1752500363453 17.617169999999987 107
1752500373691 17.68615299999999 108
1752500383833 17.69466 109
1752500394055 17.874707 110
1752500404191 20.724226999999985 111
1752500414265 20.73397299999999 112
1752500424430 20.741933000000017 113
1752500434571 20.76052500000003 114
1752500444834 20.764598000000035 115
1752500454955 20.98128300000002 116
1752500465126 21.138464999999997 117
1752500475279 21.156871000000024 118
1752500485677 25.148034999999993 119
1752500495887 26.59375399999999 120
1752500506044 31.988775000000032 121
1752500516197 34.69406100000003 122
1752500526349 34.92436600000002 123
1752500536549 34.970822 124
1752500546730 35.072254999999984 125
1752500556954 35.17075299999999 126
1752500567147 37.67647299999999 127
1752500577316 38.319706 128
1752500587424 38.350603000000035 129
1752500597564 38.37697600000001 130
1752500607814 38.391737000000035 131
1752500617976 38.414728000000025 132
1752500628094 38.425516000000016 133
1752500638424 38.530957 134
1752500648547 38.56011000000001 135
1752500658640 38.62901199999999 136
1752500668831 38.65567800000002 137
1752500679025 38.67632100000003 138
1752500689271 38.71462500000001 139
1752500699492 38.74607000000003 140
1752500709606 38.75130100000001 141
1752500719696 38.75949800000001 142
1752500729871 38.77927800000003 143
1752500740051 38.82039800000001 144
1752500750246 38.88805100000002 145
1752500760400 38.92500799999999 146
1752500770512 38.929084999999986 147
1752500780668 38.940788999999995 148
1752500790814 38.958804999999984 149
1752500800973 38.973794 150
1752500811108 38.97869400000002 151
1752500821328 39.04927500000002 152
1752500831453 41.061334999999985 153
1752500841541 41.073307 154
1752500851652 41.08453700000001 155
1752500861847 41.09543200000002 156
1752500871978 41.11433099999999 157
1752500882147 41.132953999999984 158
1752500892247 41.148617 159
1752500902412 41.16756300000003 160
1752500912574 41.17796500000003 161
1752500922709 41.18268499999999 162
1752500932794 41.25682900000004 163
1752500942964 41.26939200000004 164
1752500953087 43.796974000000034 165
1752500963274 43.807636 166
1752500973424 43.82486299999999 167
1752500983538 43.835541000000035 168
1752500993791 43.87178399999999 169
1752501003930 43.89590400000003 170
1752501014115 43.980885 171
1752501024257 44.173361 172
1752501034440 44.50378699999999 173
1752501044566 44.508264 174
1752501054669 44.52490900000004 175
1752501064853 44.53542700000003 176
1752501075020 44.54428899999999 177
1752501085205 44.554846999999995 178
1752501095352 44.56084900000002 179
1752501105498 44.57639599999999 180
1752501115666 44.59453500000001 181
1752501125794 44.612911 182
1752501136061 44.62247500000001 183
1752501146235 44.63133700000003 184
1752501156365 44.640491 185
1752501166530 44.653684999999996 186
1752501176702 44.65660300000002 187
1752501186879 44.67301500000002 188
1752501196993 44.676557 189
1752501207134 44.68115499999999 190
1752501217339 44.69199200000003 191
1752501227667 44.70724000000001 192
1752501237877 44.84959100000003 193
1752501247994 44.920184000000006 194
1752501258129 44.95190200000002 195
1752501268255 44.96525500000001 196
1752501278379 45.00709499999999 197
1752501288516 45.01693800000004 198
1752501298675 45.069222000000025 199
1752501308803 45.08826299999998 200
1752501318939 45.094536000000005 201
1752501329079 45.108945000000006 202
1752501339190 45.132272 203
1752501349305 45.13978000000003 204
1752501359470 45.150712999999996 205
1752501369674 45.16429299999999 206
1752501379801 45.17339300000003 207
1752501389933 45.179621 208
1752501400022 45.22375500000004 209
1752501410180 45.24348800000001 210
1752501420319 45.252702 211
1752501430461 45.27009800000002 212
1752501440620 45.27442500000001 213
1752501450835 45.28520900000001 214
1752501461036 45.296100000000024 215
1752501471227 45.309207000000015 216
1752501481464 45.311995000000024 217
1752501491647 45.32047700000004 218
1752501501788 45.36987099999999 219
1752501512000 45.37421900000004 220
1752501522187 45.384367999999995 221
1752501532388 45.44660700000003 222
1752501542574 45.46076900000003 223
1752501552838 45.47724900000003 224
1752501562997 45.538318000000004 225
1752501573231 45.553402000000006 226
1752501583530 45.57101 227
1752501593761 45.58941200000004 228
1752501603891 45.61672500000003 229
1752501614008 45.650341000000026 230
1752501624190 45.67702000000003 231
1752501634357 45.68921800000004 232
1752501644554 45.69716299999999 233
1752501654793 45.704323999999986 234
1752501664893 45.71211800000003 235
1752501675047 45.71925199999998 236
1752501685290 45.722419 237
1752501695570 45.730650000000026 238
1752501705772 45.86271800000003 239
1752501715890 46.023123 240
1752501726088 46.117282999999986 241
1752501736282 46.184323000000006 242
1752501746446 46.252688000000035 243
1752501756632 46.317316000000005 244
1752501766860 46.412251000000026 245
1752501777130 46.48884300000003 246
1752501787339 46.66252700000001 247
1752501797470 46.85179700000003 248
1752501807641 46.91414000000003 249
1752501817781 46.94897800000001 250
1752501827995 46.95342500000004 251
1752501838148 47.172792000000015 252
1752501848288 47.31473199999999 253
1752501858408 47.35172700000004 254
1752501868535 47.43157400000001 255
1752501878765 47.54001099999999 256
1752501888910 47.57307700000001 257
1752501899038 47.662892 258
1752501909287 47.697655 259
1752501919465 47.743559000000005 260
1752501929705 47.82673299999999 261
1752501939898 47.84240700000004 262
1752501950020 47.88305700000001 263
1752501960191 48.016984000000036 264
1752501970343 48.045226000000014 265
1752501980479 48.096821000000034 266
1752501990638 48.151745000000005 267
1752502000873 48.273954 268
