1752497143695 7.099999999127249e-05 0
1752497153856 0.046341999999981454 1
1752497163996 0.2672759999999812 2
1752497174145 0.27627100000000837 3
1752497184278 0.280571000000009 4
1752497194425 0.28759200000001783 5
1752497204900 0.2903259999999932 6
1752497215258 0.3347909999999956 7
1752497225507 0.35307799999998224 8
1752497235724 0.3647940000000176 9
1752497245923 0.37064699999996265 10
1752497256051 0.38502799999997706 11
1752497266337 0.38852500000001555 12
1752497276708 0.4028059999999982 13
1752497286953 0.43598099999996975 14
1752497297269 0.442403000000013 15
1752497307778 0.44437799999997196 16
1752497318242 0.45300900000000865 17
1752497328645 0.4625560000000064 18
1752497338985 0.46778000000000475 19
1752497349489 0.4869630000000029 20
1752497359683 0.5010259999999676 21
1752497369833 0.5169999999999959 22
1752497380183 0.5260829999999714 23
1752497390576 0.5349019999999882 24
1752497400803 0.5439930000000004 25
1752497411165 0.5547659999999723 26
1752497421580 0.5600660000000062 27
1752497431829 0.5627929999999992 28
1752497442062 0.5739820000000009 29
1752497452380 0.60256499999997 30
1752497462884 0.6153099999999654 31
1752497473290 0.6261619999999652 32
1752497483706 0.6385760000000005 33
1752497493836 0.6558299999999804 34
1752497504086 0.6631039999999757 35
1752497514450 0.6861809999999764 36
1752497524667 0.7159350000000018 37
1752497534830 0.7228559999999788 38
1752497545013 0.7303079999999795 39
1752497555272 0.736360999999988 40
1752497565406 0.7474169999999845 41
1752497575556 0.7607739999999694 42
1752497585687 0.777938000000006 43
1752497595971 0.7860119999999711 44
1752497606130 0.789859999999976 45
1752497616458 0.8045589999999834 46
1752497626837 0.820397000000014 47
1752497636961 0.8950519999999642 48
1752497647151 0.9055309999999963 49
1752497657287 0.9464209999999866 50
1752497667594 0.9828160000000139 51
1752497677715 0.9852599999999825 52
1752497687931 1.0002299999999877 53
1752497698285 1.0050870000000032 54
1752497708740 1.0202340000000163 55
1752497718965 1.0372019999999793 56
1752497729156 1.0434970000000021 57
1752497739402 1.0869599999999764 58
1752497749661 1.1023910000000114 59
1752497759962 1.1055519999999888 60
1752497770284 1.1221879999999942 61
1752497780543 1.1328269999999634 62
1752497790859 1.1357449999999858 63
1752497801047 1.1474569999999744 64
1752497811395 1.1956460000000106 65
1752497821751 1.2094089999999937 66
1752497831903 1.239325000000008 67
1752497842105 1.2487189999999941 68
1752497852486 1.2597260000000006 69
1752497862853 1.2830040000000054 70
1752497873078 1.3211359999999672 71
1752497883271 1.3390890000000013 72
1752497893416 1.3424319999999739 73
1752497903547 1.3571440000000052 74
1752497913802 1.3586219999999685 75
1752497924002 1.361282000000017 76
1752497934197 1.3762370000000033 77
1752497944499 1.383055000000013 78
1752497954624 1.396917999999971 79
1752497964809 1.4352949999999964 80
1752497975041 1.5360819999999649 81
1752497985166 1.724125000000015 82
1752497995354 1.74699099999998 83
1752498005494 1.767836999999986 84
1752498015663 6.562526999999989 85
1752498025843 6.6094099999999685 86
1752498035970 6.74458199999998 87
1752498046103 7.0124589999999785 88
1752498056229 7.2847509999999716 89
1752498066457 8.012587999999994 90
1752498076583 8.167538999999977 91
1752498086842 8.215669999999989 92
1752498097024 8.419675999999981 93
1752498107192 8.520398999999998 94
1752498117410 8.56671799999998 95
1752498127523 8.691498999999965 96
1752498137758 8.799983999999995 97
1752498147949 8.92726799999997 98
1752498158081 9.296325999999965 99
1752498168155 9.62867799999998 100
1752498178429 9.946487999999988 101
1752498188604 10.001413000000014 102
1752500322849 10.009308999999973 103
1752500333008 10.009308999999973 104
1752500343107 11.141312999999968 105
1752500353272 11.188240000000008 106
1752500363453 11.243303999999966 107
1752500373691 11.296248999999989 108
1752500383833 11.310775999999976 109
1752500394055 11.424547000000018 110
1752500404191 11.497546999999997 111
1752500414265 11.556674999999984 112
1752500424430 11.568198999999993 113
1752500434571 11.590018999999984 114
1752500444834 11.600428999999963 115
1752500454955 11.819034999999985 116
1752500465126 11.915735999999981 117
1752500475279 11.950881999999979 118
1752500485677 12.193097999999964 119
1752500495887 12.680090000000007 120
1752500506044 13.423196000000019 121
1752500516197 13.933227999999986 122
1752500526349 14.08792299999999 123
1752500536549 14.480835000000013 124
1752500546730 15.743976999999973 125
1752500556954 15.89536499999997 126
1752500567147 16.113061000000016 127
1752500577316 16.209339999999997 128
1752500587424 16.247892999999976 129
1752500597564 16.270271999999977 130
1752500607814 16.286418999999967 131
1752500617976 16.342499999999973 132
1752500628094 16.356795999999974 133
1752500638424 16.390511000000004 134
1752500648547 16.422775 135
1752500658640 16.454998999999987 136
1752500668831 16.493082000000015 137
1752500679025 16.513089999999977 138
1752500689271 16.577552999999966 139
1752500699492 16.669091999999978 140
1752500709606 16.68856599999998 141
1752500719696 16.70027299999998 142
1752500729871 16.718857000000014 143
1752500740051 17.07824599999998 144
1752500750246 17.851589999999987 145
1752500760400 17.96790699999997 146
1752500770512 17.985311999999965 147
1752500780668 17.993098999999972 148
1752500790814 18.005453999999986 149
1752500800973 18.01949000000002 150
1752500811108 18.041473999999994 151
1752500821328 18.21821799999998 152
1752500831453 18.409579000000008 153
1752500841541 18.416754999999966 154
1752500851652 18.429468999999983 155
1752500861847 18.444041999999968 156
1752500871978 18.468872999999974 157
1752500882147 18.487461999999994 158
1752500892247 18.50141100000002 159
1752500902412 18.51546300000001 160
1752500912574 18.52585099999999 161
1752500922709 18.532017999999994 162
1752500932794 18.545875999999964 163
1752500942964 18.558727999999974 164
1752500953087 18.619417999999996 165
1752500963274 18.628693999999996 166
1752500973424 18.644817999999987 167
1752500983538 18.652532000000008 168
1752500993791 18.69138099999998 169
1752501003930 18.757316000000003 170
1752501014115 18.870771999999988 171
1752501024257 19.047282999999993 172
1752501034440 19.23262299999999 173
1752501044566 19.236602000000005 174
1752501054669 19.252260999999976 175
1752501064853 19.27032300000002 176
1752501075020 19.282556 177
1752501085205 19.293183 178
1752501095352 19.305045000000007 179
1752501105498 19.319401999999968 180
1752501115666 19.339294999999993 181
1752501125794 19.358048999999994 182
1752501136061 19.36837700000001 183
1752501146235 19.38392699999997 184
1752501156365 19.393482000000006 185
1752501166530 19.407678999999973 186
1752501176702 19.416853000000003 187
1752501186879 19.43073499999997 188
1752501196993 19.439096000000006 189
1752501207134 19.446176999999977 190
1752501217339 19.459568999999988 191
1752501227667 19.476999999999975 192
1752501237877 19.528789000000017 193
1752501247994 19.605572999999993 194
1752501258129 19.68592000000001 195
1752501268255 19.701940999999977 196
1752501278379 19.76285899999999 197
1752501288516 19.77619599999997 198
1752501298675 19.814724000000012 199
1752501308803 19.843553999999983 200
1752501318939 19.849030999999968 201
1752501329079 19.862152999999978 202
1752501339190 19.87753399999997 203
1752501349305 19.885271999999986 204
1752501359470 19.910804999999982 205
1752501369674 19.933226999999988 206
1752501379801 19.942169999999976 207
1752501389933 19.955110999999988 208
1752501400022 19.981335 209
1752501410180 19.99511000000001 210
1752501420319 20.006358999999975 211
1752501430461 20.020396000000005 212
1752501440620 20.024575999999968 213
1752501450835 20.035138000000018 214
1752501461036 20.049842000000012 215
1752501471227 20.075448999999992 216
1752501481464 20.080667000000005 217
1752501491647 20.09595300000001 218
1752501501788 20.16188999999997 219
1752501512000 20.16763199999997 220
1752501522187 20.181190000000015 221
1752501532388 20.189295000000016 222
1752501542574 20.20987200000002 223
1752501552838 20.230925000000013 224
1752501562997 20.25517100000002 225
1752501573231 20.27649600000001 226
1752501583530 20.29263800000001 227
1752501593761 20.316020999999978 228
1752501603891 20.35462899999999 229
1752501614008 20.390430999999978 230
1752501624190 20.412914 231
1752501634357 20.419534999999996 232
1752501644554 20.427179999999964 233
1752501654793 20.438836999999978 234
1752501664893 20.459671000000014 235
1752501675047 20.468332999999973 236
1752501685290 20.47659699999997 237
1752501695570 20.488898000000006 238
1752501705772 20.550264999999968 239
1752501715890 20.706782999999973 240
1752501726088 20.774022000000002 241
1752501736282 20.85086000000001 242
1752501746446 20.946395999999993 243
1752501756632 21.338189 244
1752501766860 21.423325999999975 245
1752501777130 21.535784999999976 246
1752501787339 21.665397999999982 247
1752501797470 21.87572 248
1752501807641 21.951922999999965 249
1752501817781 21.969154000000003 250
1752501827995 21.975172999999984 251
1752501838148 22.097226999999975 252
1752501848288 22.20146299999999 253
1752501858408 22.217336999999986 254
1752501868535 22.340993999999966 255
1752501878765 22.471105999999963 256
1752501888910 22.48599999999999 257
1752501899038 22.580534 258
1752501909287 22.605007 259
1752501919465 22.632677 260
1752501929705 22.748781000000008 261
1752501939898 22.767329000000018 262
1752501950020 22.793354999999963 263
1752501960191 22.922325999999998 264
1752501970343 22.94186400000001 265
1752501980479 22.994657000000018 266
1752501990638 23.08237600000001 267
1752502000873 23.112769000000014 268
