1752497143695 14537.9 0
1752497153856 15155.5 1
1752497163996 15031.6 2
1752497174145 15439.9 3
1752497184278 15433.9 4
1752497194425 15428.8 5
1752497204900 15308.9 6
1752497215258 15289.2 7
1752497225507 15299.4 8
1752497235724 15268.1 9
1752497245923 15141.8 10
1752497256051 15187.0 11
1752497266337 15277.0 12
1752497276708 15160.2 13
1752497286953 15263.7 14
1752497297269 15135.4 15
1752497307778 15146.2 16
1752497318242 15231.7 17
1752497328645 15151.0 18
1752497338985 15229.2 19
1752497349489 15124.7 20
1752497359683 15210.2 21
1752497369833 15233.2 22
1752497380183 15108.6 23
1752497390576 15121.6 24
1752497400803 15206.9 25
1752497411165 15236.7 26
1752497421580 15128.3 27
1752497431829 15217.8 28
1752497442062 15117.9 29
1752497452380 15211.1 30
1752497462884 15127.2 31
1752497473290 15208.5 32
1752497483706 15116.2 33
1752497493836 15237.2 34
1752497504086 15238.7 35
1752497514450 15130.5 36
1752497524667 15110.6 37
1752497534830 15023.8 38
1752497545013 14723.4 39
1752497555272 14731.5 40
1752497565406 14763.7 41
1752497575556 14844.4 42
1752497585687 14763.8 43
1752497595971 14852.0 44
1752497606130 14724.3 45
1752497616458 14769.2 46
1752497626837 14844.2 47
1752497636961 14857.5 48
1752497647151 14864.1 49
1752497657287 14908.3 50
1752497667594 14763.7 51
1752497677715 14897.4 52
1752497687931 15025.8 53
1752497698285 14868.8 54
1752497708740 14950.3 55
1752497718965 14865.2 56
1752497729156 14959.6 57
1752497739402 14853.4 58
1752497749661 14969.8 59
1752497759962 15061.3 60
1752497770284 14954.6 61
1752497780543 14969.9 62
1752497790859 15038.5 63
1752497801047 15066.7 64
1752497811395 14988.3 65
1752497821751 14973.9 66
1752497831903 15072.7 67
1752497842105 15093.7 68
1752497852486 14970.4 69
1752497862853 14974.0 70
1752497873078 15079.4 71
1752497883271 14965.5 72
1752497893416 15004.7 73
1752497903547 15091.5 74
1752497913802 15001.7 75
1752497924002 14955.9 76
1752497934197 15060.2 77
1752497944499 14859.5 78
1752497954624 14985.3 79
1752497964809 14765.8 80
1752497975041 15167.3 81
1752497985166 15164.3 82
1752497995354 15062.0 83
1752498005494 15065.2 84
1752498015663 15024.8 85
1752498025843 15103.4 86
1752498035970 15114.4 87
1752498046103 15042.3 88
1752498056229 15546.1 89
1752498066457 15887.9 90
1752498076583 15907.3 91
1752498086842 15640.0 92
1752498097024 15668.6 93
1752498107192 15596.8 94
1752498117410 15650.5 95
1752498127523 15604.7 96
1752498137758 15740.8 97
1752498147949 15750.2 98
1752498158081 15576.3 99
1752498168155 15788.8 100
1752498178429 15390.8 101
1752498188604 15323.6 102
1752500322849 15256.6 103
1752500333008 15832.1 104
1752500343107 15861.7 105
1752500353272 15844.0 106
1752500363453 16068.0 107
1752500373691 15687.3 108
1752500383833 15782.7 109
1752500394055 16197.0 110
1752500404191 16268.8 111
1752500414265 16068.7 112
1752500424430 15868.8 113
1752500434571 16075.1 114
1752500444834 16027.9 115
1752500454955 16196.1 116
1752500465126 16163.2 117
1752500475279 16086.9 118
1752500485677 16218.5 119
1752500495887 16936.1 120
1752500506044 16987.1 121
1752500516197 16981.1 122
1752500526349 16904.0 123
1752500536549 16725.1 124
1752500546730 16745.2 125
1752500556954 16786.5 126
1752500567147 16774.1 127
1752500577316 16872.5 128
1752500587424 16727.3 129
1752500597564 16628.4 130
1752500607814 16538.0 131
1752500617976 16545.0 132
1752500628094 16646.6 133
1752500638424 16644.8 134
1752500648547 16715.8 135
1752500658640 16684.4 136
1752500668831 16434.5 137
1752500679025 16792.0 138
1752500689271 16888.1 139
1752500699492 16678.9 140
1752500709606 16679.1 141
1752500719696 16682.0 142
1752500729871 16438.3 143
1752500740051 16650.8 144
1752500750246 16726.2 145
1752500760400 16930.6 146
1752500770512 16819.5 147
1752500780668 16849.5 148
1752500790814 16863.3 149
1752500800973 16755.0 150
1752500811108 16845.9 151
1752500821328 16953.6 152
1752500831453 16836.1 153
1752500841541 16635.7 154
1752500851652 16709.1 155
1752500861847 16706.5 156
1752500871978 16710.6 157
1752500882147 16797.9 158
1752500892247 16808.2 159
1752500902412 16803.5 160
1752500912574 16711.6 161
1752500922709 16775.2 162
1752500932794 16619.3 163
1752500942964 16780.6 164
1752500953087 16878.2 165
1752500963274 16726.8 166
1752500973424 16829.6 167
1752500983538 16718.0 168
1752500993791 16862.2 169
1752501003930 17038.2 170
1752501014115 16996.7 171
1752501024257 17072.2 172
1752501034440 17127.4 173
1752501044566 17136.8 174
1752501054669 17019.1 175
1752501064853 17111.9 176
1752501075020 17349.8 177
1752501085205 17051.3 178
1752501095352 17108.6 179
1752501105498 17131.4 180
1752501115666 16519.4 181
1752501125794 16516.8 182
1752501136061 16259.4 183
1752501146235 16409.1 184
1752501156365 16411.1 185
1752501166530 16609.2 186
1752501176702 16349.2 187
1752501186879 16412.4 188
1752501196993 16363.2 189
1752501207134 16715.9 190
1752501217339 16307.3 191
1752501227667 16281.9 192
1752501237877 16518.4 193
1752501247994 16528.8 194
1752501258129 16772.2 195
1752501268255 16840.5 196
1752501278379 16761.7 197
1752501288516 16453.0 198
1752501298675 16365.1 199
1752501308803 16427.5 200
1752501318939 16477.5 201
1752501329079 16668.5 202
1752501339190 16414.7 203
1752501349305 16357.1 204
1752501359470 16385.5 205
1752501369674 16347.7 206
1752501379801 16341.2 207
1752501389933 16421.1 208
1752501400022 16467.7 209
1752501410180 16718.8 210
1752501420319 16446.5 211
1752501430461 16668.7 212
1752501440620 16751.8 213
1752501450835 16522.4 214
1752501461036 16891.8 215
1752501471227 16818.0 216
1752501481464 16465.9 217
1752501491647 16807.9 218
1752501501788 16622.0 219
1752501512000 16518.5 220
1752501522187 16848.8 221
1752501532388 16866.5 222
1752501542574 16747.8 223
1752501552838 16422.2 224
1752501562997 16535.7 225
1752501573231 16771.3 226
1752501583530 16504.4 227
1752501593761 16756.7 228
1752501603891 16727.6 229
1752501614008 16513.5 230
1752501624190 16468.3 231
1752501634357 16512.0 232
1752501644554 16514.9 233
1752501654793 16502.3 234
1752501664893 16932.2 235
1752501675047 16227.5 236
1752501685290 16296.2 237
1752501695570 16523.0 238
1752501705772 16377.6 239
1752501715890 16487.2 240
1752501726088 16553.6 241
1752501736282 16526.6 242
1752501746446 16504.9 243
1752501756632 16403.2 244
1752501766860 16513.7 245
1752501777130 16411.9 246
1752501787339 16416.9 247
1752501797470 16433.9 248
1752501807641 16402.6 249
1752501817781 16435.9 250
1752501827995 16402.0 251
1752501838148 16496.4 252
1752501848288 16472.5 253
1752501858408 16580.8 254
1752501868535 16617.1 255
1752501878765 16603.9 256
1752501888910 16532.9 257
1752501899038 16634.6 258
1752501909287 16579.6 259
1752501919465 16592.4 260
1752501929705 16646.4 261
1752501939898 16622.8 262
1752501950020 16637.0 263
1752501960191 16507.5 264
1752501970343 16629.4 265
1752501980479 16593.7 266
1752501990638 16525.5 267
1752502000873 16583.4 268
