1752497143695 42.7 0
1752497153856 44.5 1
1752497163996 44.2 2
1752497174145 45.4 3
1752497184278 45.4 4
1752497194425 45.3 5
1752497204900 45.0 6
1752497215258 44.9 7
1752497225507 45.0 8
1752497235724 44.9 9
1752497245923 44.5 10
1752497256051 44.6 11
1752497266337 44.9 12
1752497276708 44.6 13
1752497286953 44.9 14
1752497297269 44.5 15
1752497307778 44.5 16
1752497318242 44.8 17
1752497328645 44.5 18
1752497338985 44.8 19
1752497349489 44.4 20
1752497359683 44.7 21
1752497369833 44.8 22
1752497380183 44.4 23
1752497390576 44.4 24
1752497400803 44.7 25
1752497411165 44.8 26
1752497421580 44.5 27
1752497431829 44.7 28
1752497442062 44.4 29
1752497452380 44.7 30
1752497462884 44.5 31
1752497473290 44.7 32
1752497483706 44.4 33
1752497493836 44.8 34
1752497504086 44.8 35
1752497514450 44.5 36
1752497524667 44.4 37
1752497534830 44.1 38
1752497545013 43.3 39
1752497555272 43.3 40
1752497565406 43.4 41
1752497575556 43.6 42
1752497585687 43.4 43
1752497595971 43.6 44
1752497606130 43.3 45
1752497616458 43.4 46
1752497626837 43.6 47
1752497636961 43.7 48
1752497647151 43.7 49
1752497657287 43.8 50
1752497667594 43.4 51
1752497677715 43.8 52
1752497687931 44.2 53
1752497698285 43.7 54
1752497708740 43.9 55
1752497718965 43.7 56
1752497729156 44.0 57
1752497739402 43.6 58
1752497749661 44.0 59
1752497759962 44.3 60
1752497770284 43.9 61
1752497780543 44.0 62
1752497790859 44.2 63
1752497801047 44.3 64
1752497811395 44.0 65
1752497821751 44.0 66
1752497831903 44.3 67
1752497842105 44.4 68
1752497852486 44.0 69
1752497862853 44.0 70
1752497873078 44.3 71
1752497883271 44.0 72
1752497893416 44.1 73
1752497903547 44.3 74
1752497913802 44.1 75
1752497924002 44.0 76
1752497934197 44.3 77
1752497944499 43.7 78
1752497954624 44.0 79
1752497964809 43.4 80
1752497975041 44.6 81
1752497985166 44.6 82
1752497995354 44.3 83
1752498005494 44.3 84
1752498015663 44.2 85
1752498025843 44.4 86
1752498035970 44.4 87
1752498046103 44.2 88
1752498056229 45.7 89
1752498066457 46.7 90
1752498076583 46.7 91
1752498086842 46.0 92
1752498097024 46.0 93
1752498107192 45.8 94
1752498117410 46.0 95
1752498127523 45.9 96
1752498137758 46.3 97
1752498147949 46.3 98
1752498158081 45.8 99
1752498168155 46.4 100
1752498178429 45.2 101
1752498188604 45.0 102
1752500322849 44.8 103
1752500333008 46.5 104
1752500343107 46.6 105
1752500353272 46.6 106
1752500363453 47.2 107
1752500373691 46.1 108
1752500383833 46.4 109
1752500394055 47.6 110
1752500404191 47.8 111
1752500414265 47.2 112
1752500424430 46.6 113
1752500434571 47.2 114
1752500444834 47.1 115
1752500454955 47.6 116
1752500465126 47.5 117
1752500475279 47.3 118
1752500485677 47.7 119
1752500495887 49.8 120
1752500506044 49.9 121
1752500516197 49.9 122
1752500526349 49.7 123
1752500536549 49.1 124
1752500546730 49.2 125
1752500556954 49.3 126
1752500567147 49.3 127
1752500577316 49.6 128
1752500587424 49.2 129
1752500597564 48.9 130
1752500607814 48.6 131
1752500617976 48.6 132
1752500628094 48.9 133
1752500638424 48.9 134
1752500648547 49.1 135
1752500658640 49.0 136
1752500668831 48.3 137
1752500679025 49.3 138
1752500689271 49.6 139
1752500699492 49.0 140
1752500709606 49.0 141
1752500719696 49.0 142
1752500729871 48.3 143
1752500740051 48.9 144
1752500750246 49.2 145
1752500760400 49.8 146
1752500770512 49.4 147
1752500780668 49.5 148
1752500790814 49.6 149
1752500800973 49.2 150
1752500811108 49.5 151
1752500821328 49.8 152
1752500831453 49.5 153
1752500841541 48.9 154
1752500851652 49.1 155
1752500861847 49.1 156
1752500871978 49.1 157
1752500882147 49.4 158
1752500892247 49.4 159
1752500902412 49.4 160
1752500912574 49.1 161
1752500922709 49.3 162
1752500932794 48.8 163
1752500942964 49.3 164
1752500953087 49.6 165
1752500963274 49.2 166
1752500973424 49.5 167
1752500983538 49.1 168
1752500993791 49.6 169
1752501003930 50.1 170
1752501014115 49.9 171
1752501024257 50.2 172
1752501034440 50.3 173
1752501044566 50.4 174
1752501054669 50.0 175
1752501064853 50.3 176
1752501075020 51.0 177
1752501085205 50.1 178
1752501095352 50.3 179
1752501105498 50.3 180
1752501115666 48.5 181
1752501125794 48.5 182
1752501136061 47.8 183
1752501146235 48.2 184
1752501156365 48.2 185
1752501166530 48.8 186
1752501176702 48.0 187
1752501186879 48.2 188
1752501196993 48.1 189
1752501207134 49.1 190
1752501217339 47.9 191
1752501227667 47.8 192
1752501237877 48.5 193
1752501247994 48.6 194
1752501258129 49.3 195
1752501268255 49.5 196
1752501278379 49.3 197
1752501288516 48.3 198
1752501298675 48.1 199
1752501308803 48.3 200
1752501318939 48.4 201
1752501329079 49.0 202
1752501339190 48.2 203
1752501349305 48.1 204
1752501359470 48.2 205
1752501369674 48.0 206
1752501379801 48.0 207
1752501389933 48.3 208
1752501400022 48.4 209
1752501410180 49.1 210
1752501420319 48.3 211
1752501430461 49.0 212
1752501440620 49.2 213
1752501450835 48.6 214
1752501461036 49.6 215
1752501471227 49.4 216
1752501481464 48.4 217
1752501491647 49.4 218
1752501501788 48.8 219
1752501512000 48.5 220
1752501522187 49.5 221
1752501532388 49.6 222
1752501542574 49.2 223
1752501552838 48.3 224
1752501562997 48.6 225
1752501573231 49.3 226
1752501583530 48.5 227
1752501593761 49.2 228
1752501603891 49.2 229
1752501614008 48.5 230
1752501624190 48.4 231
1752501634357 48.5 232
1752501644554 48.5 233
1752501654793 48.5 234
1752501664893 49.8 235
1752501675047 47.7 236
1752501685290 47.9 237
1752501695570 48.6 238
1752501705772 48.1 239
1752501715890 48.5 240
1752501726088 48.6 241
1752501736282 48.6 242
1752501746446 48.5 243
1752501756632 48.2 244
1752501766860 48.5 245
1752501777130 48.2 246
1752501787339 48.2 247
1752501797470 48.3 248
1752501807641 48.2 249
1752501817781 48.3 250
1752501827995 48.2 251
1752501838148 48.5 252
1752501848288 48.4 253
1752501858408 48.7 254
1752501868535 48.8 255
1752501878765 48.8 256
1752501888910 48.6 257
1752501899038 48.9 258
1752501909287 48.7 259
1752501919465 48.8 260
1752501929705 48.9 261
1752501939898 48.8 262
1752501950020 48.9 263
1752501960191 48.5 264
1752501970343 48.9 265
1752501980479 48.8 266
1752501990638 48.6 267
1752502000873 48.7 268
