1750645997437 0.0008868914592883417 0
1750646005529 0.00034254098887292724 1
1750646016970 0.0025780983569396896 2
1750646025228 0.0035669357925400295 3
1750646032529 0.003819202158002151 4
1750646039727 0.012470209136764542 5
1750646051897 0.02885822630041939 6
1750646109260 0.019277385283485007 7
1750646173137 0.042451857690411376 8
1750646182586 0.023271176387858417 9
1750646192944 0.03160571361046823 10
1750646199626 0.0034032063281476395 11
1750646205079 0.0015592966811634069 12
1750646213363 0.0006589732448317249 13
1750646222580 0.0006635472756573305 14
1750646226892 0.0006804841432643983 15
1750646232215 0.0007371109926222774 16
