1752273690582 0.0 0
1752273700673 11.4 1
1752273710826 47.2 2
1752273720925 47.1 3
1752273731084 45.7 4
1752273741235 43.9 5
1752273751344 44.1 6
1752273761441 43.7 7
1752273771538 43.3 8
1752273781607 43.6 9
1752273791711 47.0 10
1752273801865 42.5 11
1752273812017 46.5 12
1752273822123 43.4 13
1752273832233 49.7 14
1752273842302 46.5 15
1752273852400 44.5 16
1752273862484 21.9 17
1752273872661 43.9 18
1752273882761 44.6 19
1752273892877 43.9 20
1752273903023 45.1 21
1752273913119 45.7 22
1752273923243 44.1 23
1752273933464 45.8 24
1752273943572 45.0 25
1752273953757 49.2 26
1752273963879 45.9 27
1752273974069 45.1 28
1752273984236 46.2 29
1752273994368 44.8 30
1752274004511 44.0 31
1752274014643 49.0 32
1752274024751 48.2 33
1752274034874 45.2 34
1752274045074 45.4 35
1752274055225 44.8 36
1752274065305 44.1 37
1752274075397 44.1 38
1752274085520 45.4 39
1752274095707 46.1 40
1752274105826 45.3 41
1752274115996 44.7 42
1752274126208 44.6 43
1752274136297 45.7 44
1752274146378 45.0 45
1752274156451 44.4 46
1752274166541 22.5 47
1752274176645 46.0 48
1752274186733 44.0 49
1752274196855 45.6 50
1752274206942 54.0 51
1752274217018 45.0 52
1752274227100 45.1 53
1752274237235 43.4 54
1752274247391 45.6 55
1752274257520 45.5 56
1752274268353 43.9 57
1752274278435 42.3 58
1752274288507 25.9 59
1752274298610 44.5 60
1752274308690 45.9 61
1752274318777 46.4 62
1752274328899 45.1 63
1752274339064 46.8 64
1752274349208 44.5 65
1752274359320 43.5 66
1752274369469 45.7 67
1752274379685 46.4 68
1752274389893 49.4 69
1752274399997 46.4 70
1752274410082 45.5 71
1752274420154 37.8 72
1752274430228 29.3 73
1752274441302 46.0 74
1752274451403 42.5 75
1752274461544 24.4 76
1752274471647 45.9 77
1752274481755 36.1 78
1752274491910 31.9 79
1752274501998 45.1 80
1752274512081 44.5 81
1752274522202 44.7 82
1752274532287 23.1 83
1752274542377 44.4 84
1752274552450 46.9 85
1752274562585 44.9 86
1752274572716 50.1 87
1752274582867 53.3 88
1752274593023 50.7 89
1752274603258 46.8 90
1752274614008 46.3 91
1752274624172 44.4 92
