1752273690582 25.5 0
1752273700673 25.5 1
1752273710826 25.5 2
1752273720925 25.5 3
1752273731084 25.5 4
1752273741235 25.5 5
1752273751344 25.5 6
1752273761441 25.5 7
1752273771538 25.5 8
1752273781607 25.5 9
1752273791711 25.5 10
1752273801865 25.5 11
1752273812017 25.5 12
1752273822123 25.5 13
1752273832233 25.5 14
1752273842302 25.5 15
1752273852400 25.5 16
1752273862484 25.5 17
1752273872661 25.5 18
1752273882761 25.5 19
1752273892877 25.5 20
1752273903023 25.5 21
1752273913119 25.5 22
1752273923243 25.5 23
1752273933464 25.5 24
1752273943572 25.5 25
1752273953757 25.5 26
1752273963879 25.5 27
1752273974069 25.5 28
1752273984236 25.5 29
1752273994368 25.5 30
1752274004511 25.5 31
1752274014643 25.5 32
1752274024751 25.5 33
1752274034874 25.5 34
1752274045074 25.5 35
1752274055225 25.5 36
1752274065305 25.5 37
1752274075397 25.5 38
1752274085520 25.5 39
1752274095707 25.5 40
1752274105826 25.5 41
1752274115996 25.5 42
1752274126208 25.5 43
1752274136297 25.5 44
1752274146378 25.5 45
1752274156451 25.5 46
1752274166541 25.5 47
1752274176645 25.5 48
1752274186733 25.5 49
1752274196855 25.5 50
1752274206942 25.5 51
1752274217018 25.5 52
1752274227100 25.5 53
1752274237235 25.5 54
1752274247391 25.5 55
1752274257520 25.5 56
1752274268353 25.5 57
1752274278435 25.5 58
1752274288507 25.5 59
1752274298610 25.5 60
1752274308690 25.5 61
1752274318777 25.5 62
1752274328899 25.5 63
1752274339064 25.5 64
1752274349208 25.5 65
1752274359320 25.5 66
1752274369469 25.5 67
1752274379685 25.5 68
1752274389893 25.5 69
1752274399997 25.5 70
1752274410082 25.5 71
1752274420154 25.5 72
1752274430228 25.5 73
1752274441302 25.5 74
1752274451403 25.5 75
1752274461544 25.5 76
1752274471647 25.5 77
1752274481755 25.5 78
1752274491910 25.5 79
1752274501998 25.5 80
1752274512081 25.5 81
1752274522202 25.5 82
1752274532287 25.5 83
1752274542377 25.5 84
1752274552450 25.5 85
1752274562585 25.5 86
1752274572716 25.5 87
1752274582867 25.5 88
1752274593023 25.5 89
1752274603258 25.5 90
1752274614008 25.5 91
1752274624172 25.5 92
