1752273690582 762240.9 0
1752273700673 762239.8 1
1752273710826 762239.8 2
1752273720925 762239.2 3
1752273731084 762239.8 4
1752273741235 762239.6 5
1752273751344 762239.7 6
1752273761441 762239.7 7
1752273771538 762239.7 8
1752273781607 762239.7 9
1752273791711 762239.6 10
1752273801865 762239.6 11
1752273812017 762239.6 12
1752273822123 762239.6 13
1752273832233 762239.5 14
1752273842302 762239.5 15
1752273852400 762239.5 16
1752273862484 762239.4 17
1752273872661 762239.5 18
1752273882761 762239.4 19
1752273892877 762239.4 20
1752273903023 762239.4 21
1752273913119 762239.3 22
1752273923243 762239.2 23
1752273933464 762239.1 24
1752273943572 762239.1 25
1752273953757 762232.0 26
1752273963879 762220.2 27
1752273974069 762208.4 28
1752273984236 762206.1 29
1752273994368 762238.0 30
1752274004511 762238.0 31
1752274014643 762237.7 32
1752274024751 762238.1 33
1752274034874 762238.1 34
1752274045074 762238.2 35
1752274055225 762238.2 36
1752274065305 762238.2 37
1752274075397 762238.2 38
1752274085520 762238.2 39
1752274095707 762238.2 40
1752274105826 762238.2 41
1752274115996 762238.1 42
1752274126208 762238.2 43
1752274136297 762238.1 44
1752274146378 762238.4 45
1752274156451 762238.2 46
1752274166541 762238.2 47
1752274176645 762238.2 48
1752274186733 762238.3 49
1752274196855 762237.6 50
1752274206942 762237.6 51
1752274217018 762237.6 52
1752274227100 762237.5 53
1752274237235 762237.5 54
1752274247391 762237.0 55
1752274257520 762237.0 56
1752274268353 762236.9 57
1752274278435 762236.9 58
1752274288507 762236.9 59
1752274298610 762236.9 60
1752274308690 762236.8 61
1752274318777 762236.8 62
1752274328899 762236.8 63
1752274339064 762236.8 64
1752274349208 762236.8 65
1752274359320 762236.8 66
1752274369469 762236.8 67
1752274379685 762237.1 68
1752274389893 762236.9 69
1752274399997 762236.9 70
1752274410082 762236.9 71
1752274420154 762236.9 72
1752274430228 762236.5 73
1752274441302 762236.5 74
1752274451403 762236.5 75
1752274461544 762236.4 76
1752274471647 762236.4 77
1752274481755 762236.3 78
1752274491910 762236.1 79
1752274501998 762236.1 80
1752274512081 762236.3 81
1752274522202 762236.3 82
1752274532287 762236.2 83
1752274542377 762236.2 84
1752274552450 762236.2 85
1752274562585 762236.1 86
1752274572716 762236.0 87
1752274582867 762236.0 88
1752274593023 762236.1 89
1752274603258 762236.0 90
1752274614008 762236.0 91
1752274624172 762236.0 92
