1752273690582 261152.7 0
1752273700673 261153.9 1
1752273710826 261153.9 2
1752273720925 261154.4 3
1752273731084 261153.9 4
1752273741235 261154.0 5
1752273751344 261153.9 6
1752273761441 261153.9 7
1752273771538 261153.9 8
1752273781607 261153.9 9
1752273791711 261154.0 10
1752273801865 261154.0 11
1752273812017 261154.0 12
1752273822123 261154.0 13
1752273832233 261154.1 14
1752273842302 261154.1 15
1752273852400 261154.2 16
1752273862484 261154.2 17
1752273872661 261154.2 18
1752273882761 261154.2 19
1752273892877 261154.2 20
1752273903023 261154.3 21
1752273913119 261154.3 22
1752273923243 261154.4 23
1752273933464 261154.5 24
1752273943572 261154.6 25
1752273953757 261161.6 26
1752273963879 261173.5 27
1752273974069 261185.2 28
1752273984236 261187.6 29
1752273994368 261155.6 30
1752274004511 261155.6 31
1752274014643 261155.9 32
1752274024751 261155.5 33
1752274034874 261155.5 34
1752274045074 261155.4 35
1752274055225 261155.5 36
1752274065305 261155.5 37
1752274075397 261155.5 38
1752274085520 261155.4 39
1752274095707 261155.5 40
1752274105826 261155.5 41
1752274115996 261155.5 42
1752274126208 261155.4 43
1752274136297 261155.5 44
1752274146378 261155.2 45
1752274156451 261155.4 46
1752274166541 261155.4 47
1752274176645 261155.4 48
1752274186733 261155.3 49
1752274196855 261156.0 50
1752274206942 261156.0 51
1752274217018 261156.0 52
1752274227100 261156.1 53
1752274237235 261156.1 54
1752274247391 261156.6 55
1752274257520 261156.6 56
1752274268353 261156.7 57
1752274278435 261156.7 58
1752274288507 261156.7 59
1752274298610 261156.7 60
1752274308690 261156.8 61
1752274318777 261156.8 62
1752274328899 261156.8 63
1752274339064 261156.8 64
1752274349208 261156.8 65
1752274359320 261156.8 66
1752274369469 261156.8 67
1752274379685 261156.6 68
1752274389893 261156.7 69
1752274399997 261156.7 70
1752274410082 261156.7 71
1752274420154 261156.7 72
1752274430228 261157.1 73
1752274441302 261157.1 74
1752274451403 261157.2 75
1752274461544 261157.2 76
1752274471647 261157.2 77
1752274481755 261157.4 78
1752274491910 261157.5 79
1752274501998 261157.5 80
1752274512081 261157.4 81
1752274522202 261157.4 82
1752274532287 261157.4 83
1752274542377 261157.4 84
1752274552450 261157.5 85
1752274562585 261157.5 86
1752274572716 261157.6 87
1752274582867 261157.6 88
1752274593023 261157.5 89
1752274603258 261157.6 90
1752274614008 261157.6 91
1752274624172 261157.6 92
