1752273690582 0.0 0
1752273700673 0.01719100000002527 1
1752273710826 0.0690590000000384 2
1752273720925 0.16797900000000254 3
1752273731084 0.22630200000003242 4
1752273741235 0.4779380000000515 5
1752273751344 0.5047710000000052 6
1752273761441 0.5093400000000088 7
1752273771538 0.5455370000000244 8
1752273781607 0.5752420000000029 9
1752273791711 0.5967920000000504 10
1752273801865 0.6592510000000402 11
1752273812017 0.665048000000013 12
1752273822123 0.6792100000000119 13
1752273832233 0.8017260000000306 14
1752273842302 0.8540220000000431 15
1752273852400 0.8833740000000034 16
1752273862484 0.9183900000000449 17
1752273872661 0.9233640000000491 18
1752273882761 0.9263140000000476 19
1752273892877 0.9461430000000064 20
1752273903023 0.9969130000000064 21
1752273913119 1.0556680000000256 22
1752273923243 1.092343000000028 23
1752273933464 1.1289980000000241 24
1752273943572 1.1848230000000513 25
1752273953757 1.3099840000000427 26
1752273963879 1.3653750000000286 27
1752273974069 1.4520350000000235 28
1752273984236 1.5131980000000453 29
1752273994368 5.154743000000053 30
1752274004511 5.2517970000000105 31
1752274014643 5.486472000000049 32
1752274024751 5.681862000000024 33
1752274034874 5.790880000000016 34
1752274045074 5.83108500000003 35
1752274055225 5.856400000000008 36
1752274065305 5.898077999999998 37
1752274075397 5.9350410000000124 38
1752274085520 6.031088000000011 39
1752274095707 6.039781000000005 40
1752274105826 6.069305000000043 41
1752274115996 6.090573000000006 42
1752274126208 6.095661000000007 43
1752274136297 6.125169000000028 44
1752274146378 6.1637830000000235 45
1752274156451 6.193002000000035 46
1752274166541 6.235850000000028 47
1752274176645 6.285732000000053 48
1752274186733 6.2918280000000095 49
1752274196855 6.390464000000009 50
1752274206942 6.526661000000047 51
1752274217018 6.592221000000052 52
1752274227100 6.623125000000016 53
1752274237235 6.654331000000013 54
1752274247391 6.692017000000021 55
1752274257520 6.73576700000001 56
1752274268353 6.94147300000003 57
1752274278435 7.083165000000008 58
1752274288507 7.122591 59
1752274298610 7.156252000000052 60
1752274308690 7.232231000000013 61
1752274318777 7.322754000000032 62
1752274328899 7.360517000000016 63
1752274339064 7.40559300000001 64
1752274349208 7.459593000000041 65
1752274359320 7.480369000000053 66
1752274369469 7.487152000000037 67
1752274379685 7.559523000000013 68
1752274389893 7.698419000000001 69
1752274399997 7.744177000000036 70
1752274410082 7.793894000000023 71
1752274420154 7.826694000000032 72
1752274430228 7.8354530000000295 73
1752274441302 7.914796000000024 74
1752274451403 7.959553000000028 75
1752274461544 7.973194000000035 76
1752274471647 7.999307000000044 77
1752274481755 8.03648000000004 78
1752274491910 8.050423000000023 79
1752274501998 8.125501000000042 80
1752274512081 8.142844000000025 81
1752274522202 8.15801300000004 82
1752274532287 8.186778000000004 83
1752274542377 8.232176000000038 84
1752274552450 8.255167000000029 85
1752274562585 8.325467000000003 86
1752274572716 8.458406000000025 87
1752274582867 8.587155000000052 88
1752274593023 8.746079000000009 89
1752274603258 9.421700000000044 90
1752274614008 9.481367000000034 91
1752274624172 9.588848000000041 92
