1752273690582 0.0 0
1752273700673 0.019238999999970474 1
1752273710826 0.08278699999993933 2
1752273720925 0.16791299999999865 3
1752273731084 0.3343609999999444 4
1752273741235 0.39528999999993175 5
1752273751344 0.4234849999999142 6
1752273761441 0.4348179999999502 7
1752273771538 0.47256099999992784 8
1752273781607 0.5224459999999453 9
1752273791711 0.5690989999999374 10
1752273801865 0.6383499999999458 11
1752273812017 0.6496309999999994 12
1752273822123 0.666678999999931 13
1752273832233 0.7540279999999484 14
1752273842302 0.7963609999999335 15
1752273852400 0.8282809999999472 16
1752273862484 0.8530749999999898 17
1752273872661 0.8681289999999535 18
1752273882761 0.8738650000000234 19
1752273892877 0.8959699999999202 20
1752273903023 0.9335649999999305 21
1752273913119 0.9974189999999226 22
1752273923243 1.0392009999999345 23
1752273933464 1.1125149999999167 24
1752273943572 1.4525499999999738 25
1752273953757 1.628896999999938 26
1752273963879 1.7825030000000197 27
1752273974069 1.9766210000000228 28
1752273984236 2.0942959999999857 29
1752273994368 2.315676999999937 30
1752274004511 2.4227069999999458 31
1752274014643 2.602724999999964 32
1752274024751 2.908698999999956 33
1752274034874 3.0465169999999944 34
1752274045074 3.108818999999926 35
1752274055225 3.1559310000000096 36
1752274065305 3.215712999999937 37
1752274075397 3.277467999999999 38
1752274085520 3.432929999999942 39
1752274095707 3.457341999999926 40
1752274105826 3.4948499999999285 41
1752274115996 3.5320649999999887 42
1752274126208 3.5487809999999627 43
1752274136297 3.5952219999999215 44
1752274146378 3.660863999999947 45
1752274156451 3.713143999999943 46
1752274166541 3.7665700000000015 47
1752274176645 3.8244949999999562 48
1752274186733 3.8505199999999604 49
1752274196855 5.368653999999992 50
1752274206942 5.469600000000014 51
1752274217018 5.541711999999961 52
1752274227100 5.581256999999937 53
1752274237235 5.642934999999966 54
1752274247391 5.727640999999949 55
1752274257520 5.780895999999984 56
1752274268353 6.00287800000001 57
1752274278435 6.140593999999965 58
1752274288507 6.196212999999943 59
1752274298610 6.237696999999912 60
1752274308690 6.305644999999913 61
1752274318777 6.439338000000021 62
1752274328899 6.6248979999999165 63
1752274339064 6.684156999999914 64
1752274349208 6.74815000000001 65
1752274359320 6.784502999999972 66
1752274369469 6.803209999999922 67
1752274379685 6.894327999999973 68
1752274389893 7.005489000000011 69
1752274399997 7.047817000000009 70
1752274410082 7.105618999999933 71
1752274420154 7.156022000000007 72
1752274430228 7.176947999999925 73
1752274441302 7.268056000000001 74
1752274451403 7.321321000000012 75
1752274461544 7.344584999999938 76
1752274471647 7.366815999999972 77
1752274481755 7.420378999999912 78
1752274491910 7.447254999999927 79
1752274501998 7.515090999999984 80
1752274512081 7.544001999999978 81
1752274522202 7.570329000000015 82
1752274532287 7.609021999999982 83
1752274542377 7.674815999999964 84
1752274552450 7.706801999999925 85
1752274562585 7.795443999999975 86
1752274572716 7.891272999999956 87
1752274582867 8.009755999999925 88
1752274593023 8.07342099999994 89
1752274603258 8.133774000000017 90
1752274614008 8.217702999999915 91
1752274624172 8.46142199999997 92
