1752273690582 51.5 0
1752273700673 52.0 1
1752273710826 53.1 2
1752273720925 53.1 3
1752273731084 53.0 4
1752273741235 52.9 5
1752273751344 53.3 6
1752273761441 53.3 7
1752273771538 53.5 8
1752273781607 54.3 9
1752273791711 54.3 10
1752273801865 53.0 11
1752273812017 53.1 12
1752273822123 53.2 13
1752273832233 54.3 14
1752273842302 53.0 15
1752273852400 53.0 16
1752273862484 53.5 17
1752273872661 53.6 18
1752273882761 53.6 19
1752273892877 53.8 20
1752273903023 54.0 21
1752273913119 54.2 22
1752273923243 54.2 23
1752273933464 54.0 24
1752273943572 54.5 25
1752273953757 54.5 26
1752273963879 54.7 27
1752273974069 54.7 28
1752273984236 54.5 29
1752273994368 54.5 30
1752274004511 54.6 31
1752274014643 54.5 32
1752274024751 54.6 33
1752274034874 54.2 34
1752274045074 54.1 35
1752274055225 54.5 36
1752274065305 54.5 37
1752274075397 55.2 38
1752274085520 53.7 39
1752274095707 54.1 40
1752274105826 54.1 41
1752274115996 54.2 42
1752274126208 54.4 43
1752274136297 54.6 44
1752274146378 54.8 45
1752274156451 55.3 46
1752274166541 55.7 47
1752274176645 55.7 48
1752274186733 54.3 49
1752274196855 54.7 50
1752274206942 55.2 51
1752274217018 54.2 52
1752274227100 54.9 53
1752274237235 53.2 54
1752274247391 53.7 55
1752274257520 53.8 56
1752274268353 53.9 57
1752274278435 53.5 58
1752274288507 55.6 59
1752274298610 55.3 60
1752274308690 55.4 61
1752274318777 54.1 62
1752274328899 54.2 63
1752274339064 54.3 64
1752274349208 54.3 65
1752274359320 54.5 66
1752274369469 54.7 67
1752274379685 54.7 68
1752274389893 56.5 69
1752274399997 54.7 70
1752274410082 55.4 71
1752274420154 53.8 72
1752274430228 55.1 73
1752274441302 54.3 74
1752274451403 54.2 75
1752274461544 55.1 76
1752274471647 55.1 77
1752274481755 54.7 78
1752274491910 55.7 79
1752274501998 55.9 80
1752274512081 56.6 81
1752274522202 56.6 82
1752274532287 56.1 83
1752274542377 55.1 84
1752274552450 57.0 85
1752274562585 55.2 86
1752274572716 56.6 87
1752274582867 56.5 88
1752274593023 56.7 89
1752274603258 56.2 90
1752274614008 55.6 91
1752274624172 54.8 92
