1752273690582 17511.5 0
1752273700673 17680.1 1
1752273710826 18063.5 2
1752273720925 18057.8 3
1752273731084 18039.6 4
1752273741235 18017.1 5
1752273751344 18125.0 6
1752273761441 18126.0 7
1752273771538 18208.0 8
1752273781607 18469.4 9
1752273791711 18477.4 10
1752273801865 18046.1 11
1752273812017 18064.3 12
1752273822123 18109.0 13
1752273832233 18462.6 14
1752273842302 18028.3 15
1752273852400 18021.3 16
1752273862484 18217.1 17
1752273872661 18254.0 18
1752273882761 18244.9 19
1752273892877 18291.6 20
1752273903023 18378.4 21
1752273913119 18428.8 22
1752273923243 18438.9 23
1752273933464 18391.8 24
1752273943572 18531.9 25
1752273953757 18559.2 26
1752273963879 18602.3 27
1752273974069 18611.4 28
1752273984236 18555.6 29
1752273994368 18547.2 30
1752274004511 18564.8 31
1752274014643 18551.8 32
1752274024751 18576.5 33
1752274034874 18428.1 34
1752274045074 18418.8 35
1752274055225 18529.9 36
1752274065305 18549.1 37
1752274075397 18794.1 38
1752274085520 18271.1 39
1752274095707 18417.8 40
1752274105826 18401.2 41
1752274115996 18428.8 42
1752274126208 18508.4 43
1752274136297 18590.2 44
1752274146378 18635.8 45
1752274156451 18825.9 46
1752274166541 18962.3 47
1752274176645 18960.6 48
1752274186733 18475.2 49
1752274196855 18599.2 50
1752274206942 18797.5 51
1752274217018 18440.8 52
1752274227100 18687.3 53
1752274237235 18089.2 54
1752274247391 18286.2 55
1752274257520 18310.9 56
1752274268353 18353.3 57
1752274278435 18189.2 58
1752274288507 18914.5 59
1752274298610 18829.6 60
1752274308690 18838.6 61
1752274318777 18419.2 62
1752274328899 18440.8 63
1752274339064 18461.8 64
1752274349208 18460.8 65
1752274359320 18549.4 66
1752274369469 18605.6 67
1752274379685 18618.4 68
1752274389893 19236.2 69
1752274399997 18620.0 70
1752274410082 18852.0 71
1752274420154 18308.8 72
1752274430228 18740.0 73
1752274441302 18472.8 74
1752274451403 18436.5 75
1752274461544 18747.1 76
1752274471647 18755.5 77
1752274481755 18616.3 78
1752274491910 18970.9 79
1752274501998 19010.9 80
1752274512081 19263.4 81
1752274522202 19254.0 82
1752274532287 19079.0 83
1752274542377 18740.6 84
1752274552450 19382.5 85
1752274562585 18793.6 86
1752274572716 19266.0 87
1752274582867 19212.7 88
1752274593023 19291.8 89
1752274603258 19136.2 90
1752274614008 18934.4 91
1752274624172 18641.9 92
