1752529374591 0.0 0
1752529384743 20.6 1
1752529394857 51.6 2
1752529404965 51.5 3
1752529415114 51.4 4
1752529425298 50.9 5
1752529436098 51.5 6
1752529446230 48.9 7
1752529456444 38.9 8
1752529466603 52.7 9
1752529476723 33.9 10
1752529486876 52.6 11
1752529497083 53.4 12
1752529507268 52.2 13
1752529517446 60.7 14
1752529527617 53.1 15
1752529537813 51.9 16
1752529547931 53.4 17
1752529558029 52.1 18
1752529568138 53.3 19
1752529578252 51.4 20
1752529588383 34.5 21
1752529598544 52.5 22
1752529608722 53.3 23
1752529618900 33.2 24
1752529629027 53.1 25
1752529639134 51.1 26
1752529649329 52.3 27
1752529659443 52.3 28
1752529669571 51.6 29
1752529679711 52.9 30
1752529689845 52.9 31
1752529700267 52.6 32
1752538046871 55.2 33
1752538057137 0.1 34
1752538067345 63.9 35
1752538077548 45.4 36
1752538088174 42.1 37
1752538098356 41.3 38
1752538108525 25.5 39
1752538118664 38.4 40
1752538128757 37.6 41
1752538138920 39.5 42
1752538149011 41.6 43
1752538159106 41.1 44
1752538169219 52.3 45
1752538179400 47.5 46
1752538189527 42.0 47
1752538199616 41.1 48
1752538209768 42.4 49
1752538219999 42.3 50
1752538230132 41.6 51
1752538240292 42.1 52
1752538250423 40.3 53
1752538260955 39.1 54
1752538271046 21.2 55
1752538281458 11.3 56
