1752529374591 259697.1 0
1752529384743 259698.0 1
1752529394857 259698.0 2
1752529404965 259698.0 3
1752529415114 259698.1 4
1752529425298 259696.6 5
1752529436098 259696.5 6
1752529446230 259696.6 7
1752529456444 259696.2 8
1752529466603 259696.1 9
1752529476723 259696.3 10
1752529486876 259696.4 11
1752529497083 259696.4 12
1752529507268 259696.4 13
1752529517446 259694.0 14
1752529527617 259694.0 15
1752529537813 259694.0 16
1752529547931 259694.0 17
1752529558029 259694.0 18
1752529568138 259694.0 19
1752529578252 259693.4 20
1752529588383 259693.5 21
1752529598544 259693.3 22
1752529608722 259693.3 23
1752529618900 259693.7 24
1752529629027 259693.7 25
1752529639134 259693.7 26
1752529649329 259694.2 27
1752529659443 259694.2 28
1752529669571 259694.5 29
1752529679711 259694.6 30
1752529689845 259694.4 31
1752529700267 259694.4 32
1752538046871 259694.6 33
1752538057137 259694.0 34
1752538067345 259662.9 35
1752538077548 259675.8 36
1752538088174 259674.5 37
1752538098356 259675.0 38
1752538108525 259675.2 39
1752538118664 259673.9 40
1752538128757 259673.9 41
1752538138920 259674.0 42
1752538149011 259673.9 43
1752538159106 259673.9 44
1752538169219 259674.1 45
1752538179400 259674.1 46
1752538189527 259674.6 47
1752538199616 259674.7 48
1752538209768 259674.5 49
1752538219999 259674.5 50
1752538230132 259674.5 51
1752538240292 259674.5 52
1752538250423 259674.5 53
1752538260955 259674.5 54
1752538271046 259674.5 55
1752538281458 259674.6 56
