1752529374591 25.4 0
1752529384743 25.4 1
1752529394857 25.4 2
1752529404965 25.4 3
1752529415114 25.4 4
1752529425298 25.4 5
1752529436098 25.4 6
1752529446230 25.4 7
1752529456444 25.4 8
1752529466603 25.4 9
1752529476723 25.4 10
1752529486876 25.4 11
1752529497083 25.4 12
1752529507268 25.4 13
1752529517446 25.4 14
1752529527617 25.4 15
1752529537813 25.4 16
1752529547931 25.4 17
1752529558029 25.4 18
1752529568138 25.4 19
1752529578252 25.4 20
1752529588383 25.4 21
1752529598544 25.4 22
1752529608722 25.4 23
1752529618900 25.4 24
1752529629027 25.4 25
1752529639134 25.4 26
1752529649329 25.4 27
1752529659443 25.4 28
1752529669571 25.4 29
1752529679711 25.4 30
1752529689845 25.4 31
1752529700267 25.4 32
1752538046871 25.4 33
1752538057137 25.4 34
1752538067345 25.4 35
1752538077548 25.4 36
1752538088174 25.4 37
1752538098356 25.4 38
1752538108525 25.4 39
1752538118664 25.4 40
1752538128757 25.4 41
1752538138920 25.4 42
1752538149011 25.4 43
1752538159106 25.4 44
1752538169219 25.4 45
1752538179400 25.4 46
1752538189527 25.4 47
1752538199616 25.4 48
1752538209768 25.4 49
1752538219999 25.4 50
1752538230132 25.4 51
1752538240292 25.4 52
1752538250423 25.4 53
1752538260955 25.4 54
1752538271046 25.4 55
1752538281458 25.4 56
