1752529374591 763696.5 0
1752529384743 763695.6 1
1752529394857 763695.6 2
1752529404965 763695.6 3
1752529415114 763695.5 4
1752529425298 763697.0 5
1752529436098 763697.2 6
1752529446230 763697.0 7
1752529456444 763697.5 8
1752529466603 763697.6 9
1752529476723 763697.3 10
1752529486876 763697.2 11
1752529497083 763697.2 12
1752529507268 763697.2 13
1752529517446 763699.6 14
1752529527617 763699.6 15
1752529537813 763699.6 16
1752529547931 763699.6 17
1752529558029 763699.6 18
1752529568138 763699.6 19
1752529578252 763700.2 20
1752529588383 763700.1 21
1752529598544 763700.3 22
1752529608722 763700.3 23
1752529618900 763700.0 24
1752529629027 763699.9 25
1752529639134 763699.9 26
1752529649329 763699.4 27
1752529659443 763699.4 28
1752529669571 763699.1 29
1752529679711 763699.0 30
1752529689845 763699.2 31
1752529700267 763699.2 32
1752538046871 763699.0 33
1752538057137 763699.6 34
1752538067345 763730.7 35
1752538077548 763717.9 36
1752538088174 763719.1 37
1752538098356 763718.6 38
1752538108525 763718.4 39
1752538118664 763719.7 40
1752538128757 763719.7 41
1752538138920 763719.6 42
1752538149011 763719.7 43
1752538159106 763719.7 44
1752538169219 763719.5 45
1752538179400 763719.5 46
1752538189527 763719.0 47
1752538199616 763718.9 48
1752538209768 763719.1 49
1752538219999 763719.1 50
1752538230132 763719.1 51
1752538240292 763719.1 52
1752538250423 763719.1 53
1752538260955 763719.1 54
1752538271046 763719.1 55
1752538281458 763719.1 56
