1752529374591 5.400000000577165e-05 0
1752529384743 0.033478999999999814 1
1752529394857 0.04120299999999588 2
1752529404965 0.08481500000000608 3
1752529415114 0.1033170000000041 4
1752529425298 0.1286620000000056 5
1752529436098 0.14129400000000203 6
1752529446230 0.1619670000000042 7
1752529456444 0.18415300000000911 8
1752529466603 0.19167300000000864 9
1752529476723 0.21408700000000636 10
1752529486876 0.24637500000000045 11
1752529497083 0.2666839999999979 12
1752529507268 0.28074000000000865 13
1752529517446 0.3725110000000029 14
1752529527617 0.3781630000000007 15
1752529537813 0.3939770000000067 16
1752529547931 0.41998000000000957 17
1752529558029 0.42865299999999706 18
1752529568138 0.43668800000000374 19
1752529578252 0.44137399999999616 20
1752529588383 0.44408200000000875 21
1752529598544 0.46227700000000027 22
1752529608722 0.47600200000000825 23
1752529618900 0.5074309999999969 24
1752529629027 0.5195300000000032 25
1752529639134 0.5312880000000035 26
1752529649329 0.5358690000000053 27
1752529659443 0.5493529999999964 28
1752529669571 0.571117000000001 29
1752529679711 0.5848650000000077 30
1752529689845 0.594025000000002 31
1752529700267 0.6080579999999998 32
1752538046871 0.6524030000000067 33
1752538057137 0.6598350000000011 34
1752538067345 3.844405000000009 35
1752538077548 4.1736080000000015 36
1752538088174 4.273724000000001 37
1752538098356 4.410758999999999 38
1752538108525 4.414957999999999 39
1752538118664 4.459443000000007 40
1752538128757 4.506825000000006 41
1752538138920 4.508700000000005 42
1752538149011 4.519528000000008 43
1752538159106 4.533546000000001 44
1752538169219 4.578281000000004 45
1752538179400 4.596953999999997 46
1752538189527 4.605782000000005 47
1752538199616 4.627690999999999 48
1752538209768 5.2776640000000015 49
1752538219999 5.286421000000004 50
1752538230132 5.290394000000006 51
1752538240292 5.309244000000007 52
1752538250423 5.323192000000006 53
1752538260955 5.331555000000009 54
1752538271046 5.336877999999999 55
1752538281458 5.344467000000009 56
