1752529374591 0.00018099999999776628 0
1752529384743 0.029278999999974076 1
1752529394857 0.037108999999986736 2
1752529404965 0.11067599999995537 3
1752529415114 0.12753599999996368 4
1752529425298 0.1477949999999737 5
1752529436098 0.15543599999995195 6
1752529446230 0.176166999999964 7
1752529456444 0.19506799999999203 8
1752529466603 0.20277599999997165 9
1752529476723 0.2273529999999937 10
1752529486876 0.2707459999999742 11
1752529497083 0.2848449999999616 12
1752529507268 0.29446400000000494 13
1752529517446 0.989140999999961 14
1752529527617 0.992793000000006 15
1752529537813 1.0072059999999965 16
1752529547931 1.029645999999957 17
1752529558029 1.0427329999999984 18
1752529568138 1.0510019999999827 19
1752529578252 1.0538669999999684 20
1752529588383 1.0556819999999902 21
1752529598544 1.0769209999999703 22
1752529608722 1.0863939999999843 23
1752529618900 1.113352999999961 24
1752529629027 1.124258999999995 25
1752529639134 1.1364539999999579 26
1752529649329 1.1387579999999957 27
1752529659443 1.149757999999963 28
1752529669571 1.1761489999999526 29
1752529679711 1.1835839999999962 30
1752529689845 1.191885999999954 31
1752529700267 1.2106269999999881 32
1752538046871 1.3079510000000028 33
1752538057137 1.330471999999986 34
1752538067345 4.143626999999981 35
1752538077548 6.341060999999968 36
1752538088174 6.892639999999972 37
1752538098356 7.160040999999978 38
1752538108525 7.164566999999977 39
1752538118664 7.231469000000004 40
1752538128757 7.303314999999998 41
1752538138920 7.305447999999956 42
1752538149011 7.315490999999952 43
1752538159106 7.331850999999972 44
1752538169219 7.417487999999992 45
1752538179400 7.434263999999985 46
1752538189527 7.444547 47
1752538199616 7.47496799999999 48
1752538209768 7.532531000000006 49
1752538219999 7.5409799999999905 50
1752538230132 7.544443000000001 51
1752538240292 7.555000000000007 52
1752538250423 7.572864999999979 53
1752538260955 7.58382899999998 54
1752538271046 7.589157999999998 55
1752538281458 7.596656999999993 56
