1752529374591 51.3 0
1752529384743 52.5 1
1752529394857 52.5 2
1752529404965 52.5 3
1752529415114 52.5 4
1752529425298 52.5 5
1752529436098 51.9 6
1752529446230 51.9 7
1752529456444 52.5 8
1752529466603 52.6 9
1752529476723 52.7 10
1752529486876 52.8 11
1752529497083 52.5 12
1752529507268 52.8 13
1752529517446 52.7 14
1752529527617 52.9 15
1752529537813 52.6 16
1752529547931 52.7 17
1752529558029 52.6 18
1752529568138 52.8 19
1752529578252 52.5 20
1752529588383 53.2 21
1752529598544 53.1 22
1752529608722 53.3 23
1752529618900 53.3 24
1752529629027 53.5 25
1752529639134 53.2 26
1752529649329 53.5 27
1752529659443 53.5 28
1752529669571 53.2 29
1752529679711 53.3 30
1752529689845 53.4 31
1752529700267 53.6 32
1752538046871 55.4 33
1752538057137 56.3 34
1752538067345 57.2 35
1752538077548 56.3 36
1752538088174 55.8 37
1752538098356 55.1 38
1752538108525 55.9 39
1752538118664 55.8 40
1752538128757 55.7 41
1752538138920 55.5 42
1752538149011 55.6 43
1752538159106 55.9 44
1752538169219 56.6 45
1752538179400 55.7 46
1752538189527 55.6 47
1752538199616 55.6 48
1752538209768 55.6 49
1752538219999 55.5 50
1752538230132 55.5 51
1752538240292 55.7 52
1752538250423 55.4 53
1752538260955 55.5 54
1752538271046 55.4 55
1752538281458 55.7 56
