1752529374591 17441.9 0
1752529384743 17869.8 1
1752529394857 17850.5 2
1752529404965 17869.7 3
1752529415114 17879.1 4
1752529425298 17869.6 5
1752529436098 17677.8 6
1752529446230 17655.6 7
1752529456444 17878.5 8
1752529466603 17909.9 9
1752529476723 17930.4 10
1752529486876 17963.0 11
1752529497083 17854.1 12
1752529507268 17955.0 13
1752529517446 17929.2 14
1752529527617 17997.6 15
1752529537813 17911.8 16
1752529547931 17919.5 17
1752529558029 17899.9 18
1752529568138 17978.2 19
1752529578252 17867.0 20
1752529588383 18094.9 21
1752529598544 18073.4 22
1752529608722 18135.7 23
1752529618900 18149.1 24
1752529629027 18217.9 25
1752529639134 18114.5 26
1752529649329 18197.5 27
1752529659443 18222.4 28
1752529669571 18117.5 29
1752529679711 18135.5 30
1752529689845 18179.5 31
1752529700267 18237.3 32
1752538046871 18863.7 33
1752538057137 19142.7 34
1752538067345 19450.5 35
1752538077548 19159.7 36
1752538088174 18973.2 37
1752538098356 18761.6 38
1752538108525 19022.5 39
1752538118664 18998.9 40
1752538128757 18949.3 41
1752538138920 18882.1 42
1752538149011 18919.7 43
1752538159106 19030.5 44
1752538169219 19276.1 45
1752538179400 18941.4 46
1752538189527 18917.8 47
1752538199616 18905.3 48
1752538209768 18914.3 49
1752538219999 18886.6 50
1752538230132 18876.4 51
1752538240292 18960.0 52
1752538250423 18861.5 53
1752538260955 18874.5 54
1752538271046 18840.3 55
1752538281458 18961.4 56
