1750649229974 0.0006342083035401752 0
1750649234337 0.00043095882295015404 1
1750649238300 0.0003808176905790539 2
1750649242642 0.00023747580808928167 3
1750649247015 0.0012619844446131734 4
1750649252425 0.0014051269908515733 5
1750649256699 0.001055984683633823 6
1750649261162 0.0011530767661293866 7
1750649266048 0.0038885905615065153 8
1750649270467 0.004267778083712545 9
1750649275213 0.010856137062271754 10
1750649280118 0.014514718171463282 11
1750649284584 0.009505526295357954 12
1750649291564 0.01078553014687363 13
1750649296925 0.028105508980497598 14
1750649302016 0.007468915293928976 15
1750649307216 0.033181812906924124 16
1750649311799 0.012034152151245626 17
1750649316631 0.003953774120370992 18
1750649320623 0.0011120241931137074 19
1750649324923 0.0010597569611032651 20
1750649329117 0.0009273186542690329 21
1750649333553 0.0009595018747392358 22
1750649337690 0.0006155785747290881 23
1750649341523 0.0005298134328283099 24
1750649345597 0.0005109893586864826 25
1750649349747 0.0005113097734970517 26
1750649353622 0.0005152373640432298 27
1750649357508 0.0005909168770483022 28
1750649361513 0.0006822989899133252 29
1750649365388 0.0006205735963049272 30
1750649369305 0.0006662458408815795 31
1750649372895 0.0006578827554489036 32
1750649376621 0.0007083552414966201 33
1750649383053 0.0005142109444961487 34
1750649386974 0.0005119566449319161 35
1750649391206 0.0004948850695703187 36
1750649395072 0.0005492685790515055 37
