1752259685367 0.0 0
1752259695499 22.2 1
1752259705832 48.6 2
1752259716236 52.8 3
1752259726353 55.2 4
1752259736493 49.6 5
1752259746609 43.3 6
1752259756749 44.0 7
1752259766863 43.9 8
1752259776995 43.9 9
1752259787147 44.4 10
1752259797309 43.9 11
1752259807518 45.3 12
1752259817731 45.4 13
1752259827992 32.5 14
1752259838364 64.7 15
1752259848558 48.6 16
1752259858749 57.2 17
1752259868878 48.3 18
1752259879009 47.1 19
1752259889128 45.7 20
1752259899269 44.7 21
1752259909404 44.7 22
1752259919544 54.5 23
1752259929753 47.7 24
1752259940027 59.4 25
1752259950190 57.1 26
1752259960431 62.0 27
1752259970693 59.3 28
