1752259685367 25.5 0
1752259695499 25.5 1
1752259705832 25.5 2
1752259716236 25.5 3
1752259726353 25.5 4
1752259736493 25.5 5
1752259746609 25.5 6
1752259756749 25.5 7
1752259766863 25.5 8
1752259776995 25.5 9
1752259787147 25.5 10
1752259797309 25.5 11
1752259807518 25.5 12
1752259817731 25.5 13
1752259827992 25.5 14
1752259838364 25.5 15
1752259848558 25.5 16
1752259858749 25.5 17
1752259868878 25.5 18
1752259879009 25.5 19
1752259889128 25.5 20
1752259899269 25.5 21
1752259909404 25.5 22
1752259919544 25.5 23
1752259929753 25.5 24
1752259940027 25.5 25
1752259950190 25.5 26
1752259960431 25.5 27
1752259970693 25.5 28
