1752259685367 762423.5 0
1752259695499 762422.7 1
1752259705832 762422.4 2
1752259716236 762422.4 3
1752259726353 762420.7 4
1752259736493 762420.7 5
1752259746609 762420.8 6
1752259756749 762420.7 7
1752259766863 762420.7 8
1752259776995 762419.6 9
1752259787147 762419.6 10
1752259797309 762419.6 11
1752259807518 762419.4 12
1752259817731 762423.1 13
1752259827992 762422.3 14
1752259838364 762422.0 15
1752259848558 762421.9 16
1752259858749 762421.8 17
1752259868878 762421.8 18
1752259879009 762421.7 19
1752259889128 762421.7 20
1752259899269 762421.6 21
1752259909404 762421.4 22
1752259919544 762421.1 23
1752259929753 762421.0 24
1752259940027 762420.8 25
1752259950190 762419.1 26
1752259960431 762418.9 27
1752259970693 762419.1 28
