1752259685367 260970.1 0
1752259695499 260970.9 1
1752259705832 260971.2 2
1752259716236 260971.2 3
1752259726353 260972.9 4
1752259736493 260972.9 5
1752259746609 260972.8 6
1752259756749 260972.9 7
1752259766863 260972.9 8
1752259776995 260974.0 9
1752259787147 260974.0 10
1752259797309 260974.0 11
1752259807518 260974.2 12
1752259817731 260970.5 13
1752259827992 260971.4 14
1752259838364 260971.6 15
1752259848558 260971.7 16
1752259858749 260971.8 17
1752259868878 260971.8 18
1752259879009 260971.9 19
1752259889128 260972.0 20
1752259899269 260972.0 21
1752259909404 260972.2 22
1752259919544 260972.5 23
1752259929753 260972.6 24
1752259940027 260972.8 25
1752259950190 260974.5 26
1752259960431 260974.7 27
1752259970693 260974.5 28
