1752259685367 0.00021300000003066089 0
1752259695499 0.034316999999987274 1
1752259705832 0.10253299999999399 2
1752259716236 0.14872200000002067 3
1752259726353 0.472233000000017 4
1752259736493 0.5029299999999921 5
1752259746609 0.5426889999999958 6
1752259756749 0.5946139999999787 7
1752259766863 0.6685800000000199 8
1752259776995 0.6896030000000337 9
1752259787147 0.7134649999999851 10
1752259797309 0.8096780000000194 11
1752259807518 0.8893419999999992 12
1752259817731 0.9578240000000164 13
1752259827992 1.0261540000000196 14
1752259838364 1.1278179999999907 15
1752259848558 1.1991390000000024 16
1752259858749 1.2629739999999856 17
1752259868878 1.4820040000000176 18
1752259879009 1.540822999999989 19
1752259889128 1.5980749999999944 20
1752259899269 1.7586059999999861 21
1752259909404 2.3458310000000324 22
1752259919544 2.440394000000026 23
1752259929753 2.474899999999991 24
1752259940027 2.5352829999999926 25
1752259950190 3.3360720000000015 26
1752259960431 3.3962999999999965 27
1752259970693 3.739003000000025 28
