1752259685367 0.00020799999992959783 0
1752259695499 0.02440999999998894 1
1752259705832 0.0756739999999354 2
1752259716236 0.10433799999998428 3
1752259726353 0.31712900000002264 4
1752259736493 0.3404649999999947 5
1752259746609 0.37191299999994953 6
1752259756749 0.4147809999999481 7
1752259766863 0.5106680000000097 8
1752259776995 0.5376899999999978 9
1752259787147 0.5510600000000068 10
1752259797309 0.6493039999999155 11
1752259807518 0.713292000000024 12
1752259817731 0.7791690000000244 13
1752259827992 0.881672999999978 14
1752259838364 0.9495869999999513 15
1752259848558 0.9894039999999222 16
1752259858749 1.0273549999999432 17
1752259868878 1.2051589999999806 18
1752259879009 1.2495379999999159 19
1752259889128 1.3230239999999185 20
1752259899269 1.3612560000000258 21
1752259909404 1.5967369999999619 22
1752259919544 1.6656869999999344 23
1752259929753 1.7174179999999524 24
1752259940027 1.7684269999999742 25
1752259950190 1.8449590000000171 26
1752259960431 1.8814569999999549 27
1752259970693 1.9091119999999364 28
