1752259685367 18457.3 0
1752259695499 18919.9 1
1752259705832 19062.9 2
1752259716236 19320.9 3
1752259726353 18982.8 4
1752259736493 19099.0 5
1752259746609 18521.3 6
1752259756749 18801.6 7
1752259766863 18704.8 8
1752259776995 18799.2 9
1752259787147 18581.9 10
1752259797309 18714.0 11
1752259807518 18561.0 12
1752259817731 18780.0 13
1752259827992 18682.1 14
1752259838364 19363.1 15
1752259848558 19276.6 16
1752259858749 19076.6 17
1752259868878 19116.0 18
1752259879009 19049.8 19
1752259889128 19015.8 20
1752259899269 18582.0 21
1752259909404 18484.1 22
1752259919544 18854.8 23
1752259929753 18737.0 24
1752259940027 18925.1 25
1752259950190 18845.4 26
1752259960431 18992.9 27
1752259970693 18981.0 28
