1752259685367 54.2 0
1752259695499 55.6 1
1752259705832 56.0 2
1752259716236 56.8 3
1752259726353 55.8 4
1752259736493 56.1 5
1752259746609 54.4 6
1752259756749 55.3 7
1752259766863 55.0 8
1752259776995 55.2 9
1752259787147 54.6 10
1752259797309 55.0 11
1752259807518 54.5 12
1752259817731 55.2 13
1752259827992 54.9 14
1752259838364 56.9 15
1752259848558 56.6 16
1752259858749 56.1 17
1752259868878 56.2 18
1752259879009 56.0 19
1752259889128 55.9 20
1752259899269 54.6 21
1752259909404 54.3 22
1752259919544 55.4 23
1752259929753 55.1 24
1752259940027 55.6 25
1752259950190 55.4 26
1752259960431 55.8 27
1752259970693 55.8 28
