1752254973387 0.00047401422411351993 0
1752254975468 0.00027061690233040305 1
1752254977486 0.00021502968294263207 2
1752254979590 0.0010772957407444324 3
1752254983575 0.0010203485179614313 4
1752254986437 0.0013092463747417067 5
1752254988596 0.0022229715592380623 6
1752254990618 0.001362993357296881 7
1752254992808 0.004233396033967621 8
1752254994935 0.006295230730332267 9
1752254997123 0.010238191676439246 10
1752254999285 0.036987609890307256 11
1752255002091 0.051854428827678344 12
1752255004218 0.036397991521217414 13
1752255006272 0.03809033030150292 14
