1752244683739 0.0017250514122684503 0
1752244694319 0.002089370608351322 1
1752244708526 0.009163467356972425 2
1752244723065 0.006866529684728975 3
1752244743816 0.017475109057916584 4
1752244757467 0.015503470243568995 5
1752244774583 0.02674883123907062 6
1752244785298 0.01658179292767135 7
1752244800973 0.00891395517412577 8
1752244821047 0.029495946549370725 9
1752244831212 0.02294679203282514 10
1752244844821 0.0017989229853927044 11
1752244856674 0.001654951969534761 12
1752244868044 0.0007360425217011102 13
1752244879585 0.0007246278512558801 14
1752244886545 0.0008756389457929448 15
1752244896543 0.0007498331101580254 16
1752244907224 0.0009517589217274444 17
1752244915647 0.000778207728638111 18
