1750694168969 0.003277690355777704 0
1750694175963 0.0005207352269145453 1
1750694179265 0.0002897774628782835 2
1750694182858 0.0013019875980970416 3
1750694186558 0.0013469641982814954 4
1750694190313 0.0011835159443046022 5
1750694194289 0.0028323417688459274 6
1750694198179 0.0070549301245025455 7
1750694201943 0.011573021812225609 8
1750694205771 0.013848383267861405 9
1750694210322 0.015432323501209957 10
1750694214183 0.027913748084240027 11
1750694217901 0.028021984390201517 12
1750694222033 0.006969015613607656 13
1750694225989 0.0010842540150652127 14
1750694229528 0.0011216196486576167 15
1750694233103 0.0006787675437925993 16
1750694236643 0.0006963691137701708 17
1750694240006 0.0005168163737913537 18
1750694243302 0.000562329118567797 19
1750694246807 0.0004902169539215818 20
1750694250046 0.0006189099174442894 21
1750694253127 0.000600874485811135 22
1750694256248 0.0006568280388906536 23
1750694259197 0.0006540778808369774 24
1750694265223 0.0006300936004691814 0
