1750625557277 0.0034083903610146555 0
1750625567535 0.0046154134510534225 1
1750625584956 0.00669303663254579 2
1750625596971 0.010074974693855362 3
1750625604622 0.009692166253234841 4
1750625611409 0.02038876707600259 5
1750625622847 0.0350107583274829 6
1750625640258 0.019939401954553578 7
1750625650008 0.024472334719533872 8
1750625661362 0.02313893285251245 9
1750625669445 0.030876875938839945 10
1750625679243 0.005505855699165755 11
1750625698623 0.012397777555665727 12
1750625711537 0.001468871844024212 13
1750625726495 0.009400317968584662 14
1750625739482 0.0015170474651003039 15
1750625754242 0.001761146684205703 16
