1750648753638 0.0 0
1750648763749 24.2 1
1750648773870 27.2 2
1750648783979 25.0 3
1750648794044 22.9 4
1750648804152 23.3 5
1750648814247 23.8 6
1750648824343 28.2 7
1750648834417 29.8 8
1750648844509 28.1 9
1750648854615 23.5 10
1750648864790 26.7 11
1750648874881 20.6 12
1750648884973 20.1 13
1750648895079 19.5 14
1750648905175 17.6 15
1750648915279 20.4 16
1750648925363 26.9 17
1750648936253 18.1 18
1750648946359 22.4 19
1750648956461 17.0 20
1750648966626 36.1 21
1750648976709 33.6 22
1750648986834 46.0 23
1750648996950 34.2 24
1750649007033 41.0 25
1750649017131 26.9 26
1750649027432 21.7 27
