1750648753638 765536.5 0
1750648763749 765536.1 1
1750648773870 765536.1 2
1750648783979 765536.1 3
1750648794044 765536.1 4
1750648804152 765536.1 5
1750648814247 765536.1 6
1750648824343 765535.9 7
1750648834417 765535.9 8
1750648844509 765535.9 9
1750648854615 765535.4 10
1750648864790 765534.9 11
1750648874881 765535.2 12
1750648884973 765535.2 13
1750648895079 765535.2 14
1750648905175 765535.2 15
1750648915279 765535.2 16
1750648925363 765535.2 17
1750648936253 765535.2 18
1750648946359 765535.1 19
1750648956461 765535.1 20
1750648966626 765535.1 21
1750648976709 765535.1 22
1750648986834 765534.9 23
1750648996950 765534.7 24
1750649007033 765534.7 25
1750649017131 765534.7 26
1750649027432 765534.5 27
