1750648753638 257857.1 0
1750648763749 257857.5 1
1750648773870 257857.5 2
1750648783979 257857.6 3
1750648794044 257857.6 4
1750648804152 257857.6 5
1750648814247 257857.6 6
1750648824343 257857.7 7
1750648834417 257857.7 8
1750648844509 257857.7 9
1750648854615 257858.2 10
1750648864790 257858.7 11
1750648874881 257858.5 12
1750648884973 257858.5 13
1750648895079 257858.4 14
1750648905175 257858.4 15
1750648915279 257858.4 16
1750648925363 257858.4 17
1750648936253 257858.4 18
1750648946359 257858.5 19
1750648956461 257858.5 20
1750648966626 257858.5 21
1750648976709 257858.5 22
1750648986834 257858.7 23
1750648996950 257858.9 24
1750649007033 257858.9 25
1750649017131 257858.9 26
1750649027432 257859.1 27
