1750648753638 25.2 0
1750648763749 25.2 1
1750648773870 25.2 2
1750648783979 25.2 3
1750648794044 25.2 4
1750648804152 25.2 5
1750648814247 25.2 6
1750648824343 25.2 7
1750648834417 25.2 8
1750648844509 25.2 9
1750648854615 25.2 10
1750648864790 25.2 11
1750648874881 25.2 12
1750648884973 25.2 13
1750648895079 25.2 14
1750648905175 25.2 15
1750648915279 25.2 16
1750648925363 25.2 17
1750648936253 25.2 18
1750648946359 25.2 19
1750648956461 25.2 20
1750648966626 25.2 21
1750648976709 25.2 22
1750648986834 25.2 23
1750648996950 25.2 24
1750649007033 25.2 25
1750649017131 25.2 26
1750649027432 25.2 27
