1750648753638 0.0 0
1750648763749 0.034669000000008054 1
1750648773870 0.08504400000001056 2
1750648783979 0.11108300000000781 3
1750648794044 0.1341820000000098 4
1750648804152 0.1661370000000204 5
1750648814247 0.18142300000002365 6
1750648824343 0.2946720000000198 7
1750648834417 0.7466740000000129 8
1750648844509 0.7812190000000214 9
1750648854615 0.8128790000000095 10
1750648864790 0.8517730000000086 11
1750648874881 0.8842470000000162 12
1750648884973 0.9131200000000206 13
1750648895079 0.9852710000000116 14
1750648905175 1.004318000000012 15
1750648915279 1.0186140000000137 16
1750648925363 1.056367000000023 17
1750648936253 1.0704170000000204 18
1750648946359 1.0852230000000134 19
1750648956461 1.1796640000000025 20
1750648966626 1.2224230000000205 21
1750648976709 1.2365290000000186 22
1750648986834 1.2868260000000191 23
1750648996950 1.33906300000001 24
1750649007033 1.390683000000024 25
1750649017131 1.4519900000000234 26
1750649027432 1.4763700000000028 27
