1750648753638 0.0 0
1750648763749 0.07565400000000011 1
1750648773870 0.20219099999999912 2
1750648783979 0.20620099999999297 3
1750648794044 0.2641519999999957 4
1750648804152 0.2829659999999876 5
1750648814247 0.291411999999994 6
1750648824343 0.3334119999999956 7
1750648834417 0.6310789999999997 8
1750648844509 0.7016699999999929 9
1750648854615 0.7372389999999882 10
1750648864790 0.7807319999999862 11
1750648874881 0.8096589999999964 12
1750648884973 0.8308589999999896 13
1750648895079 0.8719209999999862 14
1750648905175 0.8869519999999937 15
1750648915279 0.8988479999999868 16
1750648925363 0.9258379999999988 17
1750648936253 0.9298459999999977 18
1750648946359 0.9403519999999901 19
1750648956461 1.0222499999999997 20
1750648966626 1.0625679999999988 21
1750648976709 1.0693479999999909 22
1750648986834 1.0984839999999991 23
1750648996950 1.1206889999999987 24
1750649007033 1.1485059999999976 25
1750649017131 1.1879199999999912 26
1750649027432 1.218293999999986 27
