1750648753638 15417.2 0
1750648763749 15602.3 1
1750648773870 15647.8 2
1750648783979 15770.6 3
1750648794044 15815.7 4
1750648804152 15905.1 5
1750648814247 16019.2 6
1750648824343 16115.0 7
1750648834417 16229.7 8
1750648844509 16326.7 9
1750648854615 16440.3 10
1750648864790 16804.6 11
1750648874881 16556.5 12
1750648884973 16623.4 13
1750648895079 16778.9 14
1750648905175 16807.1 15
1750648915279 16894.5 16
1750648925363 17017.6 17
1750648936253 17040.1 18
1750648946359 17128.0 19
1750648956461 17291.0 20
1750648966626 17325.0 21
1750648976709 17345.7 22
1750648986834 17355.6 23
1750648996950 17395.5 24
1750649007033 17397.0 25
1750649017131 17415.5 26
1750649027432 17431.9 27
