1750648753638 45.3 0
1750648763749 45.8 1
1750648773870 46.0 2
1750648783979 46.3 3
1750648794044 46.5 4
1750648804152 46.7 5
1750648814247 47.1 6
1750648824343 47.4 7
1750648834417 47.7 8
1750648844509 48.0 9
1750648854615 48.3 10
1750648864790 49.4 11
1750648874881 48.7 12
1750648884973 48.9 13
1750648895079 49.3 14
1750648905175 49.4 15
1750648915279 49.6 16
1750648925363 50.0 17
1750648936253 50.1 18
1750648946359 50.3 19
1750648956461 50.8 20
1750648966626 50.9 21
1750648976709 51.0 22
1750648986834 51.0 23
1750648996950 51.1 24
1750649007033 51.1 25
1750649017131 51.2 26
1750649027432 51.2 27
