1752242856583 6.000000007588824e-05 0
1752242867073 0.013983000000052925 1
1752242877304 0.04851900000005571 2
1752242887529 0.058474000000046544 3
1752242897745 0.06614300000001094 4
1752242907918 0.09187100000008286 5
1752242918111 0.13302600000008624 6
1752242928426 0.18444500000009612 7
1752242938580 0.28205800000000636 8
1752242948755 0.3129040000000032 9
1752242958897 0.3198730000000296 10
1752242969027 0.34970300000009047 11
1752242979288 0.3813470000000052 12
1752242989440 0.3853390000000445 13
1752242999667 0.46533099999999195 14
1752243009936 0.4926430000000437 15
