1752242856583 0.0 0
1752242867073 0.01155800000000795 1
1752242877304 0.09243500000000893 2
1752242887529 0.09871499999999855 3
1752242897745 0.10233300000000156 4
1752242907918 0.12632400000001098 5
1752242918111 0.16315600000000074 6
1752242928426 0.23199000000001035 7
1752242938580 0.3269780000000111 8
1752242948755 0.359170000000006 9
1752242958897 0.37615000000000975 10
1752242969027 0.39965100000000575 11
1752242979288 0.4329040000000077 12
1752242989440 0.43502300000000105 13
1752242999667 0.5142400000000009 14
1752243009936 0.5452450000000084 15
