1752350501229 763825.6 0
1752350511321 763824.0 1
1752350521472 763824.2 2
1752350531673 763823.5 3
1752350541863 763823.5 4
1752350551974 763823.5 5
1752350562116 763823.5 6
1752350572290 763823.5 7
1752350582491 763823.6 8
1752350592685 763823.5 9
1752350602795 763823.5 10
1752350612876 763823.5 11
1752350622949 763823.5 12
1752350633085 763823.5 13
1752350643257 763823.5 14
1752350653398 763823.6 15
1752350663536 763823.6 16
1752350673734 763823.5 17
1752350683824 763823.5 18
1752350693917 763823.5 19
1752350704005 763825.3 20
1752350714105 763825.2 21
