1752350501229 259568.0 0
1752350511321 259569.6 1
1752350521472 259569.4 2
1752350531673 259570.1 3
1752350541863 259570.1 4
1752350551974 259570.1 5
1752350562116 259570.1 6
1752350572290 259570.1 7
1752350582491 259570.0 8
1752350592685 259570.1 9
1752350602795 259570.1 10
1752350612876 259570.1 11
1752350622949 259570.1 12
1752350633085 259570.1 13
1752350643257 259570.1 14
1752350653398 259570.0 15
1752350663536 259570.0 16
1752350673734 259570.1 17
1752350683824 259570.1 18
1752350693917 259570.1 19
1752350704005 259568.3 20
1752350714105 259568.4 21
