1752350501229 0.0 0
1752350511321 0.006303000000002612 1
1752350521472 0.0581810000000047 2
1752350531673 0.14723600000000658 3
1752350541863 0.14920299999999997 4
1752350551974 0.16508300000000986 5
1752350562116 0.1681080000000037 6
1752350572290 0.17685000000000173 7
1752350582491 0.19864100000000917 8
1752350592685 0.2069190000000134 9
1752350602795 0.2143610000000109 10
1752350612876 0.23015600000000802 11
1752350622949 0.23797700000000077 12
1752350633085 0.2502150000000114 13
1752350643257 0.2563120000000083 14
1752350653398 0.27513300000001095 15
1752350663536 0.2774180000000115 16
1752350673734 0.2878000000000043 17
1752350683824 0.30836400000001163 18
1752350693917 0.3108410000000106 19
1752350704005 0.36439300000000685 20
1752350714105 0.39625200000000405 21
