1752350501229 0.0 0
1752350511321 0.023361000000001297 1
1752350521472 0.05094799999999822 2
1752350531673 0.09515499999999832 3
1752350541863 0.09677999999999543 4
1752350551974 0.11802799999999536 5
1752350562116 0.12071499999999702 6
1752350572290 0.13335699999999662 7
1752350582491 0.1445409999999967 8
1752350592685 0.15136700000000047 9
1752350602795 0.15536399999999873 10
1752350612876 0.16137299999999755 11
1752350622949 0.16904900000000112 12
1752350633085 0.1883189999999999 13
1752350643257 0.19738900000000115 14
1752350653398 0.2085129999999964 15
1752350663536 0.2088189999999983 16
1752350673734 0.21449399999999486 17
1752350683824 0.2255569999999949 18
1752350693917 0.22952000000000083 19
1752350704005 0.2444759999999988 20
1752350714105 0.2943220000000011 21
