1752350501229 14317.2 0
1752350511321 15200.8 1
1752350521472 15342.5 2
1752350531673 15485.1 3
1752350541863 15124.0 4
1752350551974 15124.7 5
1752350562116 15035.6 6
1752350572290 15003.2 7
1752350582491 14993.5 8
1752350592685 14980.0 9
1752350602795 14962.1 10
1752350612876 14883.6 11
1752350622949 14737.7 12
1752350633085 15355.4 13
1752350643257 15121.2 14
1752350653398 15121.6 15
1752350663536 15082.5 16
1752350673734 15077.0 17
1752350683824 15078.4 18
1752350693917 15002.8 19
1752350704005 15446.5 20
1752350714105 15032.1 21
