1752284058639 0.0 0
1752284068800 10.3 1
1752284078893 45.9 2
1752284088995 52.7 3
1752284099139 45.0 4
1752284109230 46.4 5
1752284119508 44.4 6
1752284129647 45.3 7
1752284139864 56.4 8
1752284149950 51.7 9
1752284160045 44.5 10
1752284170225 45.4 11
1752284180418 48.0 12
1752284190533 48.9 13
1752284200629 43.9 14
1752284210746 46.9 15
1752284220833 47.0 16
1752284230982 44.9 17
1752284241082 51.2 18
1752284251238 48.1 19
1752284261370 49.9 20
1752284271594 46.8 21
1752284281706 44.3 22
1752284291820 46.1 23
1752284301933 50.9 24
1752284312062 49.9 25
1752284322297 45.7 26
1752284332670 48.7 27
