1752284058639 762158.0 0
1752284068800 762157.1 1
1752284078893 762157.1 2
1752284088995 762164.6 3
1752284099139 762164.6 4
1752284109230 762164.6 5
1752284119508 762164.5 6
1752284129647 762164.5 7
1752284139864 762163.5 8
1752284149950 762166.9 9
1752284160045 762167.1 10
1752284170225 762167.1 11
1752284180418 762163.0 12
1752284190533 762162.6 13
1752284200629 762162.4 14
1752284210746 762162.3 15
1752284220833 762162.3 16
1752284230982 762162.3 17
1752284241082 762162.2 18
1752284251238 762160.6 19
1752284261370 762160.6 20
1752284271594 762160.5 21
1752284281706 762160.2 22
1752284291820 762160.1 23
1752284301933 762160.1 24
1752284312062 762160.1 25
1752284322297 762161.7 26
1752284332670 762161.2 27
