1752284058639 25.5 0
1752284068800 25.5 1
1752284078893 25.5 2
1752284088995 25.5 3
1752284099139 25.5 4
1752284109230 25.5 5
1752284119508 25.5 6
1752284129647 25.5 7
1752284139864 25.5 8
1752284149950 25.5 9
1752284160045 25.5 10
1752284170225 25.5 11
1752284180418 25.5 12
1752284190533 25.5 13
1752284200629 25.5 14
1752284210746 25.5 15
1752284220833 25.5 16
1752284230982 25.5 17
1752284241082 25.5 18
1752284251238 25.5 19
1752284261370 25.5 20
1752284271594 25.5 21
1752284281706 25.5 22
1752284291820 25.5 23
1752284301933 25.5 24
1752284312062 25.5 25
1752284322297 25.5 26
1752284332670 25.5 27
