1752284058639 261235.6 0
1752284068800 261236.5 1
1752284078893 261236.5 2
1752284088995 261229.0 3
1752284099139 261229.0 4
1752284109230 261229.1 5
1752284119508 261229.1 6
1752284129647 261229.1 7
1752284139864 261230.2 8
1752284149950 261226.7 9
1752284160045 261226.5 10
1752284170225 261226.5 11
1752284180418 261230.7 12
1752284190533 261231.0 13
1752284200629 261231.2 14
1752284210746 261231.3 15
1752284220833 261231.3 16
1752284230982 261231.3 17
1752284241082 261231.4 18
1752284251238 261233.0 19
1752284261370 261233.1 20
1752284271594 261233.1 21
1752284281706 261233.4 22
1752284291820 261233.5 23
1752284301933 261233.5 24
1752284312062 261233.5 25
1752284322297 261231.9 26
1752284332670 261232.4 27
