1752284058639 0.002428999999892767 0
1752284068800 0.0454059999999572 1
1752284078893 0.07857300000000578 2
1752284088995 0.4079949999998007 3
1752284099139 0.4364779999998518 4
1752284109230 0.4548989999998412 5
1752284119508 0.6005519999998796 6
1752284129647 0.6158529999997882 7
1752284139864 0.912599999999884 8
1752284149950 1.1182669999998325 9
1752284160045 1.1627079999998386 10
1752284170225 1.2299059999998008 11
1752284180418 1.2964269999999942 12
1752284190533 1.3573979999998755 13
1752284200629 1.3872910000000047 14
1752284210746 1.4035299999998188 15
1752284220833 1.4457459999998719 16
1752284230982 1.4939179999998942 17
1752284241082 1.6899539999999433 18
1752284251238 1.825399999999945 19
1752284261370 1.8423139999999876 20
1752284271594 1.909631999999874 21
1752284281706 1.9862909999999374 22
1752284291820 2.0129579999997986 23
1752284301933 2.0191929999998592 24
1752284312062 2.059714999999869 25
1752284322297 2.1105619999998453 26
1752284332670 2.1422889999998915 27
