1752284058639 0.0003600000000005821 0
1752284068800 0.1652639999999792 1
1752284078893 0.1929670000000101 2
1752284088995 0.41508800000002566 3
1752284099139 0.4461299999999824 4
1752284109230 0.46191399999997884 5
1752284119508 0.5732390000000009 6
1752284129647 0.5845279999999775 7
1752284139864 0.6938900000000103 8
1752284149950 0.836230999999998 9
1752284160045 0.8681040000000166 10
1752284170225 0.9154629999999884 11
1752284180418 0.9653799999999819 12
1752284190533 1.0220560000000205 13
1752284200629 1.0466410000000224 14
1752284210746 1.0640730000000076 15
1752284220833 1.0990570000000162 16
1752284230982 1.1780449999999973 17
1752284241082 1.277975999999967 18
1752284251238 1.8754720000000589 19
1752284261370 1.889729999999986 20
1752284271594 2.322811999999999 21
1752284281706 2.3868420000000015 22
1752284291820 2.4208489999999756 23
1752284301933 2.432044000000019 24
1752284312062 2.7624620000000277 25
1752284322297 3.044481000000019 26
1752284332670 3.2060770000000502 27
