1752284058639 18592.5 0
1752284068800 19095.5 1
1752284078893 19110.2 2
1752284088995 19349.5 3
1752284099139 18680.3 4
1752284109230 18910.3 5
1752284119508 19030.2 6
1752284129647 18908.1 7
1752284139864 19312.0 8
1752284149950 19267.2 9
1752284160045 19487.0 10
1752284170225 19382.1 11
1752284180418 19036.9 12
1752284190533 19227.7 13
1752284200629 19570.7 14
1752284210746 19220.8 15
1752284220833 19183.4 16
1752284230982 19627.4 17
1752284241082 19331.0 18
1752284251238 19303.4 19
1752284261370 19359.8 20
1752284271594 19237.7 21
1752284281706 19289.6 22
1752284291820 19639.5 23
1752284301933 18765.3 24
1752284312062 19004.5 25
1752284322297 18865.0 26
1752284332670 18915.6 27
