1752284058639 54.6 0
1752284068800 56.1 1
1752284078893 56.2 2
1752284088995 56.9 3
1752284099139 54.9 4
1752284109230 55.6 5
1752284119508 55.9 6
1752284129647 55.6 7
1752284139864 56.8 8
1752284149950 56.6 9
1752284160045 57.3 10
1752284170225 57.0 11
1752284180418 55.9 12
1752284190533 56.5 13
1752284200629 57.5 14
1752284210746 56.5 15
1752284220833 56.4 16
1752284230982 57.7 17
1752284241082 56.8 18
1752284251238 56.7 19
1752284261370 56.9 20
1752284271594 56.5 21
1752284281706 56.7 22
1752284291820 57.7 23
1752284301933 55.1 24
1752284312062 55.8 25
1752284322297 55.4 26
1752284332670 55.6 27
