1750083445403 0.028124048890117857 0
1750083470975 0.024028752749709406 1
1750083478613 0.008642145570582245 2
1750083486075 0.012170863666820124 3
1750083500180 0.027423744552813958 4
1750083507779 0.008579882482435262 5
1750083517257 0.007382586454840068 6
1750083543712 0.019578499664422683 7
1750083550700 0.005525540534602991 8
1750083556719 0.004702291837302878 9
1750083563153 0.004967046248876453 10
1750083589769 2.4108598149378357 11
1750083598146 0.005866825266132166 12
1750083605535 0.005478491365950859 13
1750083612571 0.005154578081171471 14
1750083618459 0.0036965545068095747 15
1750083624916 0.0032845105603841727 16
1750083631090 0.0030071824499172794 17
1750083636914 0.0035034625700566422 18
1750083643032 0.003680212447281412 19
1750083649860 0.0035972106053288205 20
1750083656765 0.003092193229205402 21
1750083662721 0.0030047478445496185 22
1750083669640 0.0027214633270371998 23
1750083675875 0.0035019096428177414 24
1750083681216 0.004354865426793878 25
1750083688121 0.0036018814957867627 26
1750083694990 0.0035188451686714597 27
1750083701746 0.004034756632781678 28
1750083708740 0.0038341390307072894 29
1750083715764 0.0036991500065440405 30
1750083722316 0.004261241247481083 31
1750083729185 0.005183343809297105 32
1750083735281 0.00428695121003921 33
1750083741585 0.004232112389212626 34
1750083747927 0.004182606685834706 35
1750083755177 0.004735326137706258 36
1750083762865 0.003729508420652551 37
1750083769247 0.004177231948867335 38
1750083775709 0.0032364272234790712 39
1750083783276 0.004021895685345369 40
1750083790149 0.004782777673183044 41
1750083795946 0.0034438784772212443 42
1750083802456 0.0032272795853512362 43
1750083808580 0.0034190597587634604 44
1750083815276 0.003767758160616471 45
1750083821505 0.0038893446979799203 46
1750083828057 0.003946978067187733 47
1750083835094 0.00389633530840312 48
1750083841503 0.004160031841307222 49
1750083848174 0.004544578355813552 50
1750083854745 0.0058114044624492335 51
1750083862004 0.004137610410807168 52
1750083868012 0.004824994936792624 53
1750083875153 0.0073206965942596205 54
1750083882928 0.006759466770419676 55
1750083889966 0.004587401302898945 56
1750083896818 0.00524183294918004 57
1750083903625 0.006710231984212866 58
1750083910076 0.0058718374521703354 59
1750083916409 0.0070777190728367675 60
1750083922354 0.010175822287527607 61
1750083937115 16.325781800469766 62
1750083945259 1513.1127715023515 63
1750083949774 1333.017261017445 64
1750083960588 0.008901548336698633 65
1750083971090 0.015418180679618941 66
1750083975945 0.009280447634769293 67
1750083983316 0.0036200477770914397 68
1750083988196 0.012727097379649015 69
1750084126357 0.014489391921653078 0
1750084133390 0.022266658538979692 0
