1751050066775 0.0 0
1751050076880 7.3 1
1751050086976 9.3 2
1751050097066 12.1 3
1751050107168 33.4 4
1751050117265 9.0 5
1751050127363 8.2 6
1751050137475 14.2 7
1751050147600 8.6 8
1751050157689 9.7 9
1751050167829 6.1 10
1751050177915 5.5 11
1751050188015 5.3 12
1751050198114 7.3 13
1751050208233 8.8 14
1751050218315 6.1 15
1751050228416 6.0 16
1751050238559 4.7 17
1751050248808 45.8 18
1751050259091 20.5 19
1751050269408 5.9 20
1751050279800 9.9 21
1751050290172 11.6 22
1751050300613 19.1 23
1751050310870 18.1 24
1751050321037 15.0 25
1751050331186 5.7 26
1751050341338 4.7 27
1751050351507 5.1 28
1751050361667 6.0 29
1751050371834 4.1 30
1751050382000 6.7 31
1751050392151 10.2 32
1751050402261 10.5 33
1751050412410 13.1 34
1751050422531 12.4 35
1751050432663 11.5 36
1751050442814 8.0 37
1751050453013 9.1 38
1751050463179 8.8 39
1751050473361 9.9 40
1751050483527 10.0 41
1751050493728 12.3 42
1751050503909 10.5 43
1751050514047 7.3 44
1751050524193 10.1 45
1751050534352 25.7 46
1751050544457 17.2 47
1751050554558 10.8 48
1751050564670 14.5 49
1751050574781 11.4 50
1751050584871 14.8 51
1751050594981 13.7 52
1751050605081 10.6 53
