1751050066775 25.5 0
1751050076880 25.5 1
1751050086976 25.5 2
1751050097066 25.5 3
1751050107168 25.5 4
1751050117265 25.5 5
1751050127363 25.5 6
1751050137475 25.5 7
1751050147600 25.5 8
1751050157689 25.5 9
1751050167829 25.5 10
1751050177915 25.5 11
1751050188015 25.5 12
1751050198114 25.5 13
1751050208233 25.5 14
1751050218315 25.5 15
1751050228416 25.5 16
1751050238559 25.5 17
1751050248808 25.5 18
1751050259091 25.5 19
1751050269408 25.5 20
1751050279800 25.5 21
1751050290172 25.5 22
1751050300613 25.5 23
1751050310870 25.5 24
1751050321037 25.5 25
1751050331186 25.5 26
1751050341338 25.5 27
1751050351507 25.5 28
1751050361667 25.5 29
1751050371834 25.5 30
1751050382000 25.5 31
1751050392151 25.5 32
1751050402261 25.5 33
1751050412410 25.5 34
1751050422531 25.5 35
1751050432663 25.5 36
1751050442814 25.5 37
1751050453013 25.5 38
1751050463179 25.5 39
1751050473361 25.5 40
1751050483527 25.5 41
1751050493728 25.5 42
1751050503909 25.5 43
1751050514047 25.5 44
1751050524193 25.5 45
1751050534352 25.5 46
1751050544457 25.5 47
1751050554558 25.5 48
1751050564670 25.5 49
1751050574781 25.5 50
1751050584871 25.5 51
1751050594981 25.5 52
1751050605081 25.5 53
