1751050066775 260901.1 0
1751050076880 260901.2 1
1751050086976 260901.2 2
1751050097066 260901.3 3
1751050107168 260901.4 4
1751050117265 260901.4 5
1751050127363 260901.4 6
1751050137475 260901.5 7
1751050147600 260901.6 8
1751050157689 260901.6 9
1751050167829 260902.1 10
1751050177915 260902.1 11
1751050188015 260902.0 12
1751050198114 260902.2 13
1751050208233 260902.2 14
1751050218315 260902.2 15
1751050228416 260902.1 16
1751050238559 260902.1 17
1751050248808 260902.3 18
1751050259091 260900.7 19
1751050269408 260900.7 20
1751050279800 260901.4 21
1751050290172 260901.5 22
1751050300613 260901.6 23
1751050310870 260901.6 24
1751050321037 260901.6 25
1751050331186 260901.6 26
1751050341338 260901.6 27
1751050351507 260901.6 28
1751050361667 260901.6 29
1751050371834 260901.6 30
1751050382000 260901.6 31
1751050392151 260901.6 32
1751050402261 260901.7 33
1751050412410 260901.7 34
1751050422531 260901.8 35
1751050432663 260902.1 36
1751050442814 260902.1 37
1751050453013 260902.3 38
1751050463179 260902.3 39
1751050473361 260902.3 40
1751050483527 260902.3 41
1751050493728 260902.3 42
1751050503909 260902.3 43
1751050514047 260902.3 44
1751050524193 260902.4 45
1751050534352 260902.7 46
1751050544457 260903.7 47
1751050554558 260903.8 48
1751050564670 260903.8 49
1751050574781 260904.0 50
1751050584871 260904.0 51
1751050594981 260904.2 52
1751050605081 260904.3 53
