1751050066775 762492.5 0
1751050076880 762492.4 1
1751050086976 762492.4 2
1751050097066 762492.3 3
1751050107168 762492.2 4
1751050117265 762492.2 5
1751050127363 762492.2 6
1751050137475 762492.1 7
1751050147600 762492.0 8
1751050157689 762492.0 9
1751050167829 762491.5 10
1751050177915 762491.5 11
1751050188015 762491.6 12
1751050198114 762491.5 13
1751050208233 762491.4 14
1751050218315 762491.4 15
1751050228416 762491.5 16
1751050238559 762491.5 17
1751050248808 762491.3 18
1751050259091 762492.9 19
1751050269408 762492.9 20
1751050279800 762492.2 21
1751050290172 762492.1 22
1751050300613 762492.0 23
1751050310870 762492.0 24
1751050321037 762492.0 25
1751050331186 762492.0 26
1751050341338 762492.0 27
1751050351507 762492.0 28
1751050361667 762492.0 29
1751050371834 762492.0 30
1751050382000 762492.0 31
1751050392151 762492.0 32
1751050402261 762492.0 33
1751050412410 762492.0 34
1751050422531 762491.8 35
1751050432663 762491.6 36
1751050442814 762491.5 37
1751050453013 762491.3 38
1751050463179 762491.3 39
1751050473361 762491.3 40
1751050483527 762491.3 41
1751050493728 762491.3 42
1751050503909 762491.3 43
1751050514047 762491.3 44
1751050524193 762491.3 45
1751050534352 762490.9 46
1751050544457 762489.9 47
1751050554558 762489.9 48
1751050564670 762489.9 49
1751050574781 762489.6 50
1751050584871 762489.6 51
1751050594981 762489.4 52
1751050605081 762489.4 53
