1751050066775 6.699999999959516e-05 0
1751050076880 0.013334999999999653 1
1751050086976 0.06740600000000008 2
1751050097066 0.10518800000000006 3
1751050107168 0.24259300000000028 4
1751050117265 0.25510699999999975 5
1751050127363 0.2917810000000003 6
1751050137475 0.2952779999999997 7
1751050147600 0.36103099999999966 8
1751050157689 0.4033939999999996 9
1751050167829 0.4315899999999999 10
1751050177915 0.43640599999999985 11
1751050188015 0.45880399999999977 12
1751050198114 0.479997 13
1751050208233 0.5596259999999997 14
1751050218315 0.5672749999999995 15
1751050228416 0.5961660000000002 16
1751050238559 0.6031779999999998 17
1751050248808 0.6899499999999996 18
1751050259091 0.7447850000000003 19
1751050269408 0.8000669999999994 20
1751050279800 0.8270460000000002 21
1751050290172 0.8628939999999998 22
1751050300613 0.8909229999999999 23
1751050310870 0.9105169999999996 24
1751050321037 0.9423620000000001 25
1751050331186 1.0233739999999996 26
1751050341338 1.0733299999999995 27
1751050351507 1.1155080000000002 28
1751050361667 1.128025 29
1751050371834 1.1344149999999997 30
1751050382000 1.1587509999999996 31
1751050392151 1.2519679999999997 32
1751050402261 1.3237800000000002 33
1751050412410 1.3475649999999995 34
1751050422531 1.351801 35
1751050432663 1.357881 36
1751050442814 1.3880629999999998 37
1751050453013 1.4172339999999997 38
1751050463179 1.4308649999999998 39
1751050473361 1.4479549999999994 40
1751050483527 1.460109 41
1751050493728 1.4683669999999998 42
1751050503909 1.531435 43
1751050514047 1.5542509999999998 44
1751050524193 1.565861 45
1751050534352 1.751004 46
1751050544457 1.8071709999999994 47
1751050554558 1.8119949999999996 48
1751050564670 1.8506419999999997 49
1751050574781 1.8814609999999998 50
1751050584871 1.95331 51
1751050594981 1.9909309999999998 52
1751050605081 2.025207 53
