1751050066775 7.100000000015427e-05 0
1751050076880 0.019116000000000355 1
1751050086976 0.07253500000000024 2
1751050097066 0.12195200000000028 3
1751050107168 0.2289759999999994 4
1751050117265 0.24339900000000014 5
1751050127363 0.29202300000000037 6
1751050137475 0.29664299999999955 7
1751050147600 0.37020000000000053 8
1751050157689 0.4268420000000006 9
1751050167829 0.4603199999999994 10
1751050177915 0.46610500000000066 11
1751050188015 0.4862389999999994 12
1751050198114 0.5093829999999997 13
1751050208233 0.5821349999999992 14
1751050218315 0.6010259999999992 15
1751050228416 0.6409939999999992 16
1751050238559 0.6481659999999998 17
1751050248808 0.6858009999999997 18
1751050259091 0.7375019999999992 19
1751050269408 0.7907039999999999 20
1751050279800 0.8329280000000008 21
1751050290172 0.8736709999999999 22
1751050300613 0.9252409999999998 23
1751050310870 0.9679590000000005 24
1751050321037 0.9986320000000006 25
1751050331186 1.0627580000000005 26
1751050341338 1.1084099999999992 27
1751050351507 1.1466829999999995 28
1751050361667 1.1771650000000005 29
1751050371834 1.1869800000000001 30
1751050382000 1.2129980000000007 31
1751050392151 1.2805149999999994 32
1751050402261 1.3209199999999992 33
1751050412410 1.3432589999999998 34
1751050422531 1.3482839999999996 35
1751050432663 1.3568800000000003 36
1751050442814 1.3797560000000004 37
1751050453013 1.4049379999999996 38
1751050463179 1.4249069999999993 39
1751050473361 1.4418299999999995 40
1751050483527 1.4532000000000007 41
1751050493728 1.4653500000000008 42
1751050503909 1.5230440000000005 43
1751050514047 1.5532839999999997 44
1751050524193 1.5726560000000003 45
1751050534352 1.6797249999999995 46
1751050544457 1.7291950000000007 47
1751050554558 1.7497670000000003 48
1751050564670 1.7800510000000003 49
1751050574781 1.8246749999999992 50
1751050584871 1.8868489999999998 51
1751050594981 1.9395000000000007 52
1751050605081 1.9896440000000002 53
