1751050066775 28189.4 0
1751050076880 28204.3 1
1751050086976 28372.8 2
1751050097066 28496.0 3
1751050107168 28655.9 4
1751050117265 28502.9 5
1751050127363 28456.0 6
1751050137475 27958.4 7
1751050147600 28034.8 8
1751050157689 27942.8 9
1751050167829 27886.1 10
1751050177915 27884.0 11
1751050188015 27898.0 12
1751050198114 28070.2 13
1751050208233 28084.9 14
1751050218315 27847.6 15
1751050228416 27817.6 16
1751050238559 27806.1 17
1751050248808 28489.8 18
1751050259091 27813.0 19
1751050269408 27762.6 20
1751050279800 27719.6 21
1751050290172 27602.4 22
1751050300613 27713.2 23
1751050310870 27646.0 24
1751050321037 27620.1 25
1751050331186 27629.5 26
1751050341338 27612.7 27
1751050351507 27599.5 28
1751050361667 27552.7 29
1751050371834 27549.9 30
1751050382000 27541.8 31
1751050392151 27558.4 32
1751050402261 27556.3 33
1751050412410 27712.8 34
1751050422531 27549.7 35
1751050432663 27554.9 36
1751050442814 27603.1 37
1751050453013 27607.8 38
1751050463179 27598.7 39
1751050473361 27596.8 40
1751050483527 27593.2 41
1751050493728 27117.2 42
1751050503909 27142.8 43
1751050514047 27137.7 44
1751050524193 27122.7 45
1751050534352 29409.0 46
1751050544457 29504.5 47
1751050554558 29464.0 48
1751050564670 29407.8 49
1751050574781 28914.8 50
1751050584871 28997.1 51
1751050594981 28866.0 52
1751050605081 28777.3 53
