1751050066775 82.8 0
1751050076880 82.9 1
1751050086976 83.4 2
1751050097066 83.7 3
1751050107168 84.2 4
1751050117265 83.8 5
1751050127363 83.6 6
1751050137475 82.2 7
1751050147600 82.4 8
1751050157689 82.1 9
1751050167829 81.9 10
1751050177915 81.9 11
1751050188015 82.0 12
1751050198114 82.5 13
1751050208233 82.5 14
1751050218315 81.8 15
1751050228416 81.7 16
1751050238559 81.7 17
1751050248808 83.7 18
1751050259091 81.7 19
1751050269408 81.6 20
1751050279800 81.5 21
1751050290172 81.1 22
1751050300613 81.4 23
1751050310870 81.2 24
1751050321037 81.2 25
1751050331186 81.2 26
1751050341338 81.1 27
1751050351507 81.1 28
1751050361667 81.0 29
1751050371834 81.0 30
1751050382000 80.9 31
1751050392151 81.0 32
1751050402261 81.0 33
1751050412410 81.4 34
1751050422531 81.0 35
1751050432663 81.0 36
1751050442814 81.1 37
1751050453013 81.1 38
1751050463179 81.1 39
1751050473361 81.1 40
1751050483527 81.1 41
1751050493728 79.7 42
1751050503909 79.8 43
1751050514047 79.7 44
1751050524193 79.7 45
1751050534352 86.4 46
1751050544457 86.7 47
1751050554558 86.6 48
1751050564670 86.4 49
1751050574781 85.0 50
1751050584871 85.2 51
1751050594981 84.8 52
1751050605081 84.6 53
