1752011703250 0.0054500826739364554 0
1752011707638 0.005741379735821799 1
1752011711608 0.0036569216240999953 2
1752011716141 0.0031116854794741257 3
1752011720612 0.0033715042249616136 4
1752011725356 0.004932079318803703 5
1752011730126 0.004614532463288853 6
1752011735072 0.004680688173273027 7
1752011739821 0.002912878209300176 8
1752011744086 0.002735053565605456 9
1752011749562 0.0020943173959841284 10
1752011754885 0.002267762653646005 11
1752011760292 0.0026410964287464323 12
1752011764955 0.002856246556188469 13
1752011771231 0.003133367059955848 14
1752011776402 0.0017618087307544618 15
1752011802557 2.44123090185487 16
1752011807822 0.001916577751638736 17
1752011812843 0.0031196625182846665 18
1752011818712 0.0035058020679977157 19
1752011823907 0.0028060851429255384 20
1752011829230 0.002445169882484056 21
1752011834826 0.0034600846726422535 22
1752011839899 0.003546246653846726 23
1752011846235 0.0028521318511320814 24
1752011852750 0.003427268940207249 25
1752011858440 0.0031923341812018753 26
1752011864002 0.003671996399754282 27
1752011869936 0.0038417666390848397 28
1752011874906 0.0027833969713067373 29
1752011880970 0.0027347202288614185 30
1752011885415 0.003553877277156642 31
1752011891204 0.0027390833700977335 32
1752011896503 0.002866774220091355 33
1752011901412 0.003941240414759184 34
1752011906649 0.0025410377410503802 35
1752011911090 0.002605331094300741 36
1752011915960 0.0024594514286469635 37
1752011921643 0.003233397923226208 38
1752011927314 0.0029980658727055175 39
1752011932159 0.003773292207104037 40
1752011936582 0.0034314656656060216 41
1752011942252 0.0025451779144106245 42
1752011947556 0.003335132210040957 43
1752011952449 0.005160954860680447 44
1752011957313 0.003955456693555562 45
1752011962808 0.0033178550806288853 46
1752011967365 0.005318707368097975 47
1752011971904 0.005066289182226234 48
1752011976664 0.004324003087377941 49
1752011981257 0.002960279867224383 50
1752011985435 0.003963995987565823 51
1752012006607 24.3715020951168 52
1752012011181 0.004518801845621463 53
