1752697376884 0.0 0
1752697387066 8.8 1
1752697397288 20.7 2
1752697407472 28.9 3
1752697417676 27.8 4
1752697427855 26.1 5
1752697438136 27.5 6
1752697448371 29.5 7
1752697458715 26.9 8
1752697469101 28.2 9
1752697479289 32.9 10
1752697489443 30.8 11
1752697499725 30.0 12
1752697510036 29.2 13
1752697520320 27.7 14
1752697530593 27.9 15
1752697540728 29.4 16
1752697550886 28.9 17
1752697561150 28.3 18
1752697571340 29.6 19
1752697581617 29.9 20
1752697591759 29.1 21
1752697601926 29.5 22
1752697612166 28.9 23
1752697622333 32.3 24
1752697632601 28.0 25
1752697642866 30.1 26
1752697653160 27.7 27
1752697663310 28.8 28
1752697673468 30.5 29
1752697683676 26.9 30
1752697693838 29.7 31
1752697704038 29.0 32
1752697714288 28.3 33
1752697724545 29.4 34
1752697734874 27.7 35
1752697745151 28.5 36
1752697755318 29.5 37
1752697765644 28.4 38
1752697775909 29.0 39
1752697786056 27.5 40
1752697796321 30.0 41
1752697806584 28.4 42
1752697816750 29.1 43
1752697826984 28.0 44
1752697837328 28.3 45
1752697847582 27.9 46
1752697857929 28.7 47
1752697868275 28.1 48
1752697878531 27.7 49
1752697888676 29.0 50
1752697898856 27.4 51
1752697908985 29.6 52
1752697919353 28.0 53
1752697929626 29.8 54
1752697939779 28.6 55
1752697950082 28.3 56
1752697960262 29.1 57
1752697970431 28.4 58
1752697980771 30.0 59
1752697990963 27.6 60
1752698001108 30.2 61
1752698011273 29.2 62
1752698021511 28.0 63
1752698031856 29.2 64
1752698042211 27.6 65
1752698052438 28.4 66
1752698062658 29.7 67
1752698073002 30.1 68
1752698083139 30.8 69
1752698093338 29.4 70
1752698103518 28.5 71
1752698113794 28.8 72
1752698124098 28.9 73
1752698134275 29.7 74
1752698144553 27.3 75
1752698154641 29.9 76
1752698164743 20.6 77
1752698174884 14.3 78
1752698185048 29.6 79
1752698195307 27.4 80
1752698205555 29.0 81
1752698215734 28.4 82
1752698225952 27.6 83
1752698236119 28.4 84
1752698247648 29.4 85
1752698257875 24.3 86
1752698268049 11.5 87
1752698278371 27.4 88
1752698288635 29.9 89
1752698298855 28.3 90
1752698309017 28.7 91
1752698319366 28.4 92
1752698329661 28.3 93
1752698339967 29.3 94
1752698350390 29.7 95
1752698360577 29.1 96
1752698370915 28.1 97
1752698381304 29.4 98
1752698391585 30.6 99
1752698401739 30.1 100
1752698412022 27.2 101
1752698422375 30.2 102
1752698432561 28.0 103
1752698442909 28.8 104
1752698453271 29.4 105
1752698463529 29.2 106
1752698473652 28.0 107
1752698483813 29.1 108
1752698494156 28.1 109
1752698504454 28.2 110
1752698514597 29.0 111
1752698524738 29.0 112
1752698535000 28.0 113
1752698545147 30.1 114
1752698555365 28.9 115
1752698565564 27.6 116
1752698575772 29.8 117
1752698586111 28.4 118
1752698596429 30.0 119
1752698606620 26.9 120
1752698616765 28.9 121
1752698626951 28.7 122
1752698637140 28.7 123
1752698647426 28.0 124
1752698657720 29.2 125
1752698668077 28.0 126
1752698678323 31.3 127
1752698688490 29.9 128
1752698698691 29.5 129
1752698708998 30.1 130
1752698719273 28.4 131
1752698729498 29.2 132
1752698739638 28.5 133
1752698749910 27.2 134
1752698760111 29.0 135
1752698770230 28.9 136
1752698780408 28.0 137
1752698790562 30.1 138
1752698800871 28.6 139
1752698811185 29.4 140
1752698821475 28.3 141
1752698831804 27.8 142
1752698842085 29.8 143
1752698852256 27.5 144
1752698862399 30.2 145
1752698872692 28.5 146
1752698882915 29.5 147
1752698893186 28.6 148
1752698903389 29.2 149
1752698913555 29.8 150
1752698923841 26.5 151
1752698934085 28.7 152
1752698944308 28.5 153
1752698954626 27.8 154
1752698964802 29.8 155
1752698975184 27.4 156
1752698985416 28.8 157
1752698995555 30.5 158
1752699005910 27.7 159
1752699016181 29.8 160
1752699026474 28.5 161
1752699036794 29.7 162
1752699047128 28.2 163
1752699057376 29.1 164
1752699067521 27.9 165
1752699077662 27.2 166
1752699087977 29.9 167
1752699098150 27.7 168
1752699108516 29.7 169
1752699118659 29.6 170
1752699128867 27.3 171
1752699139049 30.0 172
1752699149237 28.9 173
1752699159383 28.4 174
1752699169654 12.4 175
1752699179815 26.5 176
1752699189983 27.8 177
1752699200173 28.0 178
1752699210429 29.4 179
1752699220612 28.0 180
1752699230820 29.1 181
1752699241234 28.4 182
1752699251492 28.5 183
1752699261777 28.1 184
1752699271958 31.2 185
1752699282131 32.1 186
1752699292323 31.8 187
1752699302714 31.4 188
1752699312931 30.8 189
1752699323180 28.4 190
1752699333375 28.5 191
1752699343622 34.3 192
1752699353835 31.1 193
1752699364014 28.4 194
1752699374260 27.8 195
1752699384406 33.7 196
1752699394626 29.6 197
1752699404782 33.0 198
1752699414953 29.6 199
1752699425106 29.7 200
1752699435278 29.8 201
1752699445431 28.5 202
1752699455595 28.7 203
1752699465905 29.7 204
1752699476165 30.3 205
1752699486346 30.1 206
1752699496655 28.0 207
1752699506823 28.7 208
1752699516970 28.4 209
1752699527239 27.7 210
1752699537380 29.3 211
1752699547561 28.2 212
1752699557917 28.1 213
1752699568091 28.3 214
1752699578428 28.5 215
1752699588662 30.1 216
1752699598807 29.0 217
1752699608961 28.8 218
1752699619181 30.8 219
1752699629479 29.2 220
1752699639748 28.5 221
1752699650010 28.6 222
1752699660241 27.8 223
1752699670485 28.5 224
1752699680657 28.3 225
1752699690839 27.2 226
1752699701068 30.2 227
1752699711421 29.2 228
1752699721788 28.0 229
1752699731963 29.0 230
1752699742112 28.4 231
1752699752264 28.3 232
1752699762535 28.8 233
1752699772732 29.1 234
1752699782871 28.1 235
1752699793102 28.1 236
1752699803248 30.6 237
1752699813518 28.5 238
1752699823829 28.9 239
1752699833965 29.6 240
1752699844296 26.8 241
1752699854543 31.2 242
1752699864703 28.6 243
1752699874919 31.9 244
1752699885055 29.2 245
1752699895225 31.3 246
1752699905510 27.2 247
1752699916475 28.4 248
1752699926605 24.5 249
1752699936758 10.9 250
1752699947092 27.7 251
1752699957399 28.8 252
1752699967700 28.5 253
1752699978016 28.5 254
1752699988178 30.3 255
1752699998464 27.2 256
1752700008616 28.9 257
1752700018758 28.7 258
1752700029069 29.0 259
1752700039366 28.7 260
1752700049507 29.2 261
1752700059791 28.6 262
1752700070002 28.7 263
1752700080201 28.0 264
1752700090480 28.8 265
1752700100771 28.3 266
1752700110968 28.5 267
1752700121358 30.1 268
1752700131511 29.0 269
1752700141655 28.4 270
1752700151870 27.1 271
1752700162122 29.7 272
1752700172454 28.1 273
1752700182953 29.0 274
1752700193142 29.8 275
1752700203499 28.5 276
1752700213728 28.1 277
1752700224016 28.8 278
1752700234303 30.0 279
1752700244563 28.5 280
1752700254707 30.0 281
1752700264981 28.8 282
1752700275127 27.9 283
1752700285471 28.9 284
1752700295808 27.2 285
1752700305984 30.3 286
1752700316190 27.2 287
1752700326508 29.0 288
1752700336697 30.5 289
1752700347041 28.0 290
1752700357414 28.4 291
1752700367590 30.1 292
1752700377767 28.1 293
1752700387923 28.1 294
1752700398082 28.6 295
1752700408331 28.7 296
1752700418815 28.8 297
1752700429113 28.2 298
1752700439451 27.0 299
1752700449768 29.3 300
1752700460066 27.7 301
1752700470268 28.6 302
1752700480498 31.9 303
1752700490705 28.7 304
1752700500877 29.9 305
1752700511050 28.3 306
1752700521367 28.0 307
1752700531506 29.0 308
1752700541817 28.2 309
1752700552043 29.3 310
1752700562476 27.3 311
1752700572704 29.7 312
1752700583002 28.7 313
1752700593187 29.8 314
1752700603488 27.8 315
1752700613712 29.2 316
1752700623893 28.6 317
1752700634039 27.2 318
1752700644191 30.0 319
1752700654424 29.4 320
1752700664722 27.5 321
1752700675003 28.6 322
1752700685190 27.7 323
1752700695370 13.0 324
1752700705680 22.1 325
1752700715915 28.5 326
1752700726203 28.9 327
1752700736369 28.3 328
1752700746547 30.0 329
1752700756819 27.7 330
1752700766999 29.3 331
1752700777402 27.5 332
1752700787580 28.7 333
1752700797772 30.5 334
1752700807944 27.3 335
1752700818221 28.6 336
1752700828380 29.7 337
1752700838710 29.3 338
1752700849059 29.5 339
1752700859231 27.0 340
1752700869550 29.2 341
1752700879806 27.3 342
1752700889992 29.9 343
1752700900389 28.0 344
1752700910724 29.6 345
1752700920955 28.9 346
1752700931201 27.9 347
1752700941406 29.9 348
1752700951638 30.3 349
1752700961986 27.8 350
1752700972358 28.4 351
1752700982592 29.2 352
1752700992740 27.7 353
1752701002897 29.0 354
1752701013297 28.5 355
1752701023489 28.5 356
1752701033666 29.7 357
1752701043956 27.5 358
1752701054278 29.3 359
1752701064585 28.0 360
1752701074993 31.2 361
1752701085137 30.9 362
1752701095272 30.8 363
1752701105464 28.4 364
1752701115638 27.4 365
1752701125796 29.6 366
1752701135953 27.3 367
1752701146336 28.9 368
1752701156516 29.4 369
1752701166797 28.2 370
1752701177150 29.4 371
1752701187320 30.4 372
1752701197516 27.1 373
1752701207671 30.0 374
1752701217820 28.3 375
1752701228006 29.2 376
1752701238159 29.2 377
1752701248320 29.2 378
1752701258487 28.8 379
1752701268684 28.3 380
1752701279037 28.6 381
1752701289267 29.3 382
1752701299418 28.9 383
1752701309780 30.1 384
1752701320146 28.1 385
1752701330628 29.1 386
1752701340878 28.8 387
1752701351171 27.9 388
1752701361343 29.5 389
1752701371705 27.4 390
1752701381919 29.9 391
1752701392072 28.4 392
1752701402487 29.5 393
1752701412655 30.3 394
1752701422897 27.9 395
1752701433198 28.9 396
1752701443357 30.4 397
1752701453493 28.4 398
1752701463778 7.7 399
1752701474046 28.5 400
1752701484263 30.1 401
1752701494426 27.2 402
1752701504633 29.0 403
1752701514825 57.2 404
1752701525120 31.0 405
1752701535339 48.5 406
1752701545428 51.9 407
1752701555536 44.5 408
1752701565643 44.9 409
1752701575742 44.6 410
1752701585843 44.0 411
1752701595981 44.7 412
1752701606083 45.1 413
1752701616174 44.2 414
1752701626266 43.8 415
1752701636395 44.8 416
1752701646560 44.6 417
1752701656804 45.5 418
1752701666922 45.1 419
1752701677087 46.5 420
1752701687215 45.8 421
1752701697384 45.2 422
1752701707488 43.8 423
1752701717733 36.3 424
1752701728039 36.2 425
1752701738214 50.1 426
1752701748322 49.5 427
1752701758423 44.9 428
1752701768570 45.0 429
1752701778760 45.0 430
1752701788928 44.3 431
1752701799049 44.9 432
1752701809208 45.9 433
1752701819353 43.9 434
1752701829505 43.1 435
1752701839669 44.6 436
1752701849850 45.1 437
1752701859942 44.3 438
1752701870047 43.1 439
1752701880214 44.0 440
1752701890314 44.3 441
1752701900454 43.4 442
1752701910594 48.9 443
1752701920805 46.9 444
1752701930917 44.1 445
1752701941021 44.3 446
1752701951128 43.4 447
1752701961229 44.7 448
1752701971327 43.9 449
1752701981469 44.6 450
1752701991693 43.4 451
1752702001866 45.4 452
1752702011975 43.7 453
1752702022077 44.0 454
1752702032196 45.5 455
1752702042286 44.2 456
1752702052374 43.0 457
