1752697376884 261634.4 0
1752697387066 261635.2 1
1752697397288 261635.3 2
1752697407472 261635.3 3
1752697417676 261635.3 4
1752697427855 261635.3 5
1752697438136 261635.3 6
1752697448371 261635.3 7
1752697458715 261635.3 8
1752697469101 261635.4 9
1752697479289 261635.4 10
1752697489443 261636.0 11
1752697499725 261636.0 12
1752697510036 261636.0 13
1752697520320 261635.9 14
1752697530593 261635.9 15
1752697540728 261636.1 16
1752697550886 261636.1 17
1752697561150 261636.1 18
1752697571340 261636.1 19
1752697581617 261636.4 20
1752697591759 261636.4 21
1752697601926 261636.4 22
1752697612166 261636.3 23
1752697622333 261636.8 24
1752697632601 261636.8 25
1752697642866 261636.8 26
1752697653160 261636.8 27
1752697663310 261636.9 28
1752697673468 261636.8 29
1752697683676 261637.0 30
1752697693838 261637.0 31
1752697704038 261637.0 32
1752697714288 261637.0 33
1752697724545 261636.9 34
1752697734874 261637.0 35
1752697745151 261637.1 36
1752697755318 261637.1 37
1752697765644 261637.1 38
1752697775909 261637.1 39
1752697786056 261637.1 40
1752697796321 261637.1 41
1752697806584 261641.2 42
1752697816750 261641.3 43
1752697826984 261641.3 44
1752697837328 261641.3 45
1752697847582 261641.2 46
1752697857929 261641.3 47
1752697868275 261641.3 48
1752697878531 261641.0 49
1752697888676 261641.0 50
1752697898856 261641.0 51
1752697908985 261641.0 52
1752697919353 261641.0 53
1752697929626 261641.0 54
1752697939779 261641.0 55
1752697950082 261641.0 56
1752697960262 261641.0 57
1752697970431 261641.0 58
1752697980771 261641.2 59
1752697990963 261641.2 60
1752698001108 261641.3 61
1752698011273 261641.3 62
1752698021511 261641.3 63
1752698031856 261641.3 64
1752698042211 261641.3 65
1752698052438 261641.3 66
1752698062658 261639.5 67
1752698073002 261639.5 68
1752698083139 261639.5 69
1752698093338 261639.5 70
1752698103518 261639.5 71
1752698113794 261639.5 72
1752698124098 261639.7 73
1752698134275 261639.8 74
1752698144553 261639.2 75
1752698154641 261639.2 76
1752698164743 261639.3 77
1752698174884 261639.6 78
1752698185048 261639.7 79
1752698195307 261639.8 80
1752698205555 261639.7 81
1752698215734 261639.7 82
1752698225952 261639.7 83
1752698236119 261639.7 84
1752698247648 261639.7 85
1752698257875 261639.7 86
1752698268049 261640.3 87
1752698278371 261640.2 88
1752698288635 261640.3 89
1752698298855 261640.4 90
1752698309017 261640.4 91
1752698319366 261640.4 92
1752698329661 261640.4 93
1752698339967 261640.4 94
1752698350390 261640.4 95
1752698360577 261640.5 96
1752698370915 261640.9 97
1752698381304 261640.8 98
1752698391585 261640.9 99
1752698401739 261640.9 100
1752698412022 261640.9 101
1752698422375 261640.9 102
1752698432561 261640.9 103
1752698442909 261640.7 104
1752698453271 261641.0 105
1752698463529 261641.0 106
1752698473652 261641.2 107
1752698483813 261641.2 108
1752698494156 261640.8 109
1752698504454 261640.8 110
1752698514597 261640.7 111
1752698524738 261640.7 112
1752698535000 261640.8 113
1752698545147 261640.8 114
1752698555365 261640.7 115
1752698565564 261640.8 116
1752698575772 261640.8 117
1752698586111 261640.8 118
1752698596429 261640.8 119
1752698606620 261641.1 120
1752698616765 261641.1 121
1752698626951 261641.1 122
1752698637140 261641.1 123
1752698647426 261641.1 124
1752698657720 261641.1 125
1752698668077 261641.1 126
1752698678323 261641.1 127
1752698688490 261641.0 128
1752698698691 261641.1 129
1752698708998 261641.2 130
1752698719273 261642.0 131
1752698729498 261642.1 132
1752698739638 261642.1 133
1752698749910 261642.1 134
1752698760111 261642.1 135
1752698770230 261642.2 136
1752698780408 261642.2 137
1752698790562 261642.2 138
1752698800871 261642.1 139
1752698811185 261642.1 140
1752698821475 261642.1 141
1752698831804 261641.9 142
1752698842085 261641.9 143
1752698852256 261642.0 144
1752698862399 261642.0 145
1752698872692 261642.0 146
1752698882915 261642.0 147
1752698893186 261642.0 148
1752698903389 261642.1 149
1752698913555 261642.0 150
1752698923841 261642.1 151
1752698934085 261642.1 152
1752698944308 261642.1 153
1752698954626 261642.0 154
1752698964802 261642.1 155
1752698975184 261642.1 156
1752698985416 261642.1 157
1752698995555 261642.1 158
1752699005910 261642.1 159
1752699016181 261642.2 160
1752699026474 261642.4 161
1752699036794 261642.4 162
1752699047128 261642.4 163
1752699057376 261642.5 164
1752699067521 261642.6 165
1752699077662 261642.6 166
1752699087977 261642.6 167
1752699098150 261642.7 168
1752699108516 261642.7 169
1752699118659 261642.8 170
1752699128867 261642.8 171
1752699139049 261642.7 172
1752699149237 261642.8 173
1752699159383 261642.8 174
1752699169654 261642.8 175
1752699179815 261643.0 176
1752699189983 261643.0 177
1752699200173 261643.1 178
1752699210429 261643.0 179
1752699220612 261643.1 180
1752699230820 261643.2 181
1752699241234 261643.2 182
1752699251492 261643.2 183
1752699261777 261643.2 184
1752699271958 261643.3 185
1752699282131 261643.2 186
1752699292323 261645.6 187
1752699302714 261646.5 188
1752699312931 261643.2 189
1752699323180 261643.1 190
1752699333375 261643.1 191
1752699343622 261643.3 192
1752699353835 261643.5 193
1752699364014 261643.5 194
1752699374260 261643.5 195
1752699384406 261643.7 196
1752699394626 261643.8 197
1752699404782 261643.7 198
1752699414953 261643.7 199
1752699425106 261643.7 200
1752699435278 261643.8 201
1752699445431 261643.8 202
1752699455595 261643.8 203
1752699465905 261643.8 204
1752699476165 261643.3 205
1752699486346 261643.3 206
1752699496655 261643.3 207
1752699506823 261643.3 208
1752699516970 261643.4 209
1752699527239 261643.4 210
1752699537380 261643.3 211
1752699547561 261643.4 212
1752699557917 261643.9 213
1752699568091 261643.9 214
1752699578428 261643.9 215
1752699588662 261643.9 216
1752699598807 261643.9 217
1752699608961 261643.9 218
1752699619181 261644.0 219
1752699629479 261644.0 220
1752699639748 261644.0 221
1752699650010 261644.0 222
1752699660241 261644.0 223
1752699670485 261644.0 224
1752699680657 261644.2 225
1752699690839 261644.2 226
1752699701068 261644.2 227
1752699711421 261644.2 228
1752699721788 261644.2 229
1752699731963 261644.2 230
1752699742112 261644.2 231
1752699752264 261644.2 232
1752699762535 261644.2 233
1752699772732 261644.2 234
1752699782871 261644.2 235
1752699793102 261644.2 236
1752699803248 261644.2 237
1752699813518 261644.1 238
1752699823829 261644.2 239
1752699833965 261644.2 240
1752699844296 261644.1 241
1752699854543 261644.2 242
1752699864703 261644.2 243
1752699874919 261644.3 244
1752699885055 261638.1 245
1752699895225 261638.7 246
1752699905510 261638.7 247
1752699916475 261638.7 248
1752699926605 261638.7 249
1752699936758 261638.7 250
1752699947092 261638.8 251
1752699957399 261638.8 252
1752699967700 261638.8 253
1752699978016 261638.8 254
1752699988178 261638.8 255
1752699998464 261638.8 256
1752700008616 261638.8 257
1752700018758 261638.8 258
1752700029069 261638.8 259
1752700039366 261638.8 260
1752700049507 261638.8 261
1752700059791 261638.9 262
1752700070002 261638.9 263
1752700080201 261638.8 264
1752700090480 261638.9 265
1752700100771 261638.9 266
1752700110968 261638.9 267
1752700121358 261639.1 268
1752700131511 261639.1 269
1752700141655 261639.1 270
1752700151870 261639.0 271
1752700162122 261639.0 272
1752700172454 261639.0 273
1752700182953 261639.0 274
1752700193142 261639.1 275
1752700203499 261639.1 276
1752700213728 261639.1 277
1752700224016 261639.2 278
1752700234303 261639.3 279
1752700244563 261639.3 280
1752700254707 261639.2 281
1752700264981 261639.3 282
1752700275127 261639.6 283
1752700285471 261639.6 284
1752700295808 261639.6 285
1752700305984 261639.5 286
1752700316190 261639.5 287
1752700326508 261639.5 288
1752700336697 261639.5 289
1752700347041 261639.5 290
1752700357414 261639.4 291
1752700367590 261639.5 292
1752700377767 261639.5 293
1752700387923 261639.5 294
1752700398082 261639.5 295
1752700408331 261639.5 296
1752700418815 261639.5 297
1752700429113 261639.5 298
1752700439451 261639.1 299
1752700449768 261639.1 300
1752700460066 261639.3 301
1752700470268 261639.3 302
1752700480498 261639.3 303
1752700490705 261639.4 304
1752700500877 261639.4 305
1752700511050 261639.4 306
1752700521367 261639.4 307
1752700531506 261639.3 308
1752700541817 261639.4 309
1752700552043 261639.4 310
1752700562476 261639.4 311
1752700572704 261639.5 312
1752700583002 261639.6 313
1752700593187 261639.6 314
1752700603488 261639.5 315
1752700613712 261639.5 316
1752700623893 261639.5 317
1752700634039 261639.5 318
1752700644191 261639.7 319
1752700654424 261639.7 320
1752700664722 261639.7 321
1752700675003 261639.6 322
1752700685190 261639.6 323
1752700695370 261639.6 324
1752700705680 261639.7 325
1752700715915 261639.7 326
1752700726203 261639.7 327
1752700736369 261639.7 328
1752700746547 261639.7 329
1752700756819 261639.7 330
1752700766999 261639.8 331
1752700777402 261639.8 332
1752700787580 261639.7 333
1752700797772 261639.8 334
1752700807944 261639.8 335
1752700818221 261639.8 336
1752700828380 261639.8 337
1752700838710 261639.8 338
1752700849059 261639.8 339
1752700859231 261639.8 340
1752700869550 261639.8 341
1752700879806 261639.9 342
1752700889992 261639.9 343
1752700900389 261639.9 344
1752700910724 261639.8 345
1752700920955 261639.8 346
1752700931201 261639.8 347
1752700941406 261639.8 348
1752700951638 261639.8 349
1752700961986 261639.8 350
1752700972358 261639.9 351
1752700982592 261639.9 352
1752700992740 261640.0 353
1752701002897 261640.0 354
1752701013297 261640.1 355
1752701023489 261640.1 356
1752701033666 261640.0 357
1752701043956 261640.1 358
1752701054278 261640.2 359
1752701064585 261640.2 360
1752701074993 261640.6 361
1752701085137 261641.9 362
1752701095272 261641.9 363
1752701105464 261642.0 364
1752701115638 261642.0 365
1752701125796 261641.9 366
1752701135953 261641.9 367
1752701146336 261641.9 368
1752701156516 261641.9 369
1752701166797 261641.8 370
1752701177150 261641.9 371
1752701187320 261641.9 372
1752701197516 261641.9 373
1752701207671 261641.9 374
1752701217820 261641.9 375
1752701228006 261642.0 376
1752701238159 261642.0 377
1752701248320 261642.0 378
1752701258487 261642.0 379
1752701268684 261642.0 380
1752701279037 261642.0 381
1752701289267 261642.1 382
1752701299418 261642.1 383
1752701309780 261642.2 384
1752701320146 261642.2 385
1752701330628 261642.1 386
1752701340878 261642.2 387
1752701351171 261642.2 388
1752701361343 261642.2 389
1752701371705 261642.2 390
1752701381919 261642.2 391
1752701392072 261642.3 392
1752701402487 261642.2 393
1752701412655 261642.2 394
1752701422897 261642.3 395
1752701433198 261642.3 396
1752701443357 261642.2 397
1752701453493 261642.2 398
1752701463778 261642.2 399
1752701474046 261642.2 400
1752701484263 261642.3 401
1752701494426 261642.3 402
1752701504633 261642.3 403
1752701514825 261695.0 404
1752701525120 261673.6 405
1752701535339 261669.3 406
1752701545428 261669.4 407
1752701555536 261669.4 408
1752701565643 261669.4 409
1752701575742 261669.3 410
1752701585843 261669.3 411
1752701595981 261669.3 412
1752701606083 261669.7 413
1752701616174 261669.6 414
1752701626266 261679.8 415
1752701636395 261679.8 416
1752701646560 261679.8 417
1752701656804 261680.3 418
1752701666922 261680.5 419
1752701677087 261680.5 420
1752701687215 261680.5 421
1752701697384 261680.5 422
1752701707488 261680.5 423
1752701717733 261680.8 424
1752701728039 261680.8 425
1752701738214 261684.1 426
1752701748322 261683.7 427
1752701758423 261683.7 428
1752701768570 261683.8 429
1752701778760 261683.9 430
1752701788928 261683.8 431
1752701799049 261684.0 432
1752701809208 261684.0 433
1752701819353 261684.0 434
1752701829505 261684.0 435
1752701839669 261684.0 436
1752701849850 261684.1 437
1752701859942 261684.0 438
1752701870047 261684.1 439
1752701880214 261684.1 440
1752701890314 261684.0 441
1752701900454 261684.0 442
1752701910594 261684.0 443
1752701920805 261684.0 444
1752701930917 261684.0 445
1752701941021 261684.1 446
1752701951128 261684.1 447
1752701961229 261684.1 448
1752701971327 261684.1 449
1752701981469 261684.1 450
1752701991693 261684.1 451
1752702001866 261684.2 452
1752702011975 261684.3 453
1752702022077 261684.3 454
1752702032196 261684.2 455
1752702042286 261684.3 456
1752702052374 261684.3 457
