1752697376884 25.6 0
1752697387066 25.6 1
1752697397288 25.6 2
1752697407472 25.6 3
1752697417676 25.6 4
1752697427855 25.6 5
1752697438136 25.6 6
1752697448371 25.6 7
1752697458715 25.6 8
1752697469101 25.6 9
1752697479289 25.6 10
1752697489443 25.6 11
1752697499725 25.6 12
1752697510036 25.6 13
1752697520320 25.6 14
1752697530593 25.6 15
1752697540728 25.6 16
1752697550886 25.6 17
1752697561150 25.6 18
1752697571340 25.6 19
1752697581617 25.6 20
1752697591759 25.6 21
1752697601926 25.6 22
1752697612166 25.6 23
1752697622333 25.6 24
1752697632601 25.6 25
1752697642866 25.6 26
1752697653160 25.6 27
1752697663310 25.6 28
1752697673468 25.6 29
1752697683676 25.6 30
1752697693838 25.6 31
1752697704038 25.6 32
1752697714288 25.6 33
1752697724545 25.6 34
1752697734874 25.6 35
1752697745151 25.6 36
1752697755318 25.6 37
1752697765644 25.6 38
1752697775909 25.6 39
1752697786056 25.6 40
1752697796321 25.6 41
1752697806584 25.6 42
1752697816750 25.6 43
1752697826984 25.6 44
1752697837328 25.6 45
1752697847582 25.6 46
1752697857929 25.6 47
1752697868275 25.6 48
1752697878531 25.6 49
1752697888676 25.6 50
1752697898856 25.6 51
1752697908985 25.6 52
1752697919353 25.6 53
1752697929626 25.6 54
1752697939779 25.6 55
1752697950082 25.6 56
1752697960262 25.6 57
1752697970431 25.6 58
1752697980771 25.6 59
1752697990963 25.6 60
1752698001108 25.6 61
1752698011273 25.6 62
1752698021511 25.6 63
1752698031856 25.6 64
1752698042211 25.6 65
1752698052438 25.6 66
1752698062658 25.6 67
1752698073002 25.6 68
1752698083139 25.6 69
1752698093338 25.6 70
1752698103518 25.6 71
1752698113794 25.6 72
1752698124098 25.6 73
1752698134275 25.6 74
1752698144553 25.6 75
1752698154641 25.6 76
1752698164743 25.6 77
1752698174884 25.6 78
1752698185048 25.6 79
1752698195307 25.6 80
1752698205555 25.6 81
1752698215734 25.6 82
1752698225952 25.6 83
1752698236119 25.6 84
1752698247648 25.6 85
1752698257875 25.6 86
1752698268049 25.6 87
1752698278371 25.6 88
1752698288635 25.6 89
1752698298855 25.6 90
1752698309017 25.6 91
1752698319366 25.6 92
1752698329661 25.6 93
1752698339967 25.6 94
1752698350390 25.6 95
1752698360577 25.6 96
1752698370915 25.6 97
1752698381304 25.6 98
1752698391585 25.6 99
1752698401739 25.6 100
1752698412022 25.6 101
1752698422375 25.6 102
1752698432561 25.6 103
1752698442909 25.6 104
1752698453271 25.6 105
1752698463529 25.6 106
1752698473652 25.6 107
1752698483813 25.6 108
1752698494156 25.6 109
1752698504454 25.6 110
1752698514597 25.6 111
1752698524738 25.6 112
1752698535000 25.6 113
1752698545147 25.6 114
1752698555365 25.6 115
1752698565564 25.6 116
1752698575772 25.6 117
1752698586111 25.6 118
1752698596429 25.6 119
1752698606620 25.6 120
1752698616765 25.6 121
1752698626951 25.6 122
1752698637140 25.6 123
1752698647426 25.6 124
1752698657720 25.6 125
1752698668077 25.6 126
1752698678323 25.6 127
1752698688490 25.6 128
1752698698691 25.6 129
1752698708998 25.6 130
1752698719273 25.6 131
1752698729498 25.6 132
1752698739638 25.6 133
1752698749910 25.6 134
1752698760111 25.6 135
1752698770230 25.6 136
1752698780408 25.6 137
1752698790562 25.6 138
1752698800871 25.6 139
1752698811185 25.6 140
1752698821475 25.6 141
1752698831804 25.6 142
1752698842085 25.6 143
1752698852256 25.6 144
1752698862399 25.6 145
1752698872692 25.6 146
1752698882915 25.6 147
1752698893186 25.6 148
1752698903389 25.6 149
1752698913555 25.6 150
1752698923841 25.6 151
1752698934085 25.6 152
1752698944308 25.6 153
1752698954626 25.6 154
1752698964802 25.6 155
1752698975184 25.6 156
1752698985416 25.6 157
1752698995555 25.6 158
1752699005910 25.6 159
1752699016181 25.6 160
1752699026474 25.6 161
1752699036794 25.6 162
1752699047128 25.6 163
1752699057376 25.6 164
1752699067521 25.6 165
1752699077662 25.6 166
1752699087977 25.6 167
1752699098150 25.6 168
1752699108516 25.6 169
1752699118659 25.6 170
1752699128867 25.6 171
1752699139049 25.6 172
1752699149237 25.6 173
1752699159383 25.6 174
1752699169654 25.6 175
1752699179815 25.6 176
1752699189983 25.6 177
1752699200173 25.6 178
1752699210429 25.6 179
1752699220612 25.6 180
1752699230820 25.6 181
1752699241234 25.6 182
1752699251492 25.6 183
1752699261777 25.6 184
1752699271958 25.6 185
1752699282131 25.6 186
1752699292323 25.6 187
1752699302714 25.6 188
1752699312931 25.6 189
1752699323180 25.6 190
1752699333375 25.6 191
1752699343622 25.6 192
1752699353835 25.6 193
1752699364014 25.6 194
1752699374260 25.6 195
1752699384406 25.6 196
1752699394626 25.6 197
1752699404782 25.6 198
1752699414953 25.6 199
1752699425106 25.6 200
1752699435278 25.6 201
1752699445431 25.6 202
1752699455595 25.6 203
1752699465905 25.6 204
1752699476165 25.6 205
1752699486346 25.6 206
1752699496655 25.6 207
1752699506823 25.6 208
1752699516970 25.6 209
1752699527239 25.6 210
1752699537380 25.6 211
1752699547561 25.6 212
1752699557917 25.6 213
1752699568091 25.6 214
1752699578428 25.6 215
1752699588662 25.6 216
1752699598807 25.6 217
1752699608961 25.6 218
1752699619181 25.6 219
1752699629479 25.6 220
1752699639748 25.6 221
1752699650010 25.6 222
1752699660241 25.6 223
1752699670485 25.6 224
1752699680657 25.6 225
1752699690839 25.6 226
1752699701068 25.6 227
1752699711421 25.6 228
1752699721788 25.6 229
1752699731963 25.6 230
1752699742112 25.6 231
1752699752264 25.6 232
1752699762535 25.6 233
1752699772732 25.6 234
1752699782871 25.6 235
1752699793102 25.6 236
1752699803248 25.6 237
1752699813518 25.6 238
1752699823829 25.6 239
1752699833965 25.6 240
1752699844296 25.6 241
1752699854543 25.6 242
1752699864703 25.6 243
1752699874919 25.6 244
1752699885055 25.6 245
1752699895225 25.6 246
1752699905510 25.6 247
1752699916475 25.6 248
1752699926605 25.6 249
1752699936758 25.6 250
1752699947092 25.6 251
1752699957399 25.6 252
1752699967700 25.6 253
1752699978016 25.6 254
1752699988178 25.6 255
1752699998464 25.6 256
1752700008616 25.6 257
1752700018758 25.6 258
1752700029069 25.6 259
1752700039366 25.6 260
1752700049507 25.6 261
1752700059791 25.6 262
1752700070002 25.6 263
1752700080201 25.6 264
1752700090480 25.6 265
1752700100771 25.6 266
1752700110968 25.6 267
1752700121358 25.6 268
1752700131511 25.6 269
1752700141655 25.6 270
1752700151870 25.6 271
1752700162122 25.6 272
1752700172454 25.6 273
1752700182953 25.6 274
1752700193142 25.6 275
1752700203499 25.6 276
1752700213728 25.6 277
1752700224016 25.6 278
1752700234303 25.6 279
1752700244563 25.6 280
1752700254707 25.6 281
1752700264981 25.6 282
1752700275127 25.6 283
1752700285471 25.6 284
1752700295808 25.6 285
1752700305984 25.6 286
1752700316190 25.6 287
1752700326508 25.6 288
1752700336697 25.6 289
1752700347041 25.6 290
1752700357414 25.6 291
1752700367590 25.6 292
1752700377767 25.6 293
1752700387923 25.6 294
1752700398082 25.6 295
1752700408331 25.6 296
1752700418815 25.6 297
1752700429113 25.6 298
1752700439451 25.6 299
1752700449768 25.6 300
1752700460066 25.6 301
1752700470268 25.6 302
1752700480498 25.6 303
1752700490705 25.6 304
1752700500877 25.6 305
1752700511050 25.6 306
1752700521367 25.6 307
1752700531506 25.6 308
1752700541817 25.6 309
1752700552043 25.6 310
1752700562476 25.6 311
1752700572704 25.6 312
1752700583002 25.6 313
1752700593187 25.6 314
1752700603488 25.6 315
1752700613712 25.6 316
1752700623893 25.6 317
1752700634039 25.6 318
1752700644191 25.6 319
1752700654424 25.6 320
1752700664722 25.6 321
1752700675003 25.6 322
1752700685190 25.6 323
1752700695370 25.6 324
1752700705680 25.6 325
1752700715915 25.6 326
1752700726203 25.6 327
1752700736369 25.6 328
1752700746547 25.6 329
1752700756819 25.6 330
1752700766999 25.6 331
1752700777402 25.6 332
1752700787580 25.6 333
1752700797772 25.6 334
1752700807944 25.6 335
1752700818221 25.6 336
1752700828380 25.6 337
1752700838710 25.6 338
1752700849059 25.6 339
1752700859231 25.6 340
1752700869550 25.6 341
1752700879806 25.6 342
1752700889992 25.6 343
1752700900389 25.6 344
1752700910724 25.6 345
1752700920955 25.6 346
1752700931201 25.6 347
1752700941406 25.6 348
1752700951638 25.6 349
1752700961986 25.6 350
1752700972358 25.6 351
1752700982592 25.6 352
1752700992740 25.6 353
1752701002897 25.6 354
1752701013297 25.6 355
1752701023489 25.6 356
1752701033666 25.6 357
1752701043956 25.6 358
1752701054278 25.6 359
1752701064585 25.6 360
1752701074993 25.6 361
1752701085137 25.6 362
1752701095272 25.6 363
1752701105464 25.6 364
1752701115638 25.6 365
1752701125796 25.6 366
1752701135953 25.6 367
1752701146336 25.6 368
1752701156516 25.6 369
1752701166797 25.6 370
1752701177150 25.6 371
1752701187320 25.6 372
1752701197516 25.6 373
1752701207671 25.6 374
1752701217820 25.6 375
1752701228006 25.6 376
1752701238159 25.6 377
1752701248320 25.6 378
1752701258487 25.6 379
1752701268684 25.6 380
1752701279037 25.6 381
1752701289267 25.6 382
1752701299418 25.6 383
1752701309780 25.6 384
1752701320146 25.6 385
1752701330628 25.6 386
1752701340878 25.6 387
1752701351171 25.6 388
1752701361343 25.6 389
1752701371705 25.6 390
1752701381919 25.6 391
1752701392072 25.6 392
1752701402487 25.6 393
1752701412655 25.6 394
1752701422897 25.6 395
1752701433198 25.6 396
1752701443357 25.6 397
1752701453493 25.6 398
1752701463778 25.6 399
1752701474046 25.6 400
1752701484263 25.6 401
1752701494426 25.6 402
1752701504633 25.6 403
1752701514825 25.6 404
1752701525120 25.6 405
1752701535339 25.6 406
1752701545428 25.6 407
1752701555536 25.6 408
1752701565643 25.6 409
1752701575742 25.6 410
1752701585843 25.6 411
1752701595981 25.6 412
1752701606083 25.6 413
1752701616174 25.6 414
1752701626266 25.6 415
1752701636395 25.6 416
1752701646560 25.6 417
1752701656804 25.6 418
1752701666922 25.6 419
1752701677087 25.6 420
1752701687215 25.6 421
1752701697384 25.6 422
1752701707488 25.6 423
1752701717733 25.6 424
1752701728039 25.6 425
1752701738214 25.6 426
1752701748322 25.6 427
1752701758423 25.6 428
1752701768570 25.6 429
1752701778760 25.6 430
1752701788928 25.6 431
1752701799049 25.6 432
1752701809208 25.6 433
1752701819353 25.6 434
1752701829505 25.6 435
1752701839669 25.6 436
1752701849850 25.6 437
1752701859942 25.6 438
1752701870047 25.6 439
1752701880214 25.6 440
1752701890314 25.6 441
1752701900454 25.6 442
1752701910594 25.6 443
1752701920805 25.6 444
1752701930917 25.6 445
1752701941021 25.6 446
1752701951128 25.6 447
1752701961229 25.6 448
1752701971327 25.6 449
1752701981469 25.6 450
1752701991693 25.6 451
1752702001866 25.6 452
1752702011975 25.6 453
1752702022077 25.6 454
1752702032196 25.6 455
1752702042286 25.6 456
1752702052374 25.6 457
