1752697376884 761759.2 0
1752697387066 761758.4 1
1752697397288 761758.3 2
1752697407472 761758.3 3
1752697417676 761758.3 4
1752697427855 761758.3 5
1752697438136 761758.3 6
1752697448371 761758.3 7
1752697458715 761758.3 8
1752697469101 761758.2 9
1752697479289 761758.2 10
1752697489443 761757.6 11
1752697499725 761757.6 12
1752697510036 761757.6 13
1752697520320 761757.7 14
1752697530593 761757.7 15
1752697540728 761757.6 16
1752697550886 761757.5 17
1752697561150 761757.5 18
1752697571340 761757.5 19
1752697581617 761757.2 20
1752697591759 761757.2 21
1752697601926 761757.2 22
1752697612166 761757.4 23
1752697622333 761756.8 24
1752697632601 761756.8 25
1752697642866 761756.8 26
1752697653160 761756.9 27
1752697663310 761756.7 28
1752697673468 761756.8 29
1752697683676 761756.6 30
1752697693838 761756.6 31
1752697704038 761756.6 32
1752697714288 761756.6 33
1752697724545 761756.7 34
1752697734874 761756.6 35
1752697745151 761756.6 36
1752697755318 761756.6 37
1752697765644 761756.6 38
1752697775909 761756.6 39
1752697786056 761756.6 40
1752697796321 761756.6 41
1752697806584 761752.4 42
1752697816750 761752.4 43
1752697826984 761752.4 44
1752697837328 761752.4 45
1752697847582 761752.4 46
1752697857929 761752.4 47
1752697868275 761752.4 48
1752697878531 761752.6 49
1752697888676 761752.6 50
1752697898856 761752.6 51
1752697908985 761752.6 52
1752697919353 761752.6 53
1752697929626 761752.6 54
1752697939779 761752.6 55
1752697950082 761752.6 56
1752697960262 761752.6 57
1752697970431 761752.6 58
1752697980771 761752.5 59
1752697990963 761752.4 60
1752698001108 761752.4 61
1752698011273 761752.4 62
1752698021511 761752.4 63
1752698031856 761752.3 64
1752698042211 761752.3 65
1752698052438 761752.3 66
1752698062658 761754.1 67
1752698073002 761754.1 68
1752698083139 761754.1 69
1752698093338 761754.1 70
1752698103518 761754.1 71
1752698113794 761754.1 72
1752698124098 761753.9 73
1752698134275 761753.9 74
1752698144553 761754.4 75
1752698154641 761754.4 76
1752698164743 761754.4 77
1752698174884 761754.0 78
1752698185048 761753.9 79
1752698195307 761753.8 80
1752698205555 761753.9 81
1752698215734 761753.9 82
1752698225952 761753.9 83
1752698236119 761753.9 84
1752698247648 761753.9 85
1752698257875 761753.9 86
1752698268049 761753.4 87
1752698278371 761753.4 88
1752698288635 761753.3 89
1752698298855 761753.2 90
1752698309017 761753.2 91
1752698319366 761753.2 92
1752698329661 761753.2 93
1752698339967 761753.3 94
1752698350390 761753.3 95
1752698360577 761753.1 96
1752698370915 761752.7 97
1752698381304 761752.8 98
1752698391585 761752.7 99
1752698401739 761752.7 100
1752698412022 761752.7 101
1752698422375 761752.7 102
1752698432561 761752.7 103
1752698442909 761752.9 104
1752698453271 761752.6 105
1752698463529 761752.6 106
1752698473652 761752.4 107
1752698483813 761752.4 108
1752698494156 761752.8 109
1752698504454 761752.8 110
1752698514597 761752.9 111
1752698524738 761752.9 112
1752698535000 761752.8 113
1752698545147 761752.8 114
1752698555365 761752.9 115
1752698565564 761752.8 116
1752698575772 761752.8 117
1752698586111 761752.8 118
1752698596429 761752.8 119
1752698606620 761752.5 120
1752698616765 761752.5 121
1752698626951 761752.5 122
1752698637140 761752.5 123
1752698647426 761752.5 124
1752698657720 761752.5 125
1752698668077 761752.5 126
1752698678323 761752.5 127
1752698688490 761752.6 128
1752698698691 761752.5 129
1752698708998 761752.5 130
1752698719273 761751.6 131
1752698729498 761751.5 132
1752698739638 761751.5 133
1752698749910 761751.5 134
1752698760111 761751.5 135
1752698770230 761751.4 136
1752698780408 761751.4 137
1752698790562 761751.4 138
1752698800871 761751.5 139
1752698811185 761751.5 140
1752698821475 761751.5 141
1752698831804 761751.7 142
1752698842085 761751.7 143
1752698852256 761751.7 144
1752698862399 761751.7 145
1752698872692 761751.7 146
1752698882915 761751.7 147
1752698893186 761751.7 148
1752698903389 761751.5 149
1752698913555 761751.6 150
1752698923841 761751.5 151
1752698934085 761751.5 152
1752698944308 761751.5 153
1752698954626 761751.6 154
1752698964802 761751.5 155
1752698975184 761751.5 156
1752698985416 761751.5 157
1752698995555 761751.5 158
1752699005910 761751.5 159
1752699016181 761751.5 160
1752699026474 761751.2 161
1752699036794 761751.2 162
1752699047128 761751.2 163
1752699057376 761751.1 164
1752699067521 761751.0 165
1752699077662 761751.0 166
1752699087977 761751.0 167
1752699098150 761750.9 168
1752699108516 761750.9 169
1752699118659 761750.9 170
1752699128867 761750.9 171
1752699139049 761750.9 172
1752699149237 761750.9 173
1752699159383 761750.9 174
1752699169654 761750.9 175
1752699179815 761750.6 176
1752699189983 761750.6 177
1752699200173 761750.5 178
1752699210429 761750.6 179
1752699220612 761750.5 180
1752699230820 761750.5 181
1752699241234 761750.5 182
1752699251492 761750.4 183
1752699261777 761750.4 184
1752699271958 761750.3 185
1752699282131 761750.4 186
1752699292323 761748.0 187
1752699302714 761747.1 188
1752699312931 761750.4 189
1752699323180 761750.5 190
1752699333375 761750.5 191
1752699343622 761750.3 192
1752699353835 761750.1 193
1752699364014 761750.1 194
1752699374260 761750.1 195
1752699384406 761749.9 196
1752699394626 761749.9 197
1752699404782 761749.9 198
1752699414953 761750.0 199
1752699425106 761750.0 200
1752699435278 761749.8 201
1752699445431 761749.8 202
1752699455595 761749.8 203
1752699465905 761749.8 204
1752699476165 761750.3 205
1752699486346 761750.3 206
1752699496655 761750.3 207
1752699506823 761750.3 208
1752699516970 761750.2 209
1752699527239 761750.2 210
1752699537380 761750.3 211
1752699547561 761750.2 212
1752699557917 761749.7 213
1752699568091 761749.7 214
1752699578428 761749.7 215
1752699588662 761749.7 216
1752699598807 761749.7 217
1752699608961 761749.7 218
1752699619181 761749.6 219
1752699629479 761749.6 220
1752699639748 761749.6 221
1752699650010 761749.7 222
1752699660241 761749.6 223
1752699670485 761749.6 224
1752699680657 761749.5 225
1752699690839 761749.4 226
1752699701068 761749.4 227
1752699711421 761749.5 228
1752699721788 761749.5 229
1752699731963 761749.5 230
1752699742112 761749.5 231
1752699752264 761749.5 232
1752699762535 761749.5 233
1752699772732 761749.5 234
1752699782871 761749.5 235
1752699793102 761749.5 236
1752699803248 761749.5 237
1752699813518 761749.5 238
1752699823829 761749.5 239
1752699833965 761749.5 240
1752699844296 761749.5 241
1752699854543 761749.5 242
1752699864703 761749.4 243
1752699874919 761749.3 244
1752699885055 761755.6 245
1752699895225 761754.9 246
1752699905510 761754.9 247
1752699916475 761754.9 248
1752699926605 761754.9 249
1752699936758 761754.9 250
1752699947092 761754.8 251
1752699957399 761754.8 252
1752699967700 761754.8 253
1752699978016 761754.8 254
1752699988178 761754.8 255
1752699998464 761754.8 256
1752700008616 761754.8 257
1752700018758 761754.8 258
1752700029069 761754.8 259
1752700039366 761754.8 260
1752700049507 761754.8 261
1752700059791 761754.7 262
1752700070002 761754.7 263
1752700080201 761754.8 264
1752700090480 761754.7 265
1752700100771 761754.7 266
1752700110968 761754.7 267
1752700121358 761754.5 268
1752700131511 761754.5 269
1752700141655 761754.5 270
1752700151870 761754.6 271
1752700162122 761754.6 272
1752700172454 761754.6 273
1752700182953 761754.6 274
1752700193142 761754.6 275
1752700203499 761754.6 276
1752700213728 761754.6 277
1752700224016 761754.4 278
1752700234303 761754.3 279
1752700244563 761754.3 280
1752700254707 761754.4 281
1752700264981 761754.3 282
1752700275127 761754.0 283
1752700285471 761754.1 284
1752700295808 761754.1 285
1752700305984 761754.1 286
1752700316190 761754.1 287
1752700326508 761754.1 288
1752700336697 761754.1 289
1752700347041 761754.1 290
1752700357414 761754.2 291
1752700367590 761754.1 292
1752700377767 761754.1 293
1752700387923 761754.1 294
1752700398082 761754.1 295
1752700408331 761754.1 296
1752700418815 761754.1 297
1752700429113 761754.1 298
1752700439451 761754.5 299
1752700449768 761754.5 300
1752700460066 761754.4 301
1752700470268 761754.4 302
1752700480498 761754.3 303
1752700490705 761754.3 304
1752700500877 761754.3 305
1752700511050 761754.3 306
1752700521367 761754.3 307
1752700531506 761754.3 308
1752700541817 761754.2 309
1752700552043 761754.2 310
1752700562476 761754.2 311
1752700572704 761754.1 312
1752700583002 761754.1 313
1752700593187 761754.1 314
1752700603488 761754.1 315
1752700613712 761754.1 316
1752700623893 761754.1 317
1752700634039 761754.1 318
1752700644191 761754.0 319
1752700654424 761754.0 320
1752700664722 761754.0 321
1752700675003 761754.0 322
1752700685190 761754.0 323
1752700695370 761754.0 324
1752700705680 761754.0 325
1752700715915 761754.0 326
1752700726203 761754.0 327
1752700736369 761754.0 328
1752700746547 761754.0 329
1752700756819 761753.9 330
1752700766999 761753.8 331
1752700777402 761753.8 332
1752700787580 761753.9 333
1752700797772 761753.8 334
1752700807944 761753.8 335
1752700818221 761753.8 336
1752700828380 761753.8 337
1752700838710 761753.8 338
1752700849059 761753.8 339
1752700859231 761753.8 340
1752700869550 761753.8 341
1752700879806 761753.7 342
1752700889992 761753.7 343
1752700900389 761753.7 344
1752700910724 761753.8 345
1752700920955 761753.9 346
1752700931201 761753.9 347
1752700941406 761753.8 348
1752700951638 761753.8 349
1752700961986 761753.8 350
1752700972358 761753.8 351
1752700982592 761753.8 352
1752700992740 761753.6 353
1752701002897 761753.6 354
1752701013297 761753.5 355
1752701023489 761753.5 356
1752701033666 761753.6 357
1752701043956 761753.5 358
1752701054278 761753.4 359
1752701064585 761753.4 360
1752701074993 761753.0 361
1752701085137 761751.8 362
1752701095272 761751.7 363
1752701105464 761751.6 364
1752701115638 761751.6 365
1752701125796 761751.7 366
1752701135953 761751.7 367
1752701146336 761751.7 368
1752701156516 761751.7 369
1752701166797 761751.8 370
1752701177150 761751.7 371
1752701187320 761751.7 372
1752701197516 761751.7 373
1752701207671 761751.7 374
1752701217820 761751.7 375
1752701228006 761751.6 376
1752701238159 761751.6 377
1752701248320 761751.6 378
1752701258487 761751.6 379
1752701268684 761751.6 380
1752701279037 761751.6 381
1752701289267 761751.5 382
1752701299418 761751.5 383
1752701309780 761751.5 384
1752701320146 761751.5 385
1752701330628 761751.5 386
1752701340878 761751.5 387
1752701351171 761751.5 388
1752701361343 761751.4 389
1752701371705 761751.4 390
1752701381919 761751.4 391
1752701392072 761751.3 392
1752701402487 761751.4 393
1752701412655 761751.4 394
1752701422897 761751.3 395
1752701433198 761751.3 396
1752701443357 761751.4 397
1752701453493 761751.4 398
1752701463778 761751.4 399
1752701474046 761751.4 400
1752701484263 761751.3 401
1752701494426 761751.3 402
1752701504633 761751.3 403
1752701514825 761698.6 404
1752701525120 761720.1 405
1752701535339 761724.3 406
1752701545428 761724.2 407
1752701555536 761724.2 408
1752701565643 761724.3 409
1752701575742 761724.3 410
1752701585843 761724.3 411
1752701595981 761724.3 412
1752701606083 761723.9 413
1752701616174 761724.0 414
1752701626266 761713.8 415
1752701636395 761713.8 416
1752701646560 761713.8 417
1752701656804 761713.3 418
1752701666922 761713.1 419
1752701677087 761713.1 420
1752701687215 761713.1 421
1752701697384 761713.1 422
1752701707488 761713.1 423
1752701717733 761712.9 424
1752701728039 761712.8 425
1752701738214 761709.5 426
1752701748322 761710.0 427
1752701758423 761709.9 428
1752701768570 761709.9 429
1752701778760 761709.7 430
1752701788928 761709.8 431
1752701799049 761709.7 432
1752701809208 761709.7 433
1752701819353 761709.7 434
1752701829505 761709.6 435
1752701839669 761709.6 436
1752701849850 761709.5 437
1752701859942 761709.6 438
1752701870047 761709.5 439
1752701880214 761709.5 440
1752701890314 761709.6 441
1752701900454 761709.6 442
1752701910594 761709.6 443
1752701920805 761709.6 444
1752701930917 761709.6 445
1752701941021 761709.6 446
1752701951128 761709.6 447
1752701961229 761709.6 448
1752701971327 761709.5 449
1752701981469 761709.5 450
1752701991693 761709.5 451
1752702001866 761709.4 452
1752702011975 761709.4 453
1752702022077 761709.4 454
1752702032196 761709.4 455
1752702042286 761709.4 456
1752702052374 761709.4 457
