1752697376884 0.0 0
1752697387066 0.023314999999996644 1
1752697397288 0.037458999999984144 2
1752697407472 0.045416999999986274 3
1752697417676 0.04879900000000248 4
1752697427855 0.07798299999998903 5
1752697438136 0.08231799999998657 6
1752697448371 0.09531100000000947 7
1752697458715 0.10258500000000481 8
1752697469101 0.10519500000000903 9
1752697479289 0.22859399999998686 10
1752697489443 0.34299799999999436 11
1752697499725 0.45946599999999194 12
1752697510036 0.4670810000000074 13
1752697520320 0.4842840000000024 14
1752697530593 0.4932330000000036 15
1752697540728 0.5106859999999926 16
1752697550886 0.5377080000000092 17
1752697561150 0.5467830000000049 18
1752697571340 0.5646399999999971 19
1752697581617 0.5872699999999895 20
1752697591759 0.5915679999999952 21
1752697601926 0.5980289999999968 22
1752697612166 0.6402909999999906 23
1752697622333 0.684660000000008 24
1752697632601 0.7022399999999891 25
1752697642866 0.7111569999999858 26
1752697653160 0.7397119999999973 27
1752697663310 0.7486739999999941 28
1752697673468 0.7863099999999861 29
1752697683676 0.8124109999999973 30
1752697693838 0.827855999999997 31
1752697704038 0.8374680000000012 32
1752697714288 0.8449019999999905 33
1752697724545 0.8523500000000013 34
1752697734874 0.8735609999999951 35
1752697745151 0.8904929999999922 36
1752697755318 0.8947239999999965 37
1752697765644 0.9135389999999859 38
1752697775909 0.9242470000000083 39
1752697786056 0.9626120000000071 40
1752697796321 0.9817180000000008 41
1752697806584 1.0075280000000078 42
1752697816750 1.012016999999986 43
1752697826984 1.0231369999999913 44
1752697837328 1.0275409999999852 45
1752697847582 1.0558220000000063 46
1752697857929 1.0772049999999922 47
1752697868275 1.1029859999999871 48
1752697878531 1.111301999999995 49
1752697888676 1.1234969999999862 50
1752697898856 1.1324799999999868 51
1752697908985 1.1447159999999883 52
1752697919353 1.1578020000000038 53
1752697929626 1.1903149999999982 54
1752697939779 1.1953179999999861 55
1752697950082 1.2003939999999886 56
1752697960262 1.214620999999994 57
1752697970431 1.2585190000000068 58
1752697980771 1.2929729999999893 59
1752697990963 1.3125129999999956 60
1752698001108 1.3217039999999827 61
1752698011273 1.3384130000000027 62
1752698021511 1.3509469999999908 63
1752698031856 1.3946569999999952 64
1752698042211 1.4179880000000082 65
1752698052438 1.4384220000000028 66
1752698062658 1.4466510000000028 67
1752698073002 1.452717000000007 68
1752698083139 1.46302399999999 69
1752698093338 1.5084300000000042 70
1752698103518 1.5220119999999895 71
1752698113794 1.5320899999999824 72
1752698124098 1.5388559999999813 73
1752698134275 1.559804999999983 74
1752698144553 1.5975839999999835 75
1752698154641 1.6468329999999867 76
1752698164743 1.6604130000000055 77
1752698174884 1.68251699999999 78
1752698185048 1.6928609999999935 79
1752698195307 1.6975510000000043 80
1752698205555 1.7121039999999823 81
1752698215734 1.732764000000003 82
1752698225952 1.7427689999999814 83
1752698236119 1.7580989999999872 84
1752698247648 1.7695589999999868 85
1752698257875 1.7831219999999917 86
1752698268049 1.7925270000000069 87
1752698278371 1.7972599999999943 88
1752698288635 1.8068930000000023 89
1752698298855 1.823506000000009 90
1752698309017 1.8292710000000056 91
1752698319366 1.8360590000000059 92
1752698329661 1.8691650000000095 93
1752698339967 1.8882389999999987 94
1752698350390 1.901284000000004 95
1752698360577 1.9086049999999943 96
1752698370915 1.9123969999999986 97
1752698381304 1.9304559999999924 98
1752698391585 2.007267999999982 99
1752698401739 2.0402780000000007 100
1752698412022 2.0486339999999927 101
1752698422375 2.0547190000000057 102
1752698432561 2.064629999999994 103
1752698442909 2.0696209999999837 104
1752698453271 2.088099999999997 105
1752698463529 2.091070000000002 106
1752698473652 2.101387999999986 107
1752698483813 2.1117380000000026 108
1752698494156 2.121026999999998 109
1752698504454 2.1274939999999845 110
1752698514597 2.1704420000000084 111
1752698524738 2.1877649999999846 112
1752698535000 2.2037619999999833 113
1752698545147 2.213009999999997 114
1752698555365 2.2222019999999816 115
1752698565564 2.23766599999999 116
1752698575772 2.2504160000000013 117
1752698586111 2.2557999999999936 118
1752698596429 2.2645569999999964 119
1752698606620 2.2710329999999885 120
1752698616765 2.2744280000000003 121
1752698626951 2.2983859999999936 122
1752698637140 2.3205659999999853 123
1752698647426 2.3306289999999876 124
1752698657720 2.3369309999999928 125
1752698668077 2.3447260000000085 126
1752698678323 2.347995999999995 127
1752698688490 2.3656719999999893 128
1752698698691 2.401759999999996 129
1752698708998 2.4034519999999873 130
1752698719273 2.4292959999999937 131
1752698729498 2.4654290000000003 132
1752698739638 2.4850099999999884 133
1752698749910 2.5182670000000087 134
1752698760111 2.5337120000000084 135
1752698770230 2.5661169999999913 136
1752698780408 2.588458000000003 137
1752698790562 2.6021279999999933 138
1752698800871 2.6084869999999967 139
1752698811185 2.626305000000002 140
1752698821475 2.635374999999982 141
1752698831804 2.648015999999984 142
1752698842085 2.65581499999999 143
1752698852256 2.669680999999997 144
1752698862399 2.675181000000009 145
1752698872692 2.702708000000001 146
1752698882915 2.7183399999999835 147
1752698893186 2.7257119999999873 148
1752698903389 2.7359189999999955 149
1752698913555 2.743079999999992 150
1752698923841 2.7516339999999957 151
1752698934085 2.7725030000000004 152
1752698944308 2.781296999999995 153
1752698954626 2.7828209999999842 154
1752698964802 2.7917309999999986 155
1752698975184 2.800522000000001 156
1752698985416 2.8148669999999925 157
1752698995555 2.839219999999983 158
1752699005910 2.852326000000005 159
1752699016181 2.857699999999994 160
1752699026474 2.8712309999999945 161
1752699036794 2.883728999999988 162
1752699047128 2.895557999999994 163
1752699057376 2.9211090000000013 164
1752699067521 2.928264999999982 165
1752699077662 2.9410629999999855 166
1752699087977 2.9747040000000027 167
1752699098150 2.982134000000002 168
1752699108516 2.9981349999999907 169
1752699118659 3.0079509999999914 170
1752699128867 3.0366909999999905 171
1752699139049 3.0423669999999845 172
1752699149237 3.058021999999994 173
1752699159383 3.082131000000004 174
1752699169654 3.0903669999999863 175
1752699179815 3.095667999999989 176
1752699189983 3.1032229999999856 177
1752699200173 3.1053990000000056 178
1752699210429 3.1074959999999976 179
1752699220612 3.1189850000000092 180
1752699230820 3.1505669999999952 181
1752699241234 3.159089999999992 182
1752699251492 3.1690229999999815 183
1752699261777 3.183232000000004 184
1752699271958 3.1850589999999954 185
1752699282131 3.241203999999982 186
1752699292323 3.4633189999999843 187
1752699302714 3.6346479999999985 188
1752699312931 3.8893879999999967 189
1752699323180 3.9272530000000074 190
1752699333375 3.929928999999987 191
1752699343622 4.0407749999999965 192
1752699353835 4.397377000000006 193
1752699364014 4.413224999999983 194
1752699374260 4.431432000000001 195
1752699384406 4.481118000000009 196
1752699394626 4.549259000000006 197
1752699404782 4.905698000000001 198
1752699414953 4.930601999999993 199
1752699425106 4.965064999999981 200
1752699435278 4.975019000000003 201
1752699445431 4.985631999999981 202
1752699455595 4.993059999999986 203
1752699465905 5.029665999999992 204
1752699476165 5.076357999999999 205
1752699486346 5.125237999999996 206
1752699496655 5.1274899999999946 207
1752699506823 5.143388999999985 208
1752699516970 5.154925999999989 209
1752699527239 5.190086000000008 210
1752699537380 5.210844000000009 211
1752699547561 5.221158000000003 212
1752699557917 5.225418999999988 213
1752699568091 5.242986999999999 214
1752699578428 5.246999999999986 215
1752699588662 5.2909019999999884 216
1752699598807 5.3186199999999815 217
1752699608961 5.332497999999987 218
1752699619181 5.357235000000003 219
1752699629479 5.372533000000004 220
1752699639748 5.378218000000004 221
1752699650010 5.406666000000001 222
1752699660241 5.426210999999995 223
1752699670485 5.454003999999998 224
1752699680657 5.458449999999999 225
1752699690839 5.480749000000003 226
1752699701068 5.4911069999999995 227
1752699711421 5.503196000000003 228
1752699721788 5.533760000000001 229
1752699731963 5.541957999999994 230
1752699742112 5.550420000000003 231
1752699752264 5.567890000000006 232
1752699762535 5.572885999999983 233
1752699772732 5.601848999999987 234
1752699782871 5.615421999999995 235
1752699793102 5.620937999999995 236
1752699803248 5.628089999999986 237
1752699813518 5.651959000000005 238
1752699823829 5.655709000000002 239
1752699833965 5.700766999999985 240
1752699844296 5.719733999999988 241
1752699854543 5.730280999999991 242
1752699864703 5.753120999999993 243
1752699874919 5.770128 244
1752699885055 5.784271999999987 245
1752699895225 5.842863999999992 246
1752699905510 5.869303000000002 247
1752699916475 5.872749999999996 248
1752699926605 5.87562299999999 249
1752699936758 5.890095000000002 250
1752699947092 5.926584999999989 251
1752699957399 5.936724999999996 252
1752699967700 5.961499000000003 253
1752699978016 5.9755930000000035 254
1752699988178 5.992443000000009 255
1752699998464 6.002307999999999 256
1752700008616 6.030055000000004 257
1752700018758 6.045750999999996 258
1752700029069 6.053485999999992 259
1752700039366 6.065225999999996 260
1752700049507 6.069178999999991 261
1752700059791 6.07655299999999 262
1752700070002 6.113281000000001 263
1752700080201 6.143258000000003 264
1752700090480 6.150652000000008 265
1752700100771 6.152366999999998 266
1752700110968 6.172484999999995 267
1752700121358 6.2028569999999945 268
1752700131511 6.223760999999996 269
1752700141655 6.230754999999988 270
1752700151870 6.238763000000006 271
1752700162122 6.2424159999999915 272
1752700172454 6.246107999999992 273
1752700182953 6.282472999999982 274
1752700193142 6.351765 275
1752700203499 6.391892999999982 276
1752700213728 6.395815999999996 277
1752700224016 6.407789000000008 278
1752700234303 6.425990999999982 279
1752700244563 6.445290999999997 280
1752700254707 6.474975000000001 281
1752700264981 6.485997999999995 282
1752700275127 6.502085999999991 283
1752700285471 6.511849999999981 284
1752700295808 6.51908499999999 285
1752700305984 6.554992999999996 286
1752700316190 6.5640459999999905 287
1752700326508 6.580606999999986 288
1752700336697 6.5880420000000015 289
1752700347041 6.595889999999997 290
1752700357414 6.6109500000000025 291
1752700367590 6.633036000000004 292
1752700377767 6.641467000000006 293
1752700387923 6.6570700000000045 294
1752700398082 6.663020999999986 295
1752700408331 6.672465999999986 296
1752700418815 6.674443999999994 297
1752700429113 6.69595799999999 298
1752700439451 6.712862999999999 299
1752700449768 6.7144289999999955 300
1752700460066 6.720135999999997 301
1752700470268 6.726699999999994 302
1752700480498 6.7411869999999965 303
1752700490705 6.779959999999988 304
1752700500877 6.809224 305
1752700511050 6.814309000000009 306
1752700521367 6.823678000000001 307
1752700531506 6.826978999999994 308
1752700541817 6.827764000000002 309
1752700552043 6.858405000000005 310
1752700562476 6.884411 311
1752700572704 6.91771 312
1752700583002 6.932837000000006 313
1752700593187 6.943741999999986 314
1752700603488 6.947043000000008 315
1752700613712 6.984599000000003 316
1752700623893 6.995359000000008 317
1752700634039 7.003570999999994 318
1752700644191 7.009264000000002 319
1752700654424 7.022722999999985 320
1752700664722 7.0313779999999895 321
1752700675003 7.082639999999998 322
1752700685190 7.092934999999983 323
1752700695370 7.096330999999992 324
1752700705680 7.105695999999995 325
1752700715915 7.114213000000007 326
1752700726203 7.139516999999984 327
1752700736369 7.158849000000004 328
1752700746547 7.161497999999995 329
1752700756819 7.165886 330
1752700766999 7.171582999999998 331
1752700777402 7.173882999999989 332
1752700787580 7.187929999999994 333
1752700797772 7.200794000000002 334
1752700807944 7.2136119999999835 335
1752700818221 7.215527000000009 336
1752700828380 7.22479899999999 337
1752700838710 7.227866000000006 338
1752700849059 7.237013999999988 339
1752700859231 7.271940999999998 340
1752700869550 7.274918999999983 341
1752700879806 7.282655000000005 342
1752700889992 7.288729999999987 343
1752700900389 7.302446000000003 344
1752700910724 7.319366000000002 345
1752700920955 7.332957999999991 346
1752700931201 7.347360000000009 347
1752700941406 7.349752999999993 348
1752700951638 7.361188999999996 349
1752700961986 7.364802999999995 350
1752700972358 7.394911000000008 351
1752700982592 7.414449999999988 352
1752700992740 7.417082999999991 353
1752701002897 7.4221430000000055 354
1752701013297 7.431579999999997 355
1752701023489 7.43592799999999 356
1752701033666 7.459348000000006 357
1752701043956 7.468410000000006 358
1752701054278 7.470030000000008 359
1752701064585 7.472684999999984 360
1752701074993 7.562241999999998 361
1752701085137 7.613983999999988 362
1752701095272 7.7117649999999855 363
1752701105464 7.818680999999998 364
1752701115638 7.829648999999989 365
1752701125796 7.844234 366
1752701135953 7.8508309999999994 367
1752701146336 7.869821999999999 368
1752701156516 7.872537999999992 369
1752701166797 7.885413 370
1752701177150 7.905227999999994 371
1752701187320 7.9138810000000035 372
1752701197516 7.925972000000002 373
1752701207671 7.934404000000001 374
1752701217820 7.945900999999992 375
1752701228006 7.967953999999992 376
1752701238159 7.971226999999999 377
1752701248320 7.978252999999995 378
1752701258487 7.9883489999999995 379
1752701268684 8.023139999999984 380
1752701279037 8.032074999999992 381
1752701289267 8.041673000000003 382
1752701299418 8.055126999999999 383
1752701309780 8.061063999999988 384
1752701320146 8.073016999999993 385
1752701330628 8.118612999999982 386
1752701340878 8.130192999999991 387
1752701351171 8.147967999999992 388
1752701361343 8.151899999999983 389
1752701371705 8.164704 390
1752701381919 8.170885999999996 391
1752701392072 8.209078000000005 392
1752701402487 8.222374000000002 393
1752701412655 8.234082999999998 394
1752701422897 8.245473000000004 395
1752701433198 8.25177500000001 396
1752701443357 8.284427999999991 397
1752701453493 8.318123999999983 398
1752701463778 8.353084999999993 399
1752701474046 8.358181000000002 400
1752701484263 8.361103999999983 401
1752701494426 8.381388999999984 402
1752701504633 8.385119000000003 403
1752701514825 10.143808000000007 404
1752701525120 10.23978600000001 405
1752701535339 10.418189999999981 406
1752701545428 10.49651399999999 407
1752701555536 10.526059000000004 408
1752701565643 10.535641999999996 409
1752701575742 10.552404999999993 410
1752701585843 10.574103000000008 411
1752701595981 10.578120999999982 412
1752701606083 10.58741599999999 413
1752701616174 10.593513000000002 414
1752701626266 10.625505000000004 415
1752701636395 10.641066999999993 416
1752701646560 10.660899 417
1752701656804 10.684742 418
1752701666922 10.692125000000004 419
1752701677087 10.701250999999985 420
1752701687215 10.787565999999998 421
1752701697384 10.816749999999985 422
1752701707488 10.832090999999991 423
1752701717733 10.840045000000003 424
1752701728039 10.922937999999988 425
1752701738214 10.99948599999999 426
1752701748322 11.019940999999989 427
1752701758423 11.047696000000002 428
1752701768570 11.064390000000003 429
1752701778760 11.082035999999988 430
1752701788928 11.095056999999997 431
1752701799049 11.114378999999985 432
1752701809208 11.147571999999997 433
1752701819353 11.162555999999995 434
1752701829505 11.170652999999987 435
1752701839669 11.180187999999987 436
1752701849850 11.196597999999994 437
1752701859942 11.204677000000004 438
1752701870047 11.225718 439
1752701880214 11.239048999999994 440
1752701890314 11.262800999999996 441
1752701900454 11.266802999999982 442
1752701910594 11.316420999999991 443
1752701920805 11.360376000000002 444
1752701930917 11.376002 445
1752701941021 11.394991000000005 446
1752701951128 11.398440999999991 447
1752701961229 11.402747000000005 448
1752701971327 11.417935999999997 449
1752701981469 11.430684999999983 450
1752701991693 11.503169999999983 451
1752702001866 11.519542000000001 452
1752702011975 11.541038999999984 453
1752702022077 11.548072999999988 454
1752702032196 11.55187699999999 455
1752702042286 11.561232999999987 456
1752702052374 11.597109999999986 457
