1752697376884 0.0 0
1752697387066 0.023381999999969594 1
1752697397288 0.04056300000002011 2
1752697407472 0.050027000000000044 3
1752697417676 0.05714599999998882 4
1752697427855 0.08309299999996256 5
1752697438136 0.08739300000002004 6
1752697448371 0.10262299999999414 7
1752697458715 0.11249199999997472 8
1752697469101 0.11579199999994216 9
1752697479289 0.4683159999999589 10
1752697489443 0.7213510000000269 11
1752697499725 1.0047730000000001 12
1752697510036 1.0121540000000095 13
1752697520320 1.0364509999999427 14
1752697530593 1.046671999999944 15
1752697540728 1.0806360000000268 16
1752697550886 1.1051390000000083 17
1752697561150 1.1120969999999488 18
1752697571340 1.130109999999945 19
1752697581617 1.166655999999989 20
1752697591759 1.1721059999999852 21
1752697601926 1.1778080000000273 22
1752697612166 1.2111649999999372 23
1752697622333 1.2661729999999807 24
1752697632601 1.2872479999999769 25
1752697642866 1.297113999999965 26
1752697653160 1.3198249999999234 27
1752697663310 1.3310539999999946 28
1752697673468 1.3601889999999912 29
1752697683676 1.3924150000000282 30
1752697693838 1.4006499999999278 31
1752697704038 1.4128069999999298 32
1752697714288 1.4218640000000278 33
1752697724545 1.4332369999999628 34
1752697734874 1.4482319999999618 35
1752697745151 1.466656999999941 36
1752697755318 1.47171400000002 37
1752697765644 1.4932139999999663 38
1752697775909 1.5051409999999805 39
1752697786056 1.5397799999999506 40
1752697796321 1.6217589999999973 41
1752697806584 1.6435040000000072 42
1752697816750 1.650013999999942 43
1752697826984 1.6620589999999993 44
1752697837328 1.6663360000000011 45
1752697847582 1.6885270000000219 46
1752697857929 1.7099479999999403 47
1752697868275 1.76916499999993 48
1752697878531 1.7786360000000059 49
1752697888676 1.7981169999999338 50
1752697898856 1.8106139999999868 51
1752697908985 1.824769999999944 52
1752697919353 1.8365340000000288 53
1752697929626 1.8805730000000267 54
1752697939779 1.8863430000000108 55
1752697950082 1.8919260000000122 56
1752697960262 1.9070319999999583 57
1752697970431 1.9414919999999256 58
1752697980771 1.9611979999999676 59
1752697990963 1.9788810000000012 60
1752698001108 1.9981579999999894 61
1752698011273 2.019309000000021 62
1752698021511 2.03464699999995 63
1752698031856 2.0706519999999955 64
1752698042211 2.098612000000003 65
1752698052438 2.1214860000000044 66
1752698062658 2.1326689999999644 67
1752698073002 2.138339999999971 68
1752698083139 2.14837399999999 69
1752698093338 2.2523629999999457 70
1752698103518 2.267360999999937 71
1752698113794 2.279533000000015 72
1752698124098 2.2979070000000092 73
1752698134275 2.4308589999999413 74
1752698144553 2.4770149999999376 75
1752698154641 2.5223499999999603 76
1752698164743 2.5280239999999594 77
1752698174884 2.549857999999972 78
1752698185048 2.5665219999999636 79
1752698195307 2.5716619999999466 80
1752698205555 2.5831150000000207 81
1752698215734 2.6024469999999837 82
1752698225952 2.616172000000006 83
1752698236119 2.6343839999999545 84
1752698247648 2.6484100000000126 85
1752698257875 2.6616829999999254 86
1752698268049 2.67368399999998 87
1752698278371 2.6804109999999355 88
1752698288635 2.695728000000031 89
1752698298855 2.713854999999967 90
1752698309017 2.720935999999938 91
1752698319366 2.7244249999999965 92
1752698329661 2.750065999999947 93
1752698339967 2.763153999999986 94
1752698350390 2.7763579999999592 95
1752698360577 2.7847719999999754 96
1752698370915 2.7880239999999503 97
1752698381304 2.797313000000031 98
1752698391585 2.888706999999954 99
1752698401739 2.9767819999999574 100
1752698412022 2.987752999999998 101
1752698422375 2.9949060000000145 102
1752698432561 3.005922999999939 103
1752698442909 3.0100780000000213 104
1752698453271 3.0261339999999564 105
1752698463529 3.0283439999999473 106
1752698473652 3.04051800000002 107
1752698483813 3.0581159999999272 108
1752698494156 3.069784000000027 109
1752698504454 3.0775730000000294 110
1752698514597 3.114814000000024 111
1752698524738 3.129436999999939 112
1752698535000 3.1468399999999974 113
1752698545147 3.1561269999999695 114
1752698555365 3.1657000000000153 115
1752698565564 3.1773509999999305 116
1752698575772 3.1872260000000097 117
1752698586111 3.197153999999955 118
1752698596429 3.207177999999999 119
1752698606620 3.2146979999999985 120
1752698616765 3.218988999999965 121
1752698626951 3.2414269999999306 122
1752698637140 3.2608529999999973 123
1752698647426 3.268650999999977 124
1752698657720 3.2768919999999753 125
1752698668077 3.287527999999952 126
1752698678323 3.2897140000000036 127
1752698688490 3.3032180000000153 128
1752698698691 3.3853239999999687 129
1752698708998 3.387884999999983 130
1752698719273 3.412488999999937 131
1752698729498 3.450973999999974 132
1752698739638 3.470175999999924 133
1752698749910 3.49273299999993 134
1752698760111 3.5095189999999548 135
1752698770230 3.5879599999999527 136
1752698780408 3.621181999999976 137
1752698790562 3.6426669999999604 138
1752698800871 3.6539880000000267 139
1752698811185 3.6658370000000104 140
1752698821475 3.6746100000000297 141
1752698831804 3.6974259999999504 142
1752698842085 3.704670999999962 143
1752698852256 3.7186590000000024 144
1752698862399 3.7255609999999706 145
1752698872692 3.7495669999999564 146
1752698882915 3.7611200000000053 147
1752698893186 3.7699029999999993 148
1752698903389 3.782277000000022 149
1752698913555 3.790312999999969 150
1752698923841 3.7995369999999866 151
1752698934085 3.815800999999965 152
1752698944308 3.8239469999999756 153
1752698954626 3.8254650000000083 154
1752698964802 3.837024999999926 155
1752698975184 3.8458029999999326 156
1752698985416 3.8539919999999483 157
1752698995555 3.933815999999979 158
1752699005910 3.9424679999999626 159
1752699016181 3.9486899999999423 160
1752699026474 3.9618219999999837 161
1752699036794 3.9771449999999504 162
1752699047128 3.9859900000000152 163
1752699057376 4.0132169999999405 164
1752699067521 4.021667999999977 165
1752699077662 4.041561999999999 166
1752699087977 4.0914659999999685 167
1752699098150 4.100898000000029 168
1752699108516 4.1167429999999285 169
1752699118659 4.126954999999953 170
1752699128867 4.148969999999963 171
1752699139049 4.156221999999957 172
1752699149237 4.17365899999993 173
1752699159383 4.197969999999941 174
1752699169654 4.202692999999954 175
1752699179815 4.207074999999918 176
1752699189983 4.2201840000000175 177
1752699200173 4.223337000000015 178
1752699210429 4.225036999999929 179
1752699220612 4.243059000000017 180
1752699230820 4.269928999999934 181
1752699241234 4.275475000000029 182
1752699251492 4.283976999999936 183
1752699261777 4.301948999999922 184
1752699271958 4.304021999999918 185
1752699282131 4.412653999999975 186
1752699292323 4.602712999999994 187
1752699302714 5.008326000000011 188
1752699312931 5.041329000000019 189
1752699323180 5.078167000000008 190
1752699333375 5.081217999999922 191
1752699343622 5.131207000000018 192
1752699353835 5.180596999999921 193
1752699364014 5.197307000000023 194
1752699374260 5.213743000000022 195
1752699384406 5.2547309999999925 196
1752699394626 5.276594999999929 197
1752699404782 5.336769000000004 198
1752699414953 5.3549110000000155 199
1752699425106 5.392112999999995 200
1752699435278 5.401846999999975 201
1752699445431 5.41431799999998 202
1752699455595 5.421194000000014 203
1752699465905 5.459094999999934 204
1752699476165 5.495424999999955 205
1752699486346 5.533683999999994 206
1752699496655 5.535768999999959 207
1752699506823 5.552709999999934 208
1752699516970 5.564734999999928 209
1752699527239 5.602548999999954 210
1752699537380 5.615640999999982 211
1752699547561 5.622880000000009 212
1752699557917 5.628450999999927 213
1752699568091 5.64707199999998 214
1752699578428 5.6503040000000055 215
1752699588662 5.692178000000013 216
1752699598807 5.788582000000019 217
1752699608961 5.79550699999993 218
1752699619181 5.838476000000014 219
1752699629479 5.8521200000000135 220
1752699639748 5.857899999999972 221
1752699650010 5.884098999999992 222
1752699660241 5.902490999999941 223
1752699670485 5.968005999999946 224
1752699680657 5.973611000000005 225
1752699690839 6.001871999999935 226
1752699701068 6.010407999999984 227
1752699711421 6.024299999999926 228
1752699721788 6.053974999999923 229
1752699731963 6.071889999999939 230
1752699742112 6.08272199999999 231
1752699752264 6.102447999999981 232
1752699762535 6.105903000000012 233
1752699772732 6.126705000000015 234
1752699782871 6.140845000000013 235
1752699793102 6.145934000000011 236
1752699803248 6.157205999999974 237
1752699813518 6.189337000000023 238
1752699823829 6.1946590000000015 239
1752699833965 6.244606999999974 240
1752699844296 6.260341999999923 241
1752699854543 6.272093999999925 242
1752699864703 6.310518000000002 243
1752699874919 6.335481999999956 244
1752699885055 6.345177999999919 245
1752699895225 6.425552999999923 246
1752699905510 6.50134300000002 247
1752699916475 6.504252999999949 248
1752699926605 6.507763999999952 249
1752699936758 6.5242359999999735 250
1752699947092 6.556332999999995 251
1752699957399 6.565141999999923 252
1752699967700 6.591641999999979 253
1752699978016 6.605432999999948 254
1752699988178 6.628102000000013 255
1752699998464 6.640019999999936 256
1752700008616 6.665102999999931 257
1752700018758 6.677816000000007 258
1752700029069 6.686692999999991 259
1752700039366 6.700665999999956 260
1752700049507 6.704611 261
1752700059791 6.7128999999999905 262
1752700070002 6.746543999999972 263
1752700080201 6.85498999999993 264
1752700090480 6.867586999999958 265
1752700100771 6.869364000000019 266
1752700110968 6.893715999999927 267
1752700121358 6.920059999999921 268
1752700131511 6.935724999999934 269
1752700141655 6.946741999999972 270
1752700151870 6.95629299999996 271
1752700162122 6.961992000000009 272
1752700172454 6.966003000000001 273
1752700182953 6.994421999999986 274
1752700193142 7.075562999999988 275
1752700203499 7.165656000000013 276
1752700213728 7.169802000000004 277
1752700224016 7.185706999999979 278
1752700234303 7.198746000000028 279
1752700244563 7.218246000000022 280
1752700254707 7.239770000000021 281
1752700264981 7.246334999999931 282
1752700275127 7.264528999999925 283
1752700285471 7.276342 284
1752700295808 7.2867069999999785 285
1752700305984 7.322771999999986 286
1752700316190 7.333272999999963 287
1752700326508 7.349491999999941 288
1752700336697 7.357181999999966 289
1752700347041 7.366260000000011 290
1752700357414 7.382672999999954 291
1752700367590 7.4064429999999675 292
1752700377767 7.410621999999989 293
1752700387923 7.431871000000001 294
1752700398082 7.439837000000011 295
1752700408331 7.45154100000002 296
1752700418815 7.45442700000001 297
1752700429113 7.472543999999971 298
1752700439451 7.493304999999964 299
1752700449768 7.4955549999999675 300
1752700460066 7.503341999999975 301
1752700470268 7.511729999999943 302
1752700480498 7.52359899999999 303
1752700490705 7.566241999999988 304
1752700500877 7.658659999999941 305
1752700511050 7.665391 306
1752700521367 7.679140999999959 307
1752700531506 7.682303999999931 308
1752700541817 7.68313999999998 309
1752700552043 7.713869999999929 310
1752700562476 7.74179700000002 311
1752700572704 7.812539000000015 312
1752700583002 7.827325999999971 313
1752700593187 7.847633999999971 314
1752700603488 7.848805999999968 315
1752700613712 7.876250000000027 316
1752700623893 7.887168999999972 317
1752700634039 7.898054000000002 318
1752700644191 7.905393000000004 319
1752700654424 7.9192299999999705 320
1752700664722 7.940052999999921 321
1752700675003 7.986452999999983 322
1752700685190 7.991929000000027 323
1752700695370 7.993954000000031 324
1752700705680 8.007511000000022 325
1752700715915 8.016570000000002 326
1752700726203 8.03667699999994 327
1752700736369 8.041357999999946 328
1752700746547 8.048489000000018 329
1752700756819 8.053803000000016 330
1752700766999 8.06033100000002 331
1752700777402 8.062763000000018 332
1752700787580 8.073852999999986 333
1752700797772 8.087231999999972 334
1752700807944 8.156970999999999 335
1752700818221 8.160146999999938 336
1752700828380 8.165493999999967 337
1752700838710 8.174616000000015 338
1752700849059 8.178471999999942 339
1752700859231 8.229683000000023 340
1752700869550 8.232880000000023 341
1752700879806 8.242271999999957 342
1752700889992 8.255388999999923 343
1752700900389 8.273165999999947 344
1752700910724 8.285847999999987 345
1752700920955 8.30162299999995 346
1752700931201 8.31901599999992 347
1752700941406 8.323368999999957 348
1752700951638 8.334877000000006 349
1752700961986 8.336819999999989 350
1752700972358 8.358949999999936 351
1752700982592 8.368785000000003 352
1752700992740 8.375639999999976 353
1752701002897 8.377972 354
1752701013297 8.390890000000013 355
1752701023489 8.40259500000002 356
1752701033666 8.419430999999918 357
1752701043956 8.429624999999987 358
1752701054278 8.43179699999996 359
1752701064585 8.436689999999999 360
1752701074993 8.735904000000005 361
1752701085137 8.818940999999995 362
1752701095272 8.920478000000003 363
1752701105464 9.244961999999987 364
1752701115638 9.261320999999953 365
1752701125796 9.276527999999985 366
1752701135953 9.283884999999941 367
1752701146336 9.309927000000016 368
1752701156516 9.312839999999937 369
1752701166797 9.323328999999944 370
1752701177150 9.346247999999946 371
1752701187320 9.356228999999985 372
1752701197516 9.375513999999953 373
1752701207671 9.382368999999926 374
1752701217820 9.391782999999919 375
1752701228006 9.415836000000013 376
1752701238159 9.41978999999992 377
1752701248320 9.42548899999997 378
1752701258487 9.437104999999974 379
1752701268684 9.469476999999983 380
1752701279037 9.478666999999973 381
1752701289267 9.49570899999992 382
1752701299418 9.507276999999931 383
1752701309780 9.512201000000005 384
1752701320146 9.52836000000002 385
1752701330628 9.558310000000006 386
1752701340878 9.56705199999999 387
1752701351171 9.580668999999943 388
1752701361343 9.585443999999939 389
1752701371705 9.599228999999923 390
1752701381919 9.606731999999965 391
1752701392072 9.646495999999956 392
1752701402487 9.723213999999984 393
1752701412655 9.729168999999956 394
1752701422897 9.743117999999981 395
1752701433198 9.749218999999925 396
1752701443357 9.77326800000003 397
1752701453493 9.802976999999942 398
1752701463778 9.869617999999946 399
1752701474046 9.874410000000012 400
1752701484263 9.877541999999949 401
1752701494426 9.90362499999992 402
1752701504633 9.906229999999937 403
1752701514825 27.709374000000025 404
1752701525120 34.68093299999998 405
1752701535339 37.899223000000006 406
1752701545428 37.95356600000002 407
1752701555536 37.97321999999997 408
1752701565643 37.98095799999999 409
1752701575742 37.99845599999992 410
1752701585843 38.02785999999992 411
1752701595981 38.03219300000001 412
1752701606083 38.04542900000001 413
1752701616174 38.053585 414
1752701626266 38.08010100000001 415
1752701636395 38.09612199999992 416
1752701646560 38.11983699999996 417
1752701656804 38.29305999999997 418
1752701666922 38.300662999999986 419
1752701677087 38.310153000000014 420
1752701687215 38.38190399999996 421
1752701697384 38.40083900000002 422
1752701707488 38.46722699999998 423
1752701717733 38.58778499999994 424
1752701728039 38.62292600000001 425
1752701738214 38.80185299999994 426
1752701748322 38.819068000000016 427
1752701758423 38.84943999999996 428
1752701768570 38.87228399999992 429
1752701778760 38.884681 430
1752701788928 38.90521100000001 431
1752701799049 38.93189899999993 432
1752701809208 38.95006799999999 433
1752701819353 38.962931000000026 434
1752701829505 38.97713799999997 435
1752701839669 38.98849699999994 436
1752701849850 39.00924599999996 437
1752701859942 39.01672199999996 438
1752701870047 39.037620999999945 439
1752701880214 39.05209500000001 440
1752701890314 39.086509999999976 441
1752701900454 39.09294599999998 442
1752701910594 39.116584999999986 443
1752701920805 39.143888999999945 444
1752701930917 39.15656000000001 445
1752701941021 39.181692999999996 446
1752701951128 39.18629199999998 447
1752701961229 39.19170399999996 448
1752701971327 39.20493299999998 449
1752701981469 39.20975599999997 450
1752701991693 39.27008799999999 451
1752702001866 39.34869200000003 452
1752702011975 39.37448799999993 453
1752702022077 39.38428299999998 454
1752702032196 39.38831199999993 455
1752702042286 39.398056999999994 456
1752702052374 39.42279399999995 457
