1752697376884 63.1 0
1752697387066 62.9 1
1752697397288 64.7 2
1752697407472 62.4 3
1752697417676 63.5 4
1752697427855 62.2 5
1752697438136 62.3 6
1752697448371 62.8 7
1752697458715 63.5 8
1752697469101 62.4 9
1752697479289 62.5 10
1752697489443 64.2 11
1752697499725 62.8 12
1752697510036 63.8 13
1752697520320 64.5 14
1752697530593 63.1 15
1752697540728 63.4 16
1752697550886 64.5 17
1752697561150 64.5 18
1752697571340 63.5 19
1752697581617 64.4 20
1752697591759 63.3 21
1752697601926 63.7 22
1752697612166 64.4 23
1752697622333 64.0 24
1752697632601 63.4 25
1752697642866 63.8 26
1752697653160 62.8 27
1752697663310 63.4 28
1752697673468 63.9 29
1752697683676 62.3 30
1752697693838 63.0 31
1752697704038 64.0 32
1752697714288 62.7 33
1752697724545 63.2 34
1752697734874 64.0 35
1752697745151 62.7 36
1752697755318 63.2 37
1752697765644 63.8 38
1752697775909 62.7 39
1752697786056 62.9 40
1752697796321 64.0 41
1752697806584 62.8 42
1752697816750 63.2 43
1752697826984 63.9 44
1752697837328 62.7 45
1752697847582 63.2 46
1752697857929 63.9 47
1752697868275 62.7 48
1752697878531 62.8 49
1752697888676 63.1 50
1752697898856 62.6 51
1752697908985 63.5 52
1752697919353 63.2 53
1752697929626 62.7 54
1752697939779 63.1 55
1752697950082 62.6 56
1752697960262 63.0 57
1752697970431 63.0 58
1752697980771 62.9 59
1752697990963 63.8 60
1752698001108 62.7 61
1752698011273 63.8 62
1752698021511 62.5 63
1752698031856 63.0 64
1752698042211 63.8 65
1752698052438 62.6 66
1752698062658 63.0 67
1752698073002 62.9 68
1752698083139 62.4 69
1752698093338 62.6 70
1752698103518 63.3 71
1752698113794 63.3 72
1752698124098 62.2 73
1752698134275 62.6 74
1752698144553 61.8 75
1752698154641 62.2 76
1752698164743 62.0 77
1752698174884 62.8 78
1752698185048 63.2 79
1752698195307 62.4 80
1752698205555 62.7 81
1752698215734 63.7 82
1752698225952 63.8 83
1752698236119 62.8 84
1752698247648 63.8 85
1752698257875 62.1 86
1752698268049 63.6 87
1752698278371 63.7 88
1752698288635 63.5 89
1752698298855 64.3 90
1752698309017 63.2 91
1752698319366 64.3 92
1752698329661 63.1 93
1752698339967 64.3 94
1752698350390 63.1 95
1752698360577 63.5 96
1752698370915 64.3 97
1752698381304 63.1 98
1752698391585 63.2 99
1752698401739 63.6 100
1752698412022 64.4 101
1752698422375 63.1 102
1752698432561 63.5 103
1752698442909 64.3 104
1752698453271 63.2 105
1752698463529 63.6 106
1752698473652 64.4 107
1752698483813 63.4 108
1752698494156 64.4 109
1752698504454 63.2 110
1752698514597 63.6 111
1752698524738 64.4 112
1752698535000 64.5 113
1752698545147 63.4 114
1752698555365 64.5 115
1752698565564 64.5 116
1752698575772 63.4 117
1752698586111 63.0 118
1752698596429 63.7 119
1752698606620 64.4 120
1752698616765 63.3 121
1752698626951 64.4 122
1752698637140 63.4 123
1752698647426 64.4 124
1752698657720 63.3 125
1752698668077 64.4 126
1752698678323 63.4 127
1752698688490 63.8 128
1752698698691 63.2 129
1752698708998 63.4 130
1752698719273 64.2 131
1752698729498 63.1 132
1752698739638 63.5 133
1752698749910 64.2 134
1752698760111 63.1 135
1752698770230 63.5 136
1752698780408 63.7 137
1752698790562 63.2 138
1752698800871 64.2 139
1752698811185 63.1 140
1752698821475 64.2 141
1752698831804 63.1 142
1752698842085 63.5 143
1752698852256 62.9 144
1752698862399 63.3 145
1752698872692 64.3 146
1752698882915 63.1 147
1752698893186 64.3 148
1752698903389 63.1 149
1752698913555 63.6 150
1752698923841 63.2 151
1752698934085 63.2 152
1752698944308 63.5 153
1752698954626 62.9 154
1752698964802 63.5 155
1752698975184 64.3 156
1752698985416 63.1 157
1752698995555 64.4 158
1752699005910 63.1 159
1752699016181 63.5 160
1752699026474 63.6 161
1752699036794 63.2 162
1752699047128 64.3 163
1752699057376 63.2 164
1752699067521 63.6 165
1752699077662 64.4 166
1752699087977 63.6 167
1752699098150 64.4 168
1752699108516 63.2 169
1752699118659 63.7 170
1752699128867 64.4 171
1752699139049 63.4 172
1752699149237 64.4 173
1752699159383 62.9 174
1752699169654 62.9 175
1752699179815 63.5 176
1752699189983 64.1 177
1752699200173 63.3 178
1752699210429 64.5 179
1752699220612 63.0 180
1752699230820 63.5 181
1752699241234 64.5 182
1752699251492 63.4 183
1752699261777 64.5 184
1752699271958 63.0 185
1752699282131 63.5 186
1752699292323 63.6 187
1752699302714 62.7 188
1752699312931 63.0 189
1752699323180 63.7 190
1752699333375 62.4 191
1752699343622 64.3 192
1752699353835 62.5 193
1752699364014 63.1 194
1752699374260 63.6 195
1752699384406 63.4 196
1752699394626 64.5 197
1752699404782 62.0 198
1752699414953 63.0 199
1752699425106 61.7 200
1752699435278 62.5 201
1752699445431 62.9 202
1752699455595 62.0 203
1752699465905 63.0 204
1752699476165 62.0 205
1752699486346 62.3 206
1752699496655 63.1 207
1752699506823 61.9 208
1752699516970 63.1 209
1752699527239 62.9 210
1752699537380 62.0 211
1752699547561 62.3 212
1752699557917 63.0 213
1752699568091 61.9 214
1752699578428 63.1 215
1752699588662 62.3 216
1752699598807 63.1 217
1752699608961 61.7 218
1752699619181 62.1 219
1752699629479 63.1 220
1752699639748 61.9 221
1752699650010 62.3 222
1752699660241 63.1 223
1752699670485 61.9 224
1752699680657 62.3 225
1752699690839 61.9 226
1752699701068 62.0 227
1752699711421 63.0 228
1752699721788 61.9 229
1752699731963 62.3 230
1752699742112 63.0 231
1752699752264 62.0 232
1752699762535 63.0 233
1752699772732 61.9 234
1752699782871 62.3 235
1752699793102 63.0 236
1752699803248 62.2 237
1752699813518 63.0 238
1752699823829 61.9 239
1752699833965 62.3 240
1752699844296 61.3 241
1752699854543 62.3 242
1752699864703 61.6 243
1752699874919 62.5 244
1752699885055 62.5 245
1752699895225 62.6 246
1752699905510 63.2 247
1752699916475 62.1 248
1752699926605 61.5 249
1752699936758 62.8 250
1752699947092 63.6 251
1752699957399 62.4 252
1752699967700 63.6 253
1752699978016 62.4 254
1752699988178 63.3 255
1752699998464 63.6 256
1752700008616 62.4 257
1752700018758 63.6 258
1752700029069 62.3 259
1752700039366 63.5 260
1752700049507 62.3 261
1752700059791 63.5 262
1752700070002 62.4 263
1752700080201 62.5 264
1752700090480 63.5 265
1752700100771 62.3 266
1752700110968 63.5 267
1752700121358 63.6 268
1752700131511 62.4 269
1752700141655 62.9 270
1752700151870 61.9 271
1752700162122 62.8 272
1752700172454 63.6 273
1752700182953 62.4 274
1752700193142 62.7 275
1752700203499 62.2 276
1752700213728 62.8 277
1752700224016 63.6 278
1752700234303 62.1 279
1752700244563 62.8 280
1752700254707 61.8 281
1752700264981 62.9 282
1752700275127 61.6 283
1752700285471 62.2 284
1752700295808 63.0 285
1752700305984 62.2 286
1752700316190 63.0 287
1752700326508 61.8 288
1752700336697 62.2 289
1752700347041 63.0 290
1752700357414 61.8 291
1752700367590 62.2 292
1752700377767 63.0 293
1752700387923 62.5 294
1752700398082 61.9 295
1752700408331 62.9 296
1752700418815 61.7 297
1752700429113 62.1 298
1752700439451 62.9 299
1752700449768 62.1 300
1752700460066 62.9 301
1752700470268 61.8 302
1752700480498 63.6 303
1752700490705 63.7 304
1752700500877 62.6 305
1752700511050 63.7 306
1752700521367 62.5 307
1752700531506 63.5 308
1752700541817 62.1 309
1752700552043 62.8 310
1752700562476 62.5 311
1752700572704 62.9 312
1752700583002 63.6 313
1752700593187 62.9 314
1752700603488 63.6 315
1752700613712 62.5 316
1752700623893 63.4 317
1752700634039 63.7 318
1752700644191 62.5 319
1752700654424 62.8 320
1752700664722 63.5 321
1752700675003 62.8 322
1752700685190 63.6 323
1752700695370 62.0 324
1752700705680 62.3 325
1752700715915 62.7 326
1752700726203 63.8 327
1752700736369 62.7 328
1752700746547 63.8 329
1752700756819 62.1 330
1752700766999 63.1 331
1752700777402 63.8 332
1752700787580 62.7 333
1752700797772 63.2 334
1752700807944 63.8 335
1752700818221 62.4 336
1752700828380 62.8 337
1752700838710 63.8 338
1752700849059 63.1 339
1752700859231 63.9 340
1752700869550 63.0 341
1752700879806 63.9 342
1752700889992 63.0 343
1752700900389 63.8 344
1752700910724 62.7 345
1752700920955 63.1 346
1752700931201 62.4 347
1752700941406 62.8 348
1752700951638 63.2 349
1752700961986 63.9 350
1752700972358 62.7 351
1752700982592 63.2 352
1752700992740 63.9 353
1752701002897 62.9 354
1752701013297 63.8 355
1752701023489 62.7 356
1752701033666 63.3 357
1752701043956 63.2 358
1752701054278 62.7 359
1752701064585 63.8 360
1752701074993 63.0 361
1752701085137 63.2 362
1752701095272 63.4 363
1752701105464 64.1 364
1752701115638 63.0 365
1752701125796 63.4 366
1752701135953 64.2 367
1752701146336 62.9 368
1752701156516 63.3 369
1752701166797 64.0 370
1752701177150 62.9 371
1752701187320 63.3 372
1752701197516 64.0 373
1752701207671 63.0 374
1752701217820 63.4 375
1752701228006 64.1 376
1752701238159 63.1 377
1752701248320 63.4 378
1752701258487 64.1 379
1752701268684 64.2 380
1752701279037 62.8 381
1752701289267 63.3 382
1752701299418 64.1 383
1752701309780 63.3 384
1752701320146 64.1 385
1752701330628 63.0 386
1752701340878 63.3 387
1752701351171 62.7 388
1752701361343 63.3 389
1752701371705 62.7 390
1752701381919 63.2 391
1752701392072 63.7 392
1752701402487 62.9 393
1752701412655 63.4 394
1752701422897 64.1 395
1752701433198 62.9 396
1752701443357 63.3 397
1752701453493 64.1 398
1752701463778 62.7 399
1752701474046 63.1 400
1752701484263 63.7 401
1752701494426 64.5 402
1752701504633 64.2 403
1752701514825 67.7 404
1752701525120 67.2 405
1752701535339 70.6 406
1752701545428 69.7 407
1752701555536 69.4 408
1752701565643 68.9 409
1752701575742 68.0 410
1752701585843 68.7 411
1752701595981 68.6 412
1752701606083 67.9 413
1752701616174 68.6 414
1752701626266 68.4 415
1752701636395 66.8 416
1752701646560 67.4 417
1752701656804 67.5 418
1752701666922 67.4 419
1752701677087 67.3 420
1752701687215 66.8 421
1752701697384 66.9 422
1752701707488 66.7 423
1752701717733 66.3 424
1752701728039 68.0 425
1752701738214 68.7 426
1752701748322 66.2 427
1752701758423 66.2 428
1752701768570 66.5 429
1752701778760 66.6 430
1752701788928 66.3 431
1752701799049 66.2 432
1752701809208 65.5 433
1752701819353 65.6 434
1752701829505 65.8 435
1752701839669 65.7 436
1752701849850 65.9 437
1752701859942 66.0 438
1752701870047 66.8 439
1752701880214 65.9 440
1752701890314 65.8 441
1752701900454 66.0 442
1752701910594 65.7 443
1752701920805 65.9 444
1752701930917 66.0 445
1752701941021 66.1 446
1752701951128 66.8 447
1752701961229 66.8 448
1752701971327 66.8 449
1752701981469 66.8 450
1752701991693 66.1 451
1752702001866 66.0 452
1752702011975 66.1 453
1752702022077 66.7 454
1752702032196 66.1 455
1752702042286 66.3 456
1752702052374 66.8 457
