1752697376884 21461.4 0
1752697387066 21419.4 1
1752697397288 22011.5 2
1752697407472 21241.4 3
1752697417676 21602.3 4
1752697427855 21153.1 5
1752697438136 21206.8 6
1752697448371 21353.4 7
1752697458715 21623.1 8
1752697469101 21226.0 9
1752697479289 21256.3 10
1752697489443 21850.5 11
1752697499725 21366.1 12
1752697510036 21697.8 13
1752697520320 21957.4 14
1752697530593 21482.4 15
1752697540728 21563.0 16
1752697550886 21948.3 17
1752697561150 21951.6 18
1752697571340 21594.3 19
1752697581617 21921.5 20
1752697591759 21541.6 21
1752697601926 21666.0 22
1752697612166 21918.7 23
1752697622333 21763.7 24
1752697632601 21565.3 25
1752697642866 21696.6 26
1752697653160 21362.8 27
1752697663310 21569.6 28
1752697673468 21745.0 29
1752697683676 21211.9 30
1752697693838 21437.4 31
1752697704038 21762.6 32
1752697714288 21349.5 33
1752697724545 21496.3 34
1752697734874 21767.8 35
1752697745151 21344.8 36
1752697755318 21502.9 37
1752697765644 21727.0 38
1752697775909 21342.0 39
1752697786056 21395.7 40
1752697796321 21773.8 41
1752697806584 21364.2 42
1752697816750 21518.0 43
1752697826984 21750.4 44
1752697837328 21350.4 45
1752697847582 21494.1 46
1752697857929 21748.0 47
1752697868275 21340.1 48
1752697878531 21385.1 49
1752697888676 21475.0 50
1752697898856 21307.5 51
1752697908985 21615.1 52
1752697919353 21496.2 53
1752697929626 21320.9 54
1752697939779 21456.1 55
1752697950082 21305.9 56
1752697960262 21453.5 57
1752697970431 21426.9 58
1752697980771 21419.6 59
1752697990963 21695.2 60
1752698001108 21342.2 61
1752698011273 21696.7 62
1752698021511 21268.9 63
1752698031856 21422.1 64
1752698042211 21702.2 65
1752698052438 21314.1 66
1752698062658 21447.5 67
1752698073002 21410.6 68
1752698083139 21231.4 69
1752698093338 21289.9 70
1752698103518 21542.0 71
1752698113794 21526.3 72
1752698124098 21154.3 73
1752698134275 21294.5 74
1752698144553 21030.4 75
1752698154641 21173.5 76
1752698164743 21099.3 77
1752698174884 21382.5 78
1752698185048 21495.2 79
1752698195307 21221.2 80
1752698205555 21344.7 81
1752698215734 21687.8 82
1752698225952 21721.8 83
1752698236119 21370.9 84
1752698247648 21720.8 85
1752698257875 21119.0 86
1752698268049 21636.9 87
1752698278371 21692.2 88
1752698288635 21605.1 89
1752698298855 21866.1 90
1752698309017 21492.3 91
1752698319366 21872.7 92
1752698329661 21487.1 93
1752698339967 21867.3 94
1752698350390 21488.6 95
1752698360577 21599.9 96
1752698370915 21869.8 97
1752698381304 21487.7 98
1752698391585 21521.0 99
1752698401739 21653.8 100
1752698412022 21898.1 101
1752698422375 21484.6 102
1752698432561 21601.1 103
1752698442909 21871.1 104
1752698453271 21511.9 105
1752698463529 21628.8 106
1752698473652 21914.6 107
1752698483813 21568.5 108
1752698494156 21905.3 109
1752698504454 21510.3 110
1752698514597 21643.4 111
1752698524738 21921.1 112
1752698535000 21949.6 113
1752698545147 21559.3 114
1752698555365 21941.7 115
1752698565564 21952.4 116
1752698575772 21565.4 117
1752698586111 21455.2 118
1752698596429 21660.7 119
1752698606620 21907.8 120
1752698616765 21549.6 121
1752698626951 21926.0 122
1752698637140 21564.3 123
1752698647426 21915.7 124
1752698657720 21531.5 125
1752698668077 21912.2 126
1752698678323 21590.5 127
1752698688490 21725.0 128
1752698698691 21508.8 129
1752698708998 21579.0 130
1752698719273 21862.5 131
1752698729498 21463.2 132
1752698739638 21608.9 133
1752698749910 21857.4 134
1752698760111 21461.7 135
1752698770230 21616.6 136
1752698780408 21690.5 137
1752698790562 21521.1 138
1752698800871 21858.8 139
1752698811185 21474.5 140
1752698821475 21863.5 141
1752698831804 21487.6 142
1752698842085 21594.6 143
1752698852256 21394.0 144
1752698862399 21531.9 145
1752698872692 21869.7 146
1752698882915 21483.0 147
1752698893186 21883.5 148
1752698903389 21478.3 149
1752698913555 21626.8 150
1752698923841 21505.7 151
1752698934085 21490.0 152
1752698944308 21617.5 153
1752698954626 21397.3 154
1752698964802 21597.1 155
1752698975184 21870.2 156
1752698985416 21474.4 157
1752698995555 21917.6 158
1752699005910 21481.6 159
1752699016181 21623.5 160
1752699026474 21639.7 161
1752699036794 21491.4 162
1752699047128 21893.9 163
1752699057376 21518.8 164
1752699067521 21642.6 165
1752699077662 21923.0 166
1752699087977 21634.9 167
1752699098150 21907.8 168
1752699108516 21515.7 169
1752699118659 21664.2 170
1752699128867 21908.3 171
1752699139049 21559.7 172
1752699149237 21908.3 173
1752699159383 21401.9 174
1752699169654 21417.3 175
1752699179815 21611.9 176
1752699189983 21802.1 177
1752699200173 21544.5 178
1752699210429 21955.8 179
1752699220612 21429.2 180
1752699230820 21600.3 181
1752699241234 21950.8 182
1752699251492 21560.7 183
1752699261777 21951.1 184
1752699271958 21450.7 185
1752699282131 21592.5 186
1752699292323 21643.7 187
1752699302714 21325.7 188
1752699312931 21427.6 189
1752699323180 21664.4 190
1752699333375 21234.9 191
1752699343622 21893.9 192
1752699353835 21277.3 193
1752699364014 21479.2 194
1752699374260 21653.0 195
1752699384406 21569.3 196
1752699394626 21948.5 197
1752699404782 21091.0 198
1752699414953 21449.3 199
1752699425106 20980.0 200
1752699435278 21255.8 201
1752699445431 21390.1 202
1752699455595 21111.8 203
1752699465905 21441.6 204
1752699476165 21084.4 205
1752699486346 21209.4 206
1752699496655 21480.5 207
1752699506823 21080.6 208
1752699516970 21473.5 209
1752699527239 21388.7 210
1752699537380 21091.5 211
1752699547561 21213.4 212
1752699557917 21454.6 213
1752699568091 21060.3 214
1752699578428 21456.6 215
1752699588662 21193.4 216
1752699598807 21467.8 217
1752699608961 20985.9 218
1752699619181 21130.7 219
1752699629479 21472.4 220
1752699639748 21074.8 221
1752699650010 21191.9 222
1752699660241 21462.9 223
1752699670485 21071.4 224
1752699680657 21196.9 225
1752699690839 21061.1 226
1752699701068 21087.8 227
1752699711421 21445.7 228
1752699721788 21053.2 229
1752699731963 21210.9 230
1752699742112 21441.1 231
1752699752264 21088.1 232
1752699762535 21437.6 233
1752699772732 21057.4 234
1752699782871 21203.8 235
1752699793102 21454.8 236
1752699803248 21168.9 237
1752699813518 21442.3 238
1752699823829 21052.8 239
1752699833965 21191.0 240
1752699844296 20862.4 241
1752699854543 21191.8 242
1752699864703 20961.2 243
1752699874919 21275.9 244
1752699885055 21266.0 245
1752699895225 21298.7 246
1752699905510 21523.0 247
1752699916475 21122.9 248
1752699926605 20911.5 249
1752699936758 21386.8 250
1752699947092 21642.3 251
1752699957399 21241.7 252
1752699967700 21627.4 253
1752699978016 21241.0 254
1752699988178 21527.0 255
1752699998464 21636.7 256
1752700008616 21250.0 257
1752700018758 21634.1 258
1752700029069 21213.5 259
1752700039366 21600.2 260
1752700049507 21211.8 261
1752700059791 21599.8 262
1752700070002 21218.7 263
1752700080201 21263.1 264
1752700090480 21617.7 265
1752700100771 21216.5 266
1752700110968 21605.4 267
1752700121358 21631.0 268
1752700131511 21250.0 269
1752700141655 21395.6 270
1752700151870 21050.8 271
1752700162122 21355.2 272
1752700172454 21626.2 273
1752700182953 21237.5 274
1752700193142 21351.2 275
1752700203499 21154.2 276
1752700213728 21361.6 277
1752700224016 21628.5 278
1752700234303 21115.4 279
1752700244563 21386.3 280
1752700254707 21025.0 281
1752700264981 21390.9 282
1752700275127 20975.4 283
1752700285471 21169.4 284
1752700295808 21437.9 285
1752700305984 21178.5 286
1752700316190 21446.0 287
1752700326508 21019.7 288
1752700336697 21163.8 289
1752700347041 21439.3 290
1752700357414 21032.8 291
1752700367590 21160.5 292
1752700377767 21427.5 293
1752700387923 21273.8 294
1752700398082 21049.5 295
1752700408331 21399.7 296
1752700418815 21005.5 297
1752700429113 21136.1 298
1752700439451 21411.6 299
1752700449768 21130.2 300
1752700460066 21401.7 301
1752700470268 21013.7 302
1752700480498 21654.5 303
1752700490705 21673.8 304
1752700500877 21311.6 305
1752700511050 21673.4 306
1752700521367 21270.8 307
1752700531506 21619.3 308
1752700541817 21148.2 309
1752700552043 21384.3 310
1752700562476 21256.1 311
1752700572704 21399.9 312
1752700583002 21652.2 313
1752700593187 21400.5 314
1752700603488 21651.8 315
1752700613712 21278.9 316
1752700623893 21582.3 317
1752700634039 21664.6 318
1752700644191 21258.2 319
1752700654424 21369.5 320
1752700664722 21624.5 321
1752700675003 21355.4 322
1752700685190 21628.6 323
1752700695370 21096.5 324
1752700705680 21208.4 325
1752700715915 21351.1 326
1752700726203 21718.9 327
1752700736369 21324.0 328
1752700746547 21713.0 329
1752700756819 21127.3 330
1752700766999 21464.6 331
1752700777402 21708.8 332
1752700787580 21326.5 333
1752700797772 21504.8 334
1752700807944 21726.9 335
1752700818221 21250.2 336
1752700828380 21368.0 337
1752700838710 21720.8 338
1752700849059 21457.6 339
1752700859231 21739.6 340
1752700869550 21454.6 341
1752700879806 21728.4 342
1752700889992 21453.0 343
1752700900389 21724.1 344
1752700910724 21347.1 345
1752700920955 21465.7 346
1752700931201 21246.4 347
1752700941406 21381.3 348
1752700951638 21495.2 349
1752700961986 21733.0 350
1752700972358 21350.4 351
1752700982592 21499.2 352
1752700992740 21759.0 353
1752701002897 21402.6 354
1752701013297 21713.7 355
1752701023489 21342.7 356
1752701033666 21550.0 357
1752701043956 21496.6 358
1752701054278 21329.6 359
1752701064585 21713.7 360
1752701074993 21441.9 361
1752701085137 21497.0 362
1752701095272 21586.5 363
1752701105464 21825.8 364
1752701115638 21424.3 365
1752701125796 21576.6 366
1752701135953 21831.3 367
1752701146336 21410.7 368
1752701156516 21556.0 369
1752701166797 21790.7 370
1752701177150 21401.4 371
1752701187320 21548.3 372
1752701197516 21790.3 373
1752701207671 21442.5 374
1752701217820 21558.1 375
1752701228006 21827.8 376
1752701238159 21471.3 377
1752701248320 21585.0 378
1752701258487 21826.3 379
1752701268684 21831.5 380
1752701279037 21369.6 381
1752701289267 21556.3 382
1752701299418 21823.7 383
1752701309780 21549.2 384
1752701320146 21818.3 385
1752701330628 21437.5 386
1752701340878 21553.1 387
1752701351171 21347.9 388
1752701361343 21529.5 389
1752701371705 21326.0 390
1752701381919 21523.2 391
1752701392072 21692.5 392
1752701402487 21421.2 393
1752701412655 21567.8 394
1752701422897 21807.8 395
1752701433198 21414.1 396
1752701443357 21545.0 397
1752701453493 21824.0 398
1752701463778 21337.9 399
1752701474046 21474.3 400
1752701484263 21684.0 401
1752701494426 21936.6 402
1752701504633 21858.7 403
1752701514825 23042.6 404
1752701525120 22853.9 405
1752701535339 24039.9 406
1752701545428 23732.3 407
1752701555536 23603.8 408
1752701565643 23430.2 409
1752701575742 23129.4 410
1752701585843 23366.5 411
1752701595981 23354.4 412
1752701606083 23092.9 413
1752701616174 23335.9 414
1752701626266 23271.3 415
1752701636395 22747.2 416
1752701646560 22930.7 417
1752701656804 22957.4 418
1752701666922 22933.7 419
1752701677087 22911.2 420
1752701687215 22740.7 421
1752701697384 22751.4 422
1752701707488 22692.7 423
1752701717733 22570.6 424
1752701728039 23128.7 425
1752701738214 23370.7 426
1752701748322 22542.0 427
1752701758423 22539.1 428
1752701768570 22636.0 429
1752701778760 22665.6 430
1752701788928 22555.3 431
1752701799049 22533.2 432
1752701809208 22286.8 433
1752701819353 22309.4 434
1752701829505 22379.1 435
1752701839669 22367.7 436
1752701849850 22429.2 437
1752701859942 22457.1 438
1752701870047 22724.7 439
1752701880214 22420.7 440
1752701890314 22399.2 441
1752701900454 22465.5 442
1752701910594 22345.7 443
1752701920805 22434.7 444
1752701930917 22451.4 445
1752701941021 22491.7 446
1752701951128 22742.5 447
1752701961229 22721.7 448
1752701971327 22724.0 449
1752701981469 22739.1 450
1752701991693 22479.5 451
1752702001866 22453.9 452
1752702011975 22497.5 453
1752702022077 22713.3 454
1752702032196 22478.2 455
1752702042286 22551.6 456
1752702052374 22738.4 457
