1752239367834 260498.7 0
1752239378035 260499.7 1
1752239388158 260499.9 2
1752239399191 260500.0 3
1752239410488 260500.2 4
1752239420957 260500.3 5
1752239431680 260500.5 6
1752239442474 260500.6 7
1752239452688 260500.7 8
1752239462796 260503.0 9
1752239472903 260504.7 10
1752239483220 260504.8 11
1752239493336 260504.9 12
1752239503485 260505.2 13
1752239513785 260505.4 14
1752239523902 260505.5 15
1752239534083 260505.6 16
1752239544277 260505.7 17
1752239554516 260506.1 18
1752239564691 260506.3 19
1752239574868 260506.5 20
