1752239367834 762894.9 0
1752239378035 762894.0 1
1752239388158 762893.8 2
1752239399191 762893.6 3
1752239410488 762893.4 4
1752239420957 762893.3 5
1752239431680 762893.2 6
1752239442474 762893.0 7
1752239452688 762892.9 8
1752239462796 762890.6 9
1752239472903 762888.9 10
1752239483220 762888.8 11
1752239493336 762888.7 12
1752239503485 762888.5 13
1752239513785 762888.2 14
1752239523902 762888.1 15
1752239534083 762888.0 16
1752239544277 762887.9 17
1752239554516 762887.5 18
1752239564691 762887.3 19
1752239574868 762887.1 20
