1752239367834 0.0 0
1752239378035 0.007237999999972544 1
1752239388158 0.01475199999998722 2
1752239399191 0.03617200000002185 3
1752239410488 0.07890900000001011 4
1752239420957 0.09411199999999553 5
1752239431680 0.11855500000001484 6
1752239442474 0.15422799999998915 7
1752239452688 0.2099450000000047 8
1752239462796 2.036248999999998 9
1752239472903 3.190025999999989 10
1752239483220 3.1977580000000216 11
1752239493336 3.2911550000000034 12
1752239503485 3.321415000000002 13
1752239513785 3.3350249999999733 14
1752239523902 3.3500849999999787 15
1752239534083 3.3610370000000103 16
1752239544277 3.365544 17
1752239554516 3.5486189999999738 18
1752239564691 3.5681769999999915 19
1752239574868 3.6094130000000177 20
