1752239367834 0.0 0
1752239378035 0.012988 1
1752239388158 0.11067400000000305 2
1752239399191 0.13040699999999816 3
1752239410488 0.1570159999999987 4
1752239420957 0.188994000000001 5
1752239431680 0.22556699999999807 6
1752239442474 0.24512 7
1752239452688 0.2854910000000004 8
1752239462796 0.37098499999999746 9
1752239472903 0.44730500000000006 10
1752239483220 0.46120400000000217 11
1752239493336 0.5076520000000002 12
1752239503485 0.5446870000000033 13
1752239513785 0.5598420000000033 14
1752239523902 0.572535000000002 15
1752239534083 0.5824580000000026 16
1752239544277 0.587132000000004 17
1752239554516 0.6267229999999984 18
1752239564691 0.635659000000004 19
1752239574868 0.6700069999999982 20
