1752239367834 18612.1 0
1752239378035 18916.2 1
1752239388158 19116.1 2
1752239399191 19055.0 3
1752239410488 19147.3 4
1752239420957 19168.3 5
1752239431680 19152.4 6
1752239442474 19148.2 7
1752239452688 19197.6 8
1752239462796 19238.8 9
1752239472903 18636.8 10
1752239483220 18636.0 11
1752239493336 18609.9 12
1752239503485 18594.2 13
1752239513785 18452.6 14
1752239523902 18547.0 15
1752239534083 18429.6 16
1752239544277 18440.1 17
1752239554516 18617.3 18
1752239564691 18385.1 19
1752239574868 18502.1 20
