1721402982124 7.100000000015427e-05 0
1721402992248 0.03670800000000085 1
1721403002363 0.06017700000000126 2
1721403012467 0.0615900000000007 3
1721403022557 0.18309400000000053 4
1721403032652 0.8273960000000002 5
1721403042742 0.8524720000000006 6
1721403052843 0.8933300000000006 7
1721403062985 0.9589630000000007 8
1721403073105 0.9830820000000013 9
1721403083205 0.9982389999999999 10
1721403093311 1.046088000000001 11
1721403103439 1.136552 12
1721403113587 1.1888690000000004 13
1721403123703 1.2546630000000007 14
