1721402982124 0.0 0
1721402992248 0.015353000000004613 1
1721403002363 0.02678099999999972 2
1721403012467 0.028414999999995416 3
1721403022557 0.16072400000000187 4
1721403032652 0.19572100000000603 5
1721403042742 0.2174710000000033 6
1721403052843 0.2654179999999968 7
1721403062985 0.3297670000000039 8
1721403073105 0.34415599999999813 9
1721403083205 0.3606070000000017 10
1721403093311 0.41219200000000455 11
1721403103439 0.566471000000007 12
1721403113587 0.6150049999999965 13
1721403123703 0.6851529999999997 14
