1749846946642 0.028124048890117857 0
1749846965847 0.024028752749709406 1
1749846971704 0.008642145570582245 2
1749846977404 0.012170863666820124 3
1749846989904 0.027423744552813958 4
1749846995930 0.008579882482435262 5
1749847000980 0.007382586454840068 6
1749847018337 0.019578499664422683 7
1749847023130 0.005525540534602991 8
1749847027736 0.004702291837302878 9
1749847032220 0.004967046248876453 10
1749847053071 2.4108598149378357 11
1749847061274 0.005866825266132166 12
1749847069460 0.005478491365950859 13
1749847078706 0.005154578081171471 14
1749847086989 0.0036965545068095747 15
1749847096126 0.0032845105603841727 16
1749847104571 0.0030071824499172794 17
1749847113088 0.0035034625700566422 18
1749847121935 0.003680212447281412 19
1749847131121 0.0035972106053288205 20
1749847141072 0.003092193229205402 21
1749847150529 0.0030047478445496185 22
1749847159876 0.0027214633270371998 23
1749847168683 0.0035019096428177414 24
1749847175821 0.004354865426793878 25
1749847185652 0.0036018814957867627 26
1749847195411 0.0035188451686714597 27
1749847204626 0.004034756632781678 28
1749847214515 0.0038341390307072894 29
1749847224381 0.0036991500065440405 30
1749847233337 0.004261241247481083 31
1749847242360 0.005183343809297105 32
1749847251593 0.00428695121003921 33
1749847260643 0.004232112389212626 34
1749847269971 0.004182606685834706 35
1749847280610 0.004735326137706258 36
1749847291819 0.003729508420652551 37
1749847300554 0.004177231948867335 38
1749847309236 0.0032364272234790712 39
1749847319705 0.004021895685345369 40
1749847328671 0.004782777673183044 41
1749847336348 0.0034438784772212443 42
1749847345146 0.0032272795853512362 43
1749847353384 0.0034190597587634604 44
1749847362534 0.003767758160616471 45
1749847371257 0.0038893446979799203 46
1749847380986 0.003946978067187733 47
1749847390983 0.00389633530840312 48
1749847399956 0.004160031841307222 49
1749847408637 0.004544578355813552 50
1749847417361 0.0058114044624492335 51
1749847427465 0.004137610410807168 52
1749847435214 0.004824994936792624 53
1749847444348 0.0073206965942596205 54
1749847453845 0.006759466770419676 55
1749847462132 0.004587401302898945 56
1749847470889 0.00524183294918004 57
1749847479988 0.006710231984212866 58
1749847488146 0.0058718374521703354 59
1749847496741 0.0070777190728367675 60
1749847504660 0.010175822287527607 61
1749847528917 16.325781800469766 62
1749847540766 1513.1127715023515 63
1749847546050 1333.017261017445 64
1749847562126 0.008901548336698633 65
1749847577715 0.015418180679618941 66
1749847583758 0.009280447634769293 67
1749847593870 0.0036200477770914397 68
1749847600001 0.012727097379649015 69
1749847756041 0.014489391921653078 0
1749847763370 0.022266658538979692 0
