1752333533337 0.0 0
1752333543419 0.08303999999998268 1
1752333553541 0.12284399999998641 2
1752333563754 0.15958599999999024 3
1752333573863 0.19038000000000466 4
1752333583955 0.1973729999999705 5
1752333594054 0.230007999999998 6
1752333604229 0.30042200000002595 7
1752333614337 0.3470990000000711 8
1752333624436 0.3691639999999552 9
1752333634614 0.4265499999999065 10
1752333644890 0.5100660000000516 11
1752333655093 0.5973599999999806 12
1752333665198 0.7204939999999169 13
1752333675327 0.7778559999999288 14
1752333685465 1.0492299999998522 15
1752333695582 1.0879580000000715 16
1752333705792 1.1127220000000762 17
