1752333533337 0.0 0
1752333543419 0.09127200000000357 1
1752333553541 0.2929830000000493 2
1752333563754 0.32471400000008543 3
1752333573863 0.3584339999999884 4
1752333583955 0.36533700000006775 5
1752333594054 0.3940330000000358 6
1752333604229 0.4655270000000655 7
1752333614337 0.5262770000000501 8
1752333624436 0.5495290000000068 9
1752333634614 0.5978130000000874 10
1752333644890 0.6793630000000803 11
1752333655093 0.7900900000000775 12
1752333665198 0.9051920000000564 13
1752333675327 0.9833460000000969 14
1752333685465 1.026012000000037 15
1752333695582 1.0675410000000056 16
1752333705792 1.0863840000000664 17
