1752239937139 0.0 0
1752239947349 13.1 1
1752239957461 48.1 2
1752239967589 41.9 3
1752239977869 42.7 4
1752239988059 44.7 5
1752239998142 41.1 6
1752240008248 41.4 7
1752240018550 44.7 8
1752240028648 47.0 9
1752240038810 39.6 10
1752240048908 45.1 11
1752240059112 44.7 12
1752240069300 45.6 13
1752240079539 43.1 14
1752240089705 50.2 15
1752240099820 49.6 16
1752240109924 46.2 17
1752240120318 54.0 18
1752240130477 55.0 19
1752240140695 54.9 20
1752240150833 45.9 21
1752240161016 43.7 22
1752240171272 44.3 23
1752240181498 45.6 24
