1752239937139 260509.2 0
1752239947349 260510.2 1
1752239957461 260510.3 2
1752239967589 260510.4 3
1752239977869 260510.4 4
1752239988059 260510.8 5
1752239998142 260511.0 6
1752240008248 260511.0 7
1752240018550 260512.2 8
1752240028648 260513.5 9
1752240038810 260513.8 10
1752240048908 260514.2 11
1752240059112 260514.6 12
1752240069300 260514.5 13
1752240079539 260514.6 14
1752240089705 260514.8 15
1752240099820 260515.2 16
1752240109924 260516.8 17
1752240120318 260516.9 18
1752240130477 260516.9 19
1752240140695 260516.9 20
1752240150833 260517.1 21
1752240161016 260517.1 22
1752240171272 260517.3 23
1752240181498 260517.4 24
