1752239937139 762884.4 0
1752239947349 762883.4 1
1752239957461 762883.3 2
1752239967589 762883.2 3
1752239977869 762883.2 4
1752239988059 762882.8 5
1752239998142 762882.6 6
1752240008248 762882.6 7
1752240018550 762881.5 8
1752240028648 762880.2 9
1752240038810 762879.8 10
1752240048908 762879.4 11
1752240059112 762879.0 12
1752240069300 762879.1 13
1752240079539 762879.0 14
1752240089705 762878.8 15
1752240099820 762878.4 16
1752240109924 762876.9 17
1752240120318 762876.7 18
1752240130477 762876.7 19
1752240140695 762876.7 20
1752240150833 762876.6 21
1752240161016 762876.5 22
1752240171272 762876.3 23
1752240181498 762876.2 24
