1752239937139 25.5 0
1752239947349 25.5 1
1752239957461 25.5 2
1752239967589 25.5 3
1752239977869 25.5 4
1752239988059 25.5 5
1752239998142 25.5 6
1752240008248 25.5 7
1752240018550 25.5 8
1752240028648 25.5 9
1752240038810 25.5 10
1752240048908 25.5 11
1752240059112 25.5 12
1752240069300 25.5 13
1752240079539 25.5 14
1752240089705 25.5 15
1752240099820 25.5 16
1752240109924 25.5 17
1752240120318 25.5 18
1752240130477 25.5 19
1752240140695 25.5 20
1752240150833 25.5 21
1752240161016 25.5 22
1752240171272 25.5 23
1752240181498 25.5 24
