1752239937139 0.0 0
1752239947349 0.026954000000046108 1
1752239957461 0.03521900000004052 2
1752239967589 0.049682000000018434 3
1752239977869 0.0654320000000439 4
1752239988059 0.0826900000000137 5
1752239998142 0.09835600000002387 6
1752240008248 0.1164770000000317 7
1752240018550 0.13249000000001843 8
1752240028648 0.13984000000004926 9
1752240038810 0.1668830000000412 10
1752240048908 0.2161530000000198 11
1752240059112 0.2278400000000147 12
1752240069300 0.23471900000004098 13
1752240079539 0.24508300000002237 14
1752240089705 0.3417790000000309 15
1752240099820 0.37231400000001713 16
1752240109924 0.41277500000001055 17
1752240120318 0.43605600000000777 18
1752240130477 0.4493500000000381 19
1752240140695 0.4556570000000306 20
1752240150833 0.47038600000001907 21
1752240161016 0.4757510000000025 22
1752240171272 0.5211280000000329 23
1752240181498 0.5613650000000234 24
