1752239937139 0.0 0
1752239947349 0.03357799999999855 1
1752239957461 0.047063999999998885 2
1752239967589 0.06321599999999705 3
1752239977869 0.06926699999999641 4
1752239988059 0.08033199999999852 5
1752239998142 0.09376400000000018 6
1752240008248 0.11499599999999788 7
1752240018550 0.13256200000000007 8
1752240028648 0.14448099999999897 9
1752240038810 0.16370899999999722 10
1752240048908 0.2118949999999984 11
1752240059112 0.22153299999999376 12
1752240069300 0.2317509999999956 13
1752240079539 0.2414539999999974 14
1752240089705 0.2946719999999985 15
1752240099820 0.4480489999999975 16
1752240109924 0.7650719999999964 17
1752240120318 0.7953639999999993 18
1752240130477 0.8201839999999976 19
1752240140695 0.8293019999999984 20
1752240150833 0.8456249999999983 21
1752240161016 0.850209999999997 22
1752240171272 0.9155569999999997 23
1752240181498 0.9422079999999937 24
