1752239937139 17625.6 0
1752239947349 17781.1 1
1752239957461 17251.7 2
1752239967589 17265.1 3
1752239977869 17062.5 4
1752239988059 17150.7 5
1752239998142 16995.4 6
1752240008248 17090.1 7
1752240018550 17168.2 8
1752240028648 17459.8 9
1752240038810 17232.8 10
1752240048908 17451.1 11
1752240059112 17361.7 12
1752240069300 17465.0 13
1752240079539 17098.8 14
1752240089705 17390.0 15
1752240099820 17068.1 16
1752240109924 16940.1 17
1752240120318 17659.2 18
1752240130477 17533.9 19
1752240140695 17614.4 20
1752240150833 17315.0 21
1752240161016 17311.2 22
1752240171272 17227.1 23
1752240181498 17270.8 24
