1752239937139 51.8 0
1752239947349 52.3 1
1752239957461 50.7 2
1752239967589 50.7 3
1752239977869 50.1 4
1752239988059 50.4 5
1752239998142 49.9 6
1752240008248 50.2 7
1752240018550 50.5 8
1752240028648 51.3 9
1752240038810 50.6 10
1752240048908 51.3 11
1752240059112 51.0 12
1752240069300 51.3 13
1752240079539 50.2 14
1752240089705 51.1 15
1752240099820 50.2 16
1752240109924 49.8 17
1752240120318 51.9 18
1752240130477 51.5 19
1752240140695 51.8 20
1752240150833 50.9 21
1752240161016 50.9 22
1752240171272 50.6 23
1752240181498 50.8 24
