1752855799310 0.0 0
1752855809562 27.0 1
1752855819785 51.8 2
1752855830028 69.4 3
1752855840199 74.1 4
1752855850468 69.0 5
1752855860602 72.5 6
1752855870907 65.3 7
1752855881083 70.2 8
1752855891341 52.6 9
1752855901501 48.8 10
1752855911674 46.2 11
1752855921908 49.8 12
1752855932091 56.1 13
1752855942319 50.1 14
1752855952451 52.3 15
1752855962588 50.1 16
1752855972704 58.7 17
1752855982824 50.5 18
1752855992957 47.8 19
1752856003155 50.6 20
1752856013303 48.4 21
1752856023512 48.5 22
1752856033684 54.8 23
1752856043793 46.4 24
1752856054042 47.2 25
1752856064218 53.6 26
1752856074460 75.0 27
1752856084627 70.3 28
1752856094988 74.0 29
1752856105222 80.3 30
1752856115358 73.0 31
1752856125495 68.3 32
1752856135629 52.1 33
1752856145812 59.2 34
1752856155983 49.2 35
1752856166215 48.7 36
1752856176381 45.3 37
1752856186771 51.5 38
1752856197223 52.4 39
1752856207462 65.0 40
1752856217623 68.1 41
1752856227935 73.7 42
1752856238186 62.9 43
1752856248364 55.1 44
