1752855799310 25.5 0
1752855809562 25.5 1
1752855819785 25.5 2
1752855830028 25.5 3
1752855840199 25.5 4
1752855850468 25.5 5
1752855860602 25.5 6
1752855870907 25.5 7
1752855881083 25.5 8
1752855891341 25.5 9
1752855901501 25.5 10
1752855911674 25.5 11
1752855921908 25.5 12
1752855932091 25.5 13
1752855942319 25.5 14
1752855952451 25.5 15
1752855962588 25.5 16
1752855972704 25.5 17
1752855982824 25.5 18
1752855992957 25.5 19
1752856003155 25.5 20
1752856013303 25.5 21
1752856023512 25.5 22
1752856033684 25.5 23
1752856043793 25.5 24
1752856054042 25.5 25
1752856064218 25.5 26
1752856074460 25.5 27
1752856084627 25.5 28
1752856094988 25.5 29
1752856105222 25.5 30
1752856115358 25.5 31
1752856125495 25.5 32
1752856135629 25.5 33
1752856145812 25.5 34
1752856155983 25.5 35
1752856166215 25.5 36
1752856176381 25.5 37
1752856186771 25.5 38
1752856197223 25.5 39
1752856207462 25.5 40
1752856217623 25.5 41
1752856227935 25.5 42
1752856238186 25.5 43
1752856248364 25.5 44
