1752855799310 762172.6 0
1752855809562 762171.7 1
1752855819785 762171.4 2
1752855830028 762171.3 3
1752855840199 762170.5 4
1752855850468 762170.1 5
1752855860602 762171.3 6
1752855870907 762171.3 7
1752855881083 762169.7 8
1752855891341 762168.4 9
1752855901501 762168.9 10
1752855911674 762168.9 11
1752855921908 762168.9 12
1752855932091 762166.8 13
1752855942319 762166.8 14
1752855952451 762164.8 15
1752855962588 762165.2 16
1752855972704 762164.0 17
1752855982824 762162.9 18
1752855992957 762162.8 19
1752856003155 762161.6 20
1752856013303 762161.3 21
1752856023512 762161.1 22
1752856033684 762159.2 23
1752856043793 762157.1 24
1752856054042 762157.1 25
1752856064218 762156.9 26
1752856074460 762156.4 27
1752856084627 762156.3 28
1752856094988 762157.6 29
1752856105222 762157.5 30
1752856115358 762161.3 31
1752856125495 762160.9 32
1752856135629 762160.9 33
1752856145812 762160.6 34
1752856155983 762160.7 35
1752856166215 762160.0 36
1752856176381 762159.8 37
1752856186771 762159.9 38
1752856197223 762159.7 39
1752856207462 762159.5 40
1752856217623 762163.1 41
1752856227935 762163.0 42
1752856238186 762163.8 43
1752856248364 762163.8 44
