1752855799310 261221.0 0
1752855809562 261221.9 1
1752855819785 261222.2 2
1752855830028 261222.3 3
1752855840199 261223.2 4
1752855850468 261223.6 5
1752855860602 261222.3 6
1752855870907 261222.3 7
1752855881083 261223.9 8
1752855891341 261225.2 9
1752855901501 261224.7 10
1752855911674 261224.7 11
1752855921908 261224.7 12
1752855932091 261226.8 13
1752855942319 261226.8 14
1752855952451 261228.9 15
1752855962588 261228.4 16
1752855972704 261229.7 17
1752855982824 261230.7 18
1752855992957 261230.8 19
1752856003155 261232.0 20
1752856013303 261232.3 21
1752856023512 261232.5 22
1752856033684 261234.5 23
1752856043793 261236.5 24
1752856054042 261236.6 25
1752856064218 261236.7 26
1752856074460 261237.2 27
1752856084627 261237.3 28
1752856094988 261236.0 29
1752856105222 261236.1 30
1752856115358 261232.3 31
1752856125495 261232.8 32
1752856135629 261232.8 33
1752856145812 261233.0 34
1752856155983 261232.9 35
1752856166215 261233.6 36
1752856176381 261233.8 37
1752856186771 261233.7 38
1752856197223 261233.9 39
1752856207462 261234.1 40
1752856217623 261230.6 41
1752856227935 261230.6 42
1752856238186 261229.8 43
1752856248364 261229.8 44
