1752855799310 6.799999994200334e-05 0
1752855809562 0.05298700000003009 1
1752855819785 0.12026300000002266 2
1752855830028 0.15500799999995252 3
1752855840199 0.45308699999998225 4
1752855850468 0.5885479999999461 5
1752855860602 0.8155070000000251 6
1752855870907 0.93434400000001 7
1752855881083 1.1785639999999376 8
1752855891341 1.2407859999999573 9
1752855901501 1.4182989999999336 10
1752855911674 1.4334529999999859 11
1752855921908 1.5785290000000032 12
1752855932091 2.1115049999999655 13
1752855942319 2.183228999999983 14
1752855952451 2.2804139999999506 15
1752855962588 2.3945360000000164 16
1752855972704 3.3467909999999392 17
1752855982824 3.3882019999999784 18
1752855992957 3.41431799999998 19
1752856003155 3.546936999999957 20
1752856013303 3.588391999999999 21
1752856023512 3.6173880000000054 22
1752856033684 3.8823719999999184 23
1752856043793 3.9547340000000304 24
1752856054042 3.978766999999948 25
1752856064218 3.986185999999975 26
1752856074460 4.025154999999927 27
1752856084627 4.043121999999926 28
1752856094988 4.083181999999965 29
1752856105222 4.313429999999926 30
1752856115358 4.320269999999937 31
1752856125495 4.4021510000000035 32
1752856135629 4.419019999999932 33
1752856145812 4.6274459999999635 34
1752856155983 4.666558000000009 35
1752856166215 4.7456549999999424 36
1752856176381 4.9456709999999475 37
1752856186771 5.064798999999994 38
1752856197223 5.08346599999993 39
1752856207462 5.177883999999949 40
1752856217623 5.255901999999992 41
1752856227935 5.398801999999932 42
1752856238186 5.495361000000003 43
1752856248364 5.5416759999999385 44
