1752855799310 0.0013760000000075934 0
1752855809562 0.1005569999999949 1
1752855819785 0.16972699999999463 2
1752855830028 0.22765900000000272 3
1752855840199 0.3817159999999973 4
1752855850468 0.45448899999999526 5
1752855860602 0.6525809999999979 6
1752855870907 0.9358500000000021 7
1752855881083 1.2678439999999966 8
1752855891341 1.4394499999999937 9
1752855901501 1.4969949999999983 10
1752855911674 1.5167940000000044 11
1752855921908 1.8340960000000024 12
1752855932091 2.560963000000001 13
1752855942319 2.7690819999999974 14
1752855952451 3.164381000000006 15
1752855962588 3.2557699999999983 16
1752855972704 4.092026000000004 17
1752855982824 4.316184000000007 18
1752855992957 4.477939000000006 19
1752856003155 4.864560999999995 20
1752856013303 4.955353000000002 21
1752856023512 5.186038999999994 22
1752856033684 6.038853000000003 23
1752856043793 6.443177000000006 24
1752856054042 6.649497999999994 25
1752856064218 6.673722999999995 26
1752856074460 6.753236999999999 27
1752856084627 6.772327000000004 28
1752856094988 7.096216999999996 29
1752856105222 7.197980999999999 30
1752856115358 7.2185599999999965 31
1752856125495 7.287723999999997 32
1752856135629 7.311248000000006 33
1752856145812 7.573231000000007 34
1752856155983 7.690715999999995 35
1752856166215 7.759151000000003 36
1752856176381 7.785561000000001 37
1752856186771 7.8494249999999965 38
1752856197223 7.893839 39
1752856207462 8.003023999999996 40
1752856217623 8.153450000000007 41
1752856227935 8.245733999999999 42
1752856238186 8.643410000000003 43
1752856248364 8.712732000000003 44
