1752855799310 26604.2 0
1752855809562 27257.4 1
1752855819785 27472.8 2
1752855830028 27490.0 3
1752855840199 27233.6 4
1752855850468 27567.9 5
1752855860602 27399.2 6
1752855870907 27634.2 7
1752855881083 26928.8 8
1752855891341 26635.0 9
1752855901501 26539.3 10
1752855911674 26423.6 11
1752855921908 26599.3 12
1752855932091 26712.2 13
1752855942319 26750.4 14
1752855952451 26795.5 15
1752855962588 26753.0 16
1752855972704 26947.5 17
1752855982824 26381.9 18
1752855992957 26528.9 19
1752856003155 26804.9 20
1752856013303 26390.6 21
1752856023512 26803.4 22
1752856033684 27004.5 23
1752856043793 26624.4 24
1752856054042 26800.3 25
1752856064218 27128.7 26
1752856074460 27245.1 27
1752856084627 27171.4 28
1752856094988 26939.4 29
1752856105222 27327.4 30
1752856115358 27149.1 31
1752856125495 27247.3 32
1752856135629 26926.5 33
1752856145812 26676.9 34
1752856155983 26806.9 35
1752856166215 26730.8 36
1752856176381 27105.0 37
1752856186771 26018.6 38
1752856197223 27014.7 39
1752856207462 26875.2 40
1752856217623 27099.6 41
1752856227935 27026.4 42
1752856238186 26608.0 43
1752856248364 26336.0 44
