1752855799310 78.2 0
1752855809562 80.1 1
1752855819785 80.7 2
1752855830028 80.8 3
1752855840199 80.0 4
1752855850468 81.0 5
1752855860602 80.5 6
1752855870907 81.2 7
1752855881083 79.1 8
1752855891341 78.3 9
1752855901501 78.0 10
1752855911674 77.7 11
1752855921908 78.2 12
1752855932091 78.5 13
1752855942319 78.6 14
1752855952451 78.7 15
1752855962588 78.6 16
1752855972704 79.2 17
1752855982824 77.5 18
1752855992957 78.0 19
1752856003155 78.8 20
1752856013303 77.6 21
1752856023512 78.8 22
1752856033684 79.4 23
1752856043793 78.2 24
1752856054042 78.8 25
1752856064218 79.7 26
1752856074460 80.1 27
1752856084627 79.8 28
1752856094988 79.2 29
1752856105222 80.3 30
1752856115358 79.8 31
1752856125495 80.1 32
1752856135629 79.1 33
1752856145812 78.4 34
1752856155983 78.8 35
1752856166215 78.6 36
1752856176381 79.7 37
1752856186771 76.5 38
1752856197223 79.4 39
1752856207462 79.0 40
1752856217623 79.6 41
1752856227935 79.4 42
1752856238186 78.2 43
1752856248364 77.4 44
