1752590073831 259982.9 0
1752590083970 259975.2 1
1752590094142 259997.1 2
1752590104297 260006.9 3
1752590114547 260023.7 4
1752590124985 260025.1 5
1752590135366 260022.6 6
1752590145533 260022.7 7
1752590155737 260022.7 8
1752590165922 260022.7 9
1752590176220 260022.8 10
1752590186555 260044.2 11
1752590196766 260064.1 12
1752590206928 260067.2 13
1752590217080 260064.2 14
1752590227188 260070.8 15
1752590237294 260089.9 16
1752590247361 260090.0 17
1752590257456 260090.0 18
1752590267688 260090.4 19
1752590277933 260090.4 20
