1752590073831 763410.7 0
1752590083970 763418.4 1
1752590094142 763396.6 2
1752590104297 763386.7 3
1752590114547 763369.9 4
1752590124985 763368.6 5
1752590135366 763371.0 6
1752590145533 763370.9 7
1752590155737 763370.9 8
1752590165922 763370.9 9
1752590176220 763370.9 10
1752590186555 763349.4 11
1752590196766 763329.5 12
1752590206928 763326.4 13
1752590217080 763329.5 14
1752590227188 763322.8 15
1752590237294 763303.7 16
1752590247361 763303.7 17
1752590257456 763303.6 18
1752590267688 763303.2 19
1752590277933 763303.2 20
