1752590073831 0.0 0
1752590083970 0.15083600000000175 1
1752590094142 1.0480020000000003 2
1752590104297 1.5777430000000017 3
1752590114547 1.8615090000000016 4
1752590124985 1.9664290000000015 5
1752590135366 2.0343240000000016 6
1752590145533 2.1221440000000023 7
1752590155737 2.1626510000000003 8
1752590165922 2.1748030000000007 9
1752590176220 2.2812979999999996 10
1752590186555 2.3764889999999994 11
1752590196766 2.6841870000000014 12
1752590206928 2.9315549999999995 13
1752590217080 2.9594340000000017 14
1752590227188 3.0151330000000023 15
1752590237294 3.0739020000000004 16
1752590247361 3.1151020000000003 17
1752590257456 3.124774000000002 18
1752590267688 3.1911880000000004 19
1752590277933 3.212047000000002 20
