1752590073831 0.0 0
1752590083970 0.31049299999999747 1
1752590094142 8.250152999999997 2
1752590104297 12.694457 3
1752590114547 16.046236 4
1752590124985 16.099731 5
1752590135366 16.133764999999997 6
1752590145533 16.180665999999995 7
1752590155737 16.231504 8
1752590165922 16.242685 9
1752590176220 16.272545 10
1752590186555 16.554263 11
1752590196766 20.363774 12
1752590206928 20.904157999999995 13
1752590217080 20.931689999999996 14
1752590227188 21.128585 15
1752590237294 23.581409999999998 16
1752590247361 23.613164999999995 17
1752590257456 23.623838999999997 18
1752590267688 23.697868 19
1752590277933 23.712384 20
