1752590073831 19678.3 0
1752590083970 20294.5 1
1752590094142 20814.2 2
1752590104297 20770.6 3
1752590114547 20920.5 4
1752590124985 20831.6 5
1752590135366 21173.8 6
1752590145533 21138.4 7
1752590155737 20840.7 8
1752590165922 20948.0 9
1752590176220 21163.1 10
1752590186555 21193.6 11
1752590196766 21292.6 12
1752590206928 21442.2 13
1752590217080 21229.8 14
1752590227188 21101.2 15
1752590237294 21182.3 16
1752590247361 21060.2 17
1752590257456 20988.2 18
1752590267688 21626.8 19
1752590277933 21569.2 20
