1752346673753 0.0 0
1752346683862 10.2 1
1752346693952 42.7 2
1752346704035 44.4 3
1752346714150 42.2 4
1752346724230 43.6 5
1752346734328 43.4 6
1752346744447 43.3 7
1752346754534 42.3 8
1752346764677 42.9 9
1752346774761 42.5 10
1752346784990 43.7 11
1752346795212 48.0 12
1752346805313 42.9 13
1752346815386 42.3 14
1752346825535 41.7 15
1752346835645 43.7 16
1752346845736 41.9 17
1752346855901 42.7 18
1752346866007 43.4 19
1752346876092 41.7 20
1752346886172 28.9 21
1752346896280 33.8 22
1752346906362 41.5 23
1752346916453 48.0 24
1752346926577 43.6 25
1752346936675 42.7 26
1752346946787 43.8 27
1752346956901 43.6 28
1752346967103 42.2 29
1752346977191 45.8 30
1752346987266 46.6 31
1752346997353 42.8 32
1752347007462 44.3 33
1752347017604 42.2 34
1752347027710 41.6 35
1752347037829 42.3 36
1752347047913 43.1 37
1752347058041 42.1 38
1752347068149 45.0 39
1752347078234 42.6 40
1752347088531 43.1 41
