1752346673753 259501.3 0
1752346683862 259502.2 1
1752346693952 259502.1 2
1752346704035 259502.9 3
1752346714150 259502.9 4
1752346724230 259502.9 5
1752346734328 259502.9 6
1752346744447 259502.9 7
1752346754534 259502.9 8
1752346764677 259502.8 9
1752346774761 259502.9 10
1752346784990 259502.9 11
1752346795212 259503.9 12
1752346805313 259503.6 13
1752346815386 259503.6 14
1752346825535 259503.6 15
1752346835645 259503.6 16
1752346845736 259503.6 17
1752346855901 259503.7 18
1752346866007 259503.7 19
1752346876092 259503.7 20
1752346886172 259503.7 21
1752346896280 259503.7 22
1752346906362 259503.7 23
1752346916453 259503.8 24
1752346926577 259504.5 25
1752346936675 259504.6 26
1752346946787 259504.6 27
1752346956901 259504.5 28
1752346967103 259504.5 29
1752346977191 259505.4 30
1752346987266 259505.4 31
1752346997353 259505.5 32
1752347007462 259505.5 33
1752347017604 259505.5 34
1752347027710 259505.4 35
1752347037829 259505.4 36
1752347047913 259505.4 37
1752347058041 259505.4 38
1752347068149 259505.4 39
1752347078234 259505.4 40
1752347088531 259505.4 41
