1752346673753 763892.4 0
1752346683862 763891.4 1
1752346693952 763891.5 2
1752346704035 763890.7 3
1752346714150 763890.7 4
1752346724230 763890.7 5
1752346734328 763890.7 6
1752346744447 763890.7 7
1752346754534 763890.7 8
1752346764677 763890.8 9
1752346774761 763890.7 10
1752346784990 763890.7 11
1752346795212 763889.8 12
1752346805313 763890.0 13
1752346815386 763890.0 14
1752346825535 763890.0 15
1752346835645 763890.0 16
1752346845736 763890.0 17
1752346855901 763890.0 18
1752346866007 763889.9 19
1752346876092 763889.9 20
1752346886172 763889.9 21
1752346896280 763889.9 22
1752346906362 763889.9 23
1752346916453 763889.8 24
1752346926577 763889.1 25
1752346936675 763889.0 26
1752346946787 763889.0 27
1752346956901 763889.1 28
1752346967103 763889.1 29
1752346977191 763888.2 30
1752346987266 763888.2 31
1752346997353 763888.1 32
1752347007462 763888.1 33
1752347017604 763888.1 34
1752347027710 763888.2 35
1752347037829 763888.2 36
1752347047913 763888.2 37
1752347058041 763888.2 38
1752347068149 763888.2 39
1752347078234 763888.2 40
1752347088531 763888.2 41
