1752346673753 25.4 0
1752346683862 25.4 1
1752346693952 25.4 2
1752346704035 25.4 3
1752346714150 25.4 4
1752346724230 25.4 5
1752346734328 25.4 6
1752346744447 25.4 7
1752346754534 25.4 8
1752346764677 25.4 9
1752346774761 25.4 10
1752346784990 25.4 11
1752346795212 25.4 12
1752346805313 25.4 13
1752346815386 25.4 14
1752346825535 25.4 15
1752346835645 25.4 16
1752346845736 25.4 17
1752346855901 25.4 18
1752346866007 25.4 19
1752346876092 25.4 20
1752346886172 25.4 21
1752346896280 25.4 22
1752346906362 25.4 23
1752346916453 25.4 24
1752346926577 25.4 25
1752346936675 25.4 26
1752346946787 25.4 27
1752346956901 25.4 28
1752346967103 25.4 29
1752346977191 25.4 30
1752346987266 25.4 31
1752346997353 25.4 32
1752347007462 25.4 33
1752347017604 25.4 34
1752347027710 25.4 35
1752347037829 25.4 36
1752347047913 25.4 37
1752347058041 25.4 38
1752347068149 25.4 39
1752347078234 25.4 40
1752347088531 25.4 41
