1752346673753 0.0 0
1752346683862 0.010992999999999142 1
1752346693952 0.013438000000007833 2
1752346704035 0.022055000000008818 3
1752346714150 0.029353000000000407 4
1752346724230 0.05662200000000439 5
1752346734328 0.07548900000000458 6
1752346744447 0.11270799999999781 7
1752346754534 0.11394699999999602 8
1752346764677 0.12382900000000063 9
1752346774761 0.1334810000000033 10
1752346784990 0.13465600000000677 11
1752346795212 0.16233599999999626 12
1752346805313 0.1827520000000078 13
1752346815386 0.1925159999999977 14
1752346825535 0.19665700000000186 15
1752346835645 0.2023450000000082 16
1752346845736 0.21512500000000045 17
1752346855901 0.2190829999999977 18
1752346866007 0.2265260000000069 19
1752346876092 0.22720300000000293 20
1752346886172 0.24258199999999874 21
1752346896280 0.26321400000000494 22
1752346906362 0.27180300000000557 23
1752346916453 0.42129900000000475 24
1752346926577 0.5155930000000097 25
1752346936675 0.5284850000000034 26
1752346946787 0.5299180000000092 27
1752346956901 0.536327 28
1752346967103 0.5489320000000077 29
1752346977191 0.5725709999999964 30
1752346987266 0.6174600000000083 31
1752346997353 0.6281540000000092 32
1752347007462 0.6295429999999982 33
1752347017604 0.6380010000000027 34
1752347027710 0.6517479999999978 35
1752347037829 0.6543819999999982 36
1752347047913 0.6644950000000023 37
1752347058041 0.6653359999999964 38
1752347068149 0.666089999999997 39
1752347078234 0.6671750000000003 40
1752347088531 0.7040889999999962 41
