1752346673753 0.0 0
1752346683862 0.015738999999996395 1
1752346693952 0.01747699999999952 2
1752346704035 0.08070799999999423 3
1752346714150 0.08711399999999969 4
1752346724230 0.10394600000000054 5
1752346734328 0.12776199999999704 6
1752346744447 0.16348099999999732 7
1752346754534 0.1645899999999969 8
1752346764677 0.17333099999999746 9
1752346774761 0.1800969999999964 10
1752346784990 0.18079900000000038 11
1752346795212 0.23777299999999713 12
1752346805313 0.24951199999999574 13
1752346815386 0.2543149999999983 14
1752346825535 0.25483899999999693 15
1752346835645 0.25937099999999447 16
1752346845736 0.2702539999999942 17
1752346855901 0.27279000000000053 18
1752346866007 0.28053299999999837 19
1752346876092 0.2811189999999968 20
1752346886172 0.29464300000000065 21
1752346896280 0.3121449999999939 22
1752346906362 0.3212729999999979 23
1752346916453 0.37906799999999663 24
1752346926577 0.40795099999999707 25
1752346936675 0.4139300000000006 26
1752346946787 0.41768499999999875 27
1752346956901 0.4230149999999995 28
1752346967103 0.4339820000000003 29
1752346977191 0.4698919999999944 30
1752346987266 0.5271909999999949 31
1752346997353 0.534751 32
1752347007462 0.5372959999999978 33
1752347017604 0.5432439999999943 34
1752347027710 0.5528819999999968 35
1752347037829 0.5548870000000008 36
1752347047913 0.5622279999999975 37
1752347058041 0.5628189999999975 38
1752347068149 0.5632759999999948 39
1752347078234 0.5641149999999939 40
1752347088531 0.5980769999999964 41
