1752346673753 14323.7 0
1752346683862 15018.0 1
1752346693952 15284.7 2
1752346704035 15285.6 3
1752346714150 14740.6 4
1752346724230 14898.4 5
1752346734328 15048.4 6
1752346744447 14887.1 7
1752346754534 15231.1 8
1752346764677 15009.9 9
1752346774761 14772.4 10
1752346784990 15040.9 11
1752346795212 15215.8 12
1752346805313 15046.4 13
1752346815386 14912.0 14
1752346825535 15268.1 15
1752346835645 15040.4 16
1752346845736 14881.6 17
1752346855901 14802.6 18
1752346866007 14892.1 19
1752346876092 14757.1 20
1752346886172 14694.6 21
1752346896280 15049.4 22
1752346906362 14886.8 23
1752346916453 14899.1 24
1752346926577 15118.4 25
1752346936675 15019.4 26
1752346946787 15372.9 27
1752346956901 15072.0 28
1752346967103 14949.3 29
1752346977191 15009.6 30
1752346987266 15418.7 31
1752346997353 14996.0 32
1752347007462 15348.6 33
1752347017604 15060.1 34
1752347027710 14936.2 35
1752347037829 15297.3 36
1752347047913 14934.7 37
1752347058041 15110.2 38
1752347068149 15016.1 39
1752347078234 14891.3 40
1752347088531 15316.4 41
