1752346673753 42.1 0
1752346683862 44.1 1
1752346693952 44.9 2
1752346704035 44.9 3
1752346714150 43.3 4
1752346724230 43.8 5
1752346734328 44.2 6
1752346744447 43.7 7
1752346754534 44.8 8
1752346764677 44.1 9
1752346774761 43.4 10
1752346784990 44.2 11
1752346795212 44.7 12
1752346805313 44.2 13
1752346815386 43.8 14
1752346825535 44.9 15
1752346835645 44.2 16
1752346845736 43.7 17
1752346855901 43.5 18
1752346866007 43.8 19
1752346876092 43.4 20
1752346886172 43.2 21
1752346896280 44.2 22
1752346906362 43.7 23
1752346916453 43.8 24
1752346926577 44.4 25
1752346936675 44.1 26
1752346946787 45.2 27
1752346956901 44.3 28
1752346967103 43.9 29
1752346977191 44.1 30
1752346987266 45.3 31
1752346997353 44.1 32
1752347007462 45.1 33
1752347017604 44.3 34
1752347027710 43.9 35
1752347037829 45.0 36
1752347047913 43.9 37
1752347058041 44.4 38
1752347068149 44.1 39
1752347078234 43.8 40
1752347088531 45.0 41
