1744212073975 0.0 0
1744212084091 10.9 1
1744212094182 3.6 2
1744212104266 0.9 3
1744212114379 0.8 4
1744212124477 0.5 5
1744212134580 1.1 6
1744212144694 0.9 7
1744212154786 0.9 8
1744212164879 0.6 9
1744212174967 0.7 10
1744212185051 0.6 11
1744212195138 0.7 12
1744212205234 0.5 13
1744212215333 0.6 14
1744212225436 0.6 15
1744212235517 0.6 16
1744212245607 0.5 17
1744212255707 0.7 18
1744212265796 0.9 19
1744212275884 0.4 20
1744212285983 0.5 21
1744212296091 0.5 22
1744212306181 0.6 23
1744212316285 0.8 24
1744212326381 2.2 25
1744212336490 2.4 26
1744212346587 0.9 27
1744212356680 0.8 28
1744212366772 0.5 29
1744212376859 1.6 30
1744212386948 3.8 31
1744212397032 0.8 32
1744212407125 1.5 33
1744212417225 0.8 34
1744212427326 0.6 35
1744212437418 0.6 36
1744212447500 0.7 37
1744212457595 0.6 38
1744212467693 3.8 39
1744212477802 1.4 40
1744212487899 1.0 41
1744212497995 0.6 42
1744212508078 0.7 43
1744212518161 1.8 44
1744212528262 2.5 45
1744212538367 0.6 46
1744212548463 1.6 47
1744212558555 1.2 48
1744212568638 1.2 49
1744212578731 0.7 50
1744212588838 0.4 51
1744212598929 0.7 52
1744212609031 0.5 53
1744212619130 0.5 54
1744212629234 1.1 55
1744212639324 0.6 56
1744212649416 0.5 57
1744212659511 0.6 58
1744212669601 0.9 59
1744212679705 7.7 60
1744212689800 1.3 61
1744212699900 0.9 62
1744212709990 0.9 63
1744212720093 0.4 64
1744212730185 0.6 65
1744212740288 0.9 66
1744212750405 1.0 67
1744212760503 0.9 68
1744212770599 0.4 69
1744212780704 0.5 70
1744212790790 0.5 71
1744212800890 0.6 72
1744212810983 0.7 73
1744212821080 0.6 74
1744212831167 0.8 75
1744212841259 0.7 76
1744212851369 0.5 77
1744212861472 0.8 78
1744212871577 1.0 79
1744212881674 0.6 80
1744212891767 0.8 81
1744212901855 0.7 82
1744212911962 0.5 83
1744212922056 0.5 84
1744212932155 0.4 85
1744212942250 0.7 86
1744212952344 0.7 87
1744212962441 1.5 88
1744212972535 0.6 89
1744212982628 4.0 90
1744212992716 0.5 91
1744213002805 5.0 92
1744213012900 1.7 93
1744213022995 0.9 94
1744213033076 0.6 95
1744213043173 1.0 96
1744213053282 1.3 97
1744213063382 0.5 98
1744213073482 4.0 99
1744213083575 1.0 100
1744213093673 0.6 101
1744213103782 0.7 102
1744213113882 0.6 103
1744213123969 0.6 104
1744213134060 2.3 105
1744213144152 0.8 106
1744213154236 0.5 107
1744213164336 1.2 108
1744213174442 0.6 109
1744213184537 0.4 110
1744213194630 0.5 111
1744213204717 0.6 112
1744213214817 0.5 113
1744213224907 1.0 114
1744213235008 0.9 115
1744213245101 0.7 116
1744213255204 1.7 117
1744213265305 0.8 118
1744213275396 0.9 119
1744213285491 4.4 120
1744213295588 0.6 121
1744213305691 1.8 122
1744213315785 1.0 123
1744213325868 0.7 124
1744213335963 1.2 125
1744213346059 1.0 126
1744213356158 0.8 127
1744213366260 0.7 128
1744213376354 0.3 129
1744213386454 0.7 130
1744213396559 1.1 131
1744213406652 0.6 132
1744213416745 0.5 133
1744213426851 2.6 134
1744213436956 0.6 135
1744213447057 0.6 136
1744213457139 0.6 137
1744213467249 1.2 138
1744213477345 0.6 139
1744213487446 0.3 140
1744213497539 0.7 141
1744213507635 0.6 142
1744213517725 0.6 143
1744213527820 0.9 144
1744213537919 0.6 145
1744213548010 0.6 146
1744213558099 0.8 147
1744213568193 0.6 148
1744213578279 5.2 149
1744213588367 4.4 150
1744213598468 1.7 151
1744213608564 1.3 152
1744213618666 0.3 153
