1744212073975 239830.0 0
1744212084091 239830.3 1
1744212094182 239830.5 2
1744212104266 239830.6 3
1744212114379 239830.4 4
1744212124477 239830.4 5
1744212134580 239830.4 6
1744212144694 239830.3 7
1744212154786 239828.7 8
1744212164879 239828.9 9
1744212174967 239828.9 10
1744212185051 239829.0 11
1744212195138 239829.0 12
1744212205234 239829.0 13
1744212215333 239829.0 14
1744212225436 239829.0 15
1744212235517 239829.1 16
1744212245607 239829.6 17
1744212255707 239829.7 18
1744212265796 239829.6 19
1744212275884 239829.7 20
1744212285983 239829.7 21
1744212296091 239829.8 22
1744212306181 239829.8 23
1744212316285 239829.6 24
1744212326381 239829.6 25
1744212336490 239829.9 26
1744212346587 239829.9 27
1744212356680 239829.9 28
1744212366772 239829.9 29
1744212376859 239829.9 30
1744212386948 239829.9 31
1744212397032 239830.1 32
1744212407125 239830.7 33
1744212417225 239830.8 34
1744212427326 239830.8 35
1744212437418 239830.8 36
1744212447500 239830.8 37
1744212457595 239830.8 38
1744212467693 239828.8 39
1744212477802 239827.6 40
1744212487899 239827.6 41
1744212497995 239827.7 42
1744212508078 239827.7 43
1744212518161 239827.7 44
1744212528262 239827.7 45
1744212538367 239827.7 46
1744212548463 239828.0 47
1744212558555 239828.0 48
1744212568638 239827.9 49
1744212578731 239828.0 50
1744212588838 239828.0 51
1744212598929 239828.0 52
1744212609031 239827.7 53
1744212619130 239827.7 54
1744212629234 239827.7 55
1744212639324 239828.2 56
1744212649416 239828.2 57
1744212659511 239828.2 58
1744212669601 239828.2 59
1744212679705 239828.2 60
1744212689800 239828.2 61
1744212699900 239828.4 62
1744212709990 239829.1 63
1744212720093 239829.2 64
1744212730185 239829.1 65
1744212740288 239828.8 66
1744212750405 239828.8 67
1744212760503 239828.7 68
1744212770599 239828.8 69
1744212780704 239828.8 70
1744212790790 239828.9 71
1744212800890 239828.9 72
1744212810983 239828.9 73
1744212821080 239829.0 74
1744212831167 239829.1 75
1744212841259 239829.1 76
1744212851369 239829.1 77
1744212861472 239829.1 78
1744212871577 239829.1 79
1744212881674 239829.2 80
1744212891767 239829.3 81
1744212901855 239829.3 82
1744212911962 239829.3 83
1744212922056 239829.3 84
1744212932155 239829.3 85
1744212942250 239829.4 86
1744212952344 239829.4 87
1744212962441 239829.5 88
1744212972535 239830.3 89
1744212982628 239830.2 90
1744212992716 239830.3 91
1744213002805 239830.2 92
1744213012900 239830.6 93
1744213022995 239830.8 94
1744213033076 239830.8 95
1744213043173 239831.0 96
1744213053282 239831.5 97
1744213063382 239831.5 98
1744213073482 239831.6 99
1744213083575 239831.6 100
1744213093673 239831.6 101
1744213103782 239831.7 102
1744213113882 239831.6 103
1744213123969 239831.7 104
1744213134060 239831.7 105
1744213144152 239831.7 106
1744213154236 239831.7 107
1744213164336 239831.4 108
1744213174442 239831.4 109
1744213184537 239831.4 110
1744213194630 239831.4 111
1744213204717 239831.5 112
1744213214817 239831.5 113
1744213224907 239831.5 114
1744213235008 239831.5 115
1744213245101 239831.4 116
1744213255204 239831.8 117
1744213265305 239831.9 118
1744213275396 239831.8 119
1744213285491 239831.8 120
1744213295588 239831.8 121
1744213305691 239832.0 122
1744213315785 239832.0 123
1744213325868 239832.2 124
1744213335963 239832.3 125
1744213346059 239832.2 126
1744213356158 239832.2 127
1744213366260 239832.2 128
1744213376354 239832.2 129
1744213386454 239832.2 130
1744213396559 239832.4 131
1744213406652 239832.4 132
1744213416745 239832.4 133
1744213426851 239832.3 134
1744213436956 239832.3 135
1744213447057 239832.3 136
1744213457139 239832.3 137
1744213467249 239832.2 138
1744213477345 239832.3 139
1744213487446 239832.3 140
1744213497539 239832.4 141
1744213507635 239832.4 142
1744213517725 239832.4 143
1744213527820 239832.4 144
1744213537919 239832.4 145
1744213548010 239832.4 146
1744213558099 239832.8 147
1744213568193 239832.8 148
1744213578279 239834.0 149
1744213588367 239834.1 150
1744213598468 239834.1 151
1744213608564 239834.2 152
1744213618666 239834.2 153
