1744212073975 23.4 0
1744212084091 23.4 1
1744212094182 23.4 2
1744212104266 23.4 3
1744212114379 23.4 4
1744212124477 23.4 5
1744212134580 23.4 6
1744212144694 23.4 7
1744212154786 23.4 8
1744212164879 23.4 9
1744212174967 23.4 10
1744212185051 23.4 11
1744212195138 23.4 12
1744212205234 23.4 13
1744212215333 23.4 14
1744212225436 23.4 15
1744212235517 23.4 16
1744212245607 23.4 17
1744212255707 23.4 18
1744212265796 23.4 19
1744212275884 23.4 20
1744212285983 23.4 21
1744212296091 23.4 22
1744212306181 23.4 23
1744212316285 23.4 24
1744212326381 23.4 25
1744212336490 23.4 26
1744212346587 23.4 27
1744212356680 23.4 28
1744212366772 23.4 29
1744212376859 23.4 30
1744212386948 23.4 31
1744212397032 23.4 32
1744212407125 23.4 33
1744212417225 23.4 34
1744212427326 23.4 35
1744212437418 23.4 36
1744212447500 23.4 37
1744212457595 23.4 38
1744212467693 23.4 39
1744212477802 23.4 40
1744212487899 23.4 41
1744212497995 23.4 42
1744212508078 23.4 43
1744212518161 23.4 44
1744212528262 23.4 45
1744212538367 23.4 46
1744212548463 23.4 47
1744212558555 23.4 48
1744212568638 23.4 49
1744212578731 23.4 50
1744212588838 23.4 51
1744212598929 23.4 52
1744212609031 23.4 53
1744212619130 23.4 54
1744212629234 23.4 55
1744212639324 23.4 56
1744212649416 23.4 57
1744212659511 23.4 58
1744212669601 23.4 59
1744212679705 23.4 60
1744212689800 23.4 61
1744212699900 23.4 62
1744212709990 23.4 63
1744212720093 23.4 64
1744212730185 23.4 65
1744212740288 23.4 66
1744212750405 23.4 67
1744212760503 23.4 68
1744212770599 23.4 69
1744212780704 23.4 70
1744212790790 23.4 71
1744212800890 23.4 72
1744212810983 23.4 73
1744212821080 23.4 74
1744212831167 23.4 75
1744212841259 23.4 76
1744212851369 23.4 77
1744212861472 23.4 78
1744212871577 23.4 79
1744212881674 23.4 80
1744212891767 23.4 81
1744212901855 23.4 82
1744212911962 23.4 83
1744212922056 23.4 84
1744212932155 23.4 85
1744212942250 23.4 86
1744212952344 23.4 87
1744212962441 23.4 88
1744212972535 23.4 89
1744212982628 23.4 90
1744212992716 23.4 91
1744213002805 23.4 92
1744213012900 23.4 93
1744213022995 23.4 94
1744213033076 23.4 95
1744213043173 23.4 96
1744213053282 23.4 97
1744213063382 23.4 98
1744213073482 23.4 99
1744213083575 23.4 100
1744213093673 23.4 101
1744213103782 23.4 102
1744213113882 23.4 103
1744213123969 23.4 104
1744213134060 23.4 105
1744213144152 23.4 106
1744213154236 23.4 107
1744213164336 23.4 108
1744213174442 23.4 109
1744213184537 23.4 110
1744213194630 23.4 111
1744213204717 23.4 112
1744213214817 23.4 113
1744213224907 23.4 114
1744213235008 23.4 115
1744213245101 23.4 116
1744213255204 23.4 117
1744213265305 23.4 118
1744213275396 23.4 119
1744213285491 23.4 120
1744213295588 23.4 121
1744213305691 23.4 122
1744213315785 23.4 123
1744213325868 23.4 124
1744213335963 23.4 125
1744213346059 23.4 126
1744213356158 23.4 127
1744213366260 23.4 128
1744213376354 23.4 129
1744213386454 23.4 130
1744213396559 23.4 131
1744213406652 23.4 132
1744213416745 23.4 133
1744213426851 23.4 134
1744213436956 23.4 135
1744213447057 23.4 136
1744213457139 23.4 137
1744213467249 23.4 138
1744213477345 23.4 139
1744213487446 23.4 140
1744213497539 23.4 141
1744213507635 23.4 142
1744213517725 23.4 143
1744213527820 23.4 144
1744213537919 23.4 145
1744213548010 23.4 146
1744213558099 23.4 147
1744213568193 23.4 148
1744213578279 23.4 149
1744213588367 23.4 150
1744213598468 23.4 151
1744213608564 23.4 152
1744213618666 23.4 153
