1744212073975 783563.6 0
1744212084091 783563.3 1
1744212094182 783563.1 2
1744212104266 783563.0 3
1744212114379 783563.2 4
1744212124477 783563.2 5
1744212134580 783563.2 6
1744212144694 783563.3 7
1744212154786 783565.0 8
1744212164879 783564.8 9
1744212174967 783564.8 10
1744212185051 783564.6 11
1744212195138 783564.6 12
1744212205234 783564.6 13
1744212215333 783564.6 14
1744212225436 783564.6 15
1744212235517 783564.5 16
1744212245607 783564.0 17
1744212255707 783563.9 18
1744212265796 783564.0 19
1744212275884 783563.9 20
1744212285983 783563.9 21
1744212296091 783563.9 22
1744212306181 783563.9 23
1744212316285 783564.0 24
1744212326381 783564.0 25
1744212336490 783563.7 26
1744212346587 783563.7 27
1744212356680 783563.7 28
1744212366772 783563.8 29
1744212376859 783563.7 30
1744212386948 783563.7 31
1744212397032 783563.6 32
1744212407125 783562.9 33
1744212417225 783562.8 34
1744212427326 783562.8 35
1744212437418 783562.8 36
1744212447500 783562.8 37
1744212457595 783562.8 38
1744212467693 783564.8 39
1744212477802 783566.0 40
1744212487899 783566.0 41
1744212497995 783565.9 42
1744212508078 783565.9 43
1744212518161 783565.9 44
1744212528262 783565.9 45
1744212538367 783565.9 46
1744212548463 783565.6 47
1744212558555 783565.6 48
1744212568638 783565.7 49
1744212578731 783565.6 50
1744212588838 783565.6 51
1744212598929 783565.6 52
1744212609031 783565.9 53
1744212619130 783565.9 54
1744212629234 783565.9 55
1744212639324 783565.4 56
1744212649416 783565.4 57
1744212659511 783565.4 58
1744212669601 783565.4 59
1744212679705 783565.4 60
1744212689800 783565.4 61
1744212699900 783565.3 62
1744212709990 783564.5 63
1744212720093 783564.5 64
1744212730185 783564.5 65
1744212740288 783564.8 66
1744212750405 783564.8 67
1744212760503 783564.9 68
1744212770599 783564.8 69
1744212780704 783564.8 70
1744212790790 783564.8 71
1744212800890 783564.7 72
1744212810983 783564.7 73
1744212821080 783564.6 74
1744212831167 783564.5 75
1744212841259 783564.5 76
1744212851369 783564.5 77
1744212861472 783564.5 78
1744212871577 783564.5 79
1744212881674 783564.4 80
1744212891767 783564.3 81
1744212901855 783564.3 82
1744212911962 783564.3 83
1744212922056 783564.3 84
1744212932155 783564.3 85
1744212942250 783564.2 86
1744212952344 783564.2 87
1744212962441 783564.1 88
1744212972535 783563.4 89
1744212982628 783563.4 90
1744212992716 783563.4 91
1744213002805 783563.4 92
1744213012900 783563.0 93
1744213022995 783562.8 94
1744213033076 783562.8 95
1744213043173 783562.6 96
1744213053282 783562.1 97
1744213063382 783562.1 98
1744213073482 783562.0 99
1744213083575 783562.0 100
1744213093673 783562.0 101
1744213103782 783561.9 102
1744213113882 783562.0 103
1744213123969 783561.9 104
1744213134060 783561.9 105
1744213144152 783561.9 106
1744213154236 783561.9 107
1744213164336 783562.2 108
1744213174442 783562.2 109
1744213184537 783562.2 110
1744213194630 783562.2 111
1744213204717 783562.1 112
1744213214817 783562.1 113
1744213224907 783562.1 114
1744213235008 783562.1 115
1744213245101 783562.2 116
1744213255204 783561.8 117
1744213265305 783561.7 118
1744213275396 783561.8 119
1744213285491 783561.8 120
1744213295588 783561.8 121
1744213305691 783561.6 122
1744213315785 783561.6 123
1744213325868 783561.4 124
1744213335963 783561.3 125
1744213346059 783561.4 126
1744213356158 783561.4 127
1744213366260 783561.4 128
1744213376354 783561.4 129
1744213386454 783561.4 130
1744213396559 783561.3 131
1744213406652 783561.3 132
1744213416745 783561.3 133
1744213426851 783561.4 134
1744213436956 783561.4 135
1744213447057 783561.4 136
1744213457139 783561.4 137
1744213467249 783561.4 138
1744213477345 783561.3 139
1744213487446 783561.3 140
1744213497539 783561.2 141
1744213507635 783561.2 142
1744213517725 783561.2 143
1744213527820 783561.2 144
1744213537919 783561.2 145
1744213548010 783561.2 146
1744213558099 783560.9 147
1744213568193 783560.9 148
1744213578279 783559.6 149
1744213588367 783559.5 150
1744213598468 783559.5 151
1744213608564 783559.4 152
1744213618666 783559.4 153
