1744212073975 0.0 0
1744212084091 0.9969099999999997 1
1744212094182 1.1182950000000034 2
1744212104266 1.1797840000000122 3
1744212114379 1.2214410000000129 4
1744212124477 1.2475190000000111 5
1744212134580 1.2744770000000045 6
1744212144694 1.3473060000000032 7
1744212154786 1.3822460000000092 8
1744212164879 1.4156850000000105 9
1744212174967 1.473236 10
1744212185051 1.5637180000000086 11
1744212195138 1.5700690000000037 12
1744212205234 1.6049310000000077 13
1744212215333 1.640176000000011 14
1744212225436 1.680640000000011 15
1744212235517 1.7307839999999999 16
1744212245607 1.747509000000008 17
1744212255707 1.7580850000000083 18
1744212265796 1.818324000000004 19
1744212275884 1.8278549999999996 20
1744212285983 1.8466590000000025 21
1744212296091 1.9086380000000105 22
1744212306181 1.9349270000000018 23
1744212316285 1.9434770000000015 24
1744212326381 2.0441160000000025 25
1744212336490 2.0918510000000055 26
1744212346587 2.1202850000000097 27
1744212356680 2.2180409999999995 28
1744212366772 2.241691000000003 29
1744212376859 2.257316000000003 30
1744212386948 2.33048500000001 31
1744212397032 2.3960190000000097 32
1744212407125 2.4768590000000046 33
1744212417225 2.5148160000000104 34
1744212427326 2.5711220000000026 35
1744212437418 2.575361000000001 36
1744212447500 2.6799160000000057 37
1744212457595 2.746304000000009 38
1744212467693 2.8161090000000115 39
1744212477802 2.8461170000000067 40
1744212487899 2.893882000000005 41
1744212497995 2.9179810000000117 42
1744212508078 2.9677460000000053 43
1744212518161 3.021917000000002 44
1744212528262 3.0480890000000045 45
1744212538367 3.0968250000000097 46
1744212548463 3.1508850000000024 47
1744212558555 3.1962350000000015 48
1744212568638 3.2177050000000094 49
1744212578731 3.260776000000007 50
1744212588838 3.2812560000000133 51
1744212598929 3.312621000000007 52
1744212609031 3.365031000000002 53
1744212619130 3.3746670000000023 54
1744212629234 3.3825240000000036 55
1744212639324 3.4444580000000116 56
1744212649416 3.468861000000004 57
1744212659511 3.5198680000000024 58
1744212669601 3.5934900000000027 59
1744212679705 3.635840999999999 60
1744212689800 3.6612870000000015 61
1744212699900 3.7007810000000063 62
1744212709990 3.735602 63
1744212720093 3.7445470000000114 64
1744212730185 3.8262440000000026 65
1744212740288 3.8328320000000105 66
1744212750405 3.9171870000000126 67
1744212760503 3.95130300000001 68
1744212770599 3.9849020000000053 69
1744212780704 4.009627000000009 70
1744212790790 4.067435000000003 71
1744212800890 4.0733220000000046 72
1744212810983 4.155058000000011 73
1744212821080 4.182780000000008 74
1744212831167 4.270396000000005 75
1744212841259 4.3174430000000115 76
1744212851369 4.385267000000013 77
1744212861472 4.442121 78
1744212871577 4.495672000000013 79
1744212881674 4.530399000000003 80
1744212891767 4.577560000000005 81
1744212901855 4.602393000000006 82
1744212911962 4.623663000000008 83
1744212922056 4.655768000000009 84
1744212932155 4.6820280000000025 85
1744212942250 4.7074440000000095 86
1744212952344 4.769321000000005 87
1744212962441 4.844577000000001 88
1744212972535 4.877943000000002 89
1744212982628 4.917317000000011 90
1744212992716 4.931620000000009 91
1744213002805 5.074929000000012 92
1744213012900 5.1460010000000125 93
1744213022995 5.207867000000007 94
1744213033076 5.273641000000012 95
1744213043173 5.353695000000002 96
1744213053282 5.449150000000003 97
1744213063382 5.4766090000000105 98
1744213073482 5.58293900000001 99
1744213083575 5.607444000000001 100
1744213093673 5.631279000000006 101
1744213103782 5.695114000000004 102
1744213113882 5.762268000000006 103
1744213123969 5.7710460000000126 104
1744213134060 5.8202090000000055 105
1744213144152 5.868362000000005 106
1744213154236 5.880307000000002 107
1744213164336 5.929549000000009 108
1744213174442 6.006264000000002 109
1744213184537 6.026121000000003 110
1744213194630 6.096982000000011 111
1744213204717 6.129198000000002 112
1744213214817 6.137032000000005 113
1744213224907 6.179764000000006 114
1744213235008 6.292163000000002 115
1744213245101 6.328406000000001 116
1744213255204 6.376564000000002 117
1744213265305 6.487361000000007 118
1744213275396 6.493358000000001 119
1744213285491 6.5931830000000105 120
1744213295588 6.6329860000000025 121
1744213305691 6.70074000000001 122
1744213315785 6.766739000000001 123
1744213325868 6.832345000000004 124
1744213335963 6.835209000000006 125
1744213346059 6.9200070000000125 126
1744213356158 6.964391000000006 127
1744213366260 6.971084000000005 128
1744213376354 7.006459000000007 129
1744213386454 7.074585000000013 130
1744213396559 7.094097000000005 131
1744213406652 7.117625000000004 132
1744213416745 7.150131000000002 133
1744213426851 7.167044000000004 134
1744213436956 7.200620000000001 135
1744213447057 7.245806000000002 136
1744213457139 7.264357000000004 137
1744213467249 7.339528000000001 138
1744213477345 7.372952000000012 139
1744213487446 7.384599000000009 140
1744213497539 7.423079000000001 141
1744213507635 7.490851000000006 142
1744213517725 7.505198000000007 143
1744213527820 7.588694000000004 144
1744213537919 7.637129000000002 145
1744213548010 7.663836000000003 146
1744213558099 7.722303000000011 147
1744213568193 7.794667000000004 148
1744213578279 7.8938340000000125 149
1744213588367 7.9386750000000035 150
1744213598468 7.979545000000002 151
1744213608564 8.052676000000005 152
1744213618666 8.06538900000001 153
