1744212073975 0.0 0
1744212084091 0.16596799999999234 1
1744212094182 0.25072900000000686 2
1744212104266 0.4224969999999928 3
1744212114379 0.4645319999999913 4
1744212124477 0.48965599999999654 5
1744212134580 0.5197139999999933 6
1744212144694 0.592425999999989 7
1744212154786 0.628735000000006 8
1744212164879 0.6595949999999959 9
1744212174967 0.7169879999999864 10
1744212185051 0.8049019999999985 11
1744212195138 0.8133229999999969 12
1744212205234 0.8504780000000096 13
1744212215333 0.8995209999999929 14
1744212225436 0.9278630000000021 15
1744212235517 0.9837389999999857 16
1744212245607 0.993345000000005 17
1744212255707 1.0159979999999962 18
1744212265796 1.0897709999999847 19
1744212275884 1.0996900000000096 20
1744212285983 1.1150539999999864 21
1744212296091 1.1792570000000069 22
1744212306181 1.2131750000000068 23
1744212316285 1.2332209999999861 24
1744212326381 1.3272110000000055 25
1744212336490 1.3522590000000037 26
1744212346587 1.3746250000000089 27
1744212356680 1.4659420000000125 28
1744212366772 1.4879549999999995 29
1744212376859 1.5034090000000049 30
1744212386948 1.583075000000008 31
1744212397032 1.6525800000000004 32
1744212407125 1.8626509999999996 33
1744212417225 1.9036350000000084 34
1744212427326 1.95228800000001 35
1744212437418 1.960316000000006 36
1744212447500 2.0532890000000066 37
1744212457595 2.102294999999998 38
1744212467693 2.1453940000000102 39
1744212477802 2.1798339999999996 40
1744212487899 2.235997999999995 41
1744212497995 2.2677349999999876 42
1744212508078 2.32103699999999 43
1744212518161 2.363742000000002 44
1744212528262 2.389983000000001 45
1744212538367 2.4330380000000105 46
1744212548463 2.4785329999999988 47
1744212558555 2.547701999999987 48
1744212568638 2.577758999999986 49
1744212578731 2.6196139999999843 50
1744212588838 2.6359530000000007 51
1744212598929 2.671276000000006 52
1744212609031 2.7142800000000022 53
1744212619130 2.737565999999987 54
1744212629234 2.7509680000000003 55
1744212639324 2.816674000000006 56
1744212649416 2.8338699999999903 57
1744212659511 2.8761360000000025 58
1744212669601 2.9444249999999954 59
1744212679705 2.9898239999999987 60
1744212689800 3.016865999999993 61
1744212699900 3.078244000000012 62
1744212709990 3.232247000000001 63
1744212720093 3.241279999999989 64
1744212730185 3.3193970000000093 65
1744212740288 3.3253290000000106 66
1744212750405 3.400525999999985 67
1744212760503 3.4498979999999904 68
1744212770599 3.4783410000000003 69
1744212780704 3.503598000000011 70
1744212790790 3.557074 71
1744212800890 3.567327000000006 72
1744212810983 3.647465000000011 73
1744212821080 3.6753649999999993 74
1744212831167 3.743775999999997 75
1744212841259 3.811908999999986 76
1744212851369 3.9595449999999914 77
1744212861472 4.011759000000012 78
1744212871577 4.067122000000012 79
1744212881674 4.091073999999992 80
1744212891767 4.133934000000011 81
1744212901855 4.1645289999999875 82
1744212911962 4.199631000000011 83
1744212922056 4.230471999999992 84
1744212932155 4.262388999999985 85
1744212942250 4.289076999999992 86
1744212952344 4.343904000000009 87
1744212962441 4.425256999999988 88
1744212972535 4.452679999999987 89
1744212982628 4.496565000000004 90
1744212992716 4.516097000000002 91
1744213002805 4.670269999999988 92
1744213012900 4.8256489999999985 93
1744213022995 4.874292999999994 94
1744213033076 4.9978889999999865 95
1744213043173 5.072175999999985 96
1744213053282 5.1691789999999855 97
1744213063382 5.1944990000000075 98
1744213073482 5.295846000000012 99
1744213083575 5.310334000000012 100
1744213093673 5.3303319999999985 101
1744213103782 5.382611999999995 102
1744213113882 5.447534999999988 103
1744213123969 5.463744999999989 104
1744213134060 5.508706999999987 105
1744213144152 5.5531190000000095 106
1744213154236 5.576211000000001 107
1744213164336 5.6294440000000066 108
1744213174442 5.691969 109
1744213184537 5.703670999999986 110
1744213194630 5.769655 111
1744213204717 5.798785000000009 112
1744213214817 5.818058000000008 113
1744213224907 5.860527999999988 114
1744213235008 5.948793999999992 115
1744213245101 5.978622999999999 116
1744213255204 6.009467999999998 117
1744213265305 6.10302999999999 118
1744213275396 6.108992999999998 119
1744213285491 6.238804999999985 120
1744213295588 6.280624999999986 121
1744213305691 6.566069999999996 122
1744213315785 6.631079999999997 123
1744213325868 6.687333999999993 124
1744213335963 6.690877999999998 125
1744213346059 6.773594000000003 126
1744213356158 6.820454000000012 127
1744213366260 6.8286760000000015 128
1744213376354 6.859337000000011 129
1744213386454 6.933312000000001 130
1744213396559 6.960949999999997 131
1744213406652 6.991258999999985 132
1744213416745 7.02355399999999 133
1744213426851 7.04061999999999 134
1744213436956 7.077870999999988 135
1744213447057 7.1229490000000055 136
1744213457139 7.154434000000009 137
1744213467249 7.215014999999994 138
1744213477345 7.250803999999988 139
1744213487446 7.264986999999991 140
1744213497539 7.301370999999989 141
1744213507635 7.365127000000001 142
1744213517725 7.3925629999999956 143
1744213527820 7.461987999999991 144
1744213537919 7.508400999999992 145
1744213548010 7.530988000000008 146
1744213558099 7.582706000000002 147
1744213568193 7.64680899999999 148
1744213578279 8.085658999999993 149
1744213588367 8.167012 150
1744213598468 8.20773299999999 151
1744213608564 8.406441999999998 152
1744213618666 8.41968399999999 153
