1744212073975 72.2 0
1744212084091 72.3 1
1744212094182 72.4 2
1744212104266 72.3 3
1744212114379 72.3 4
1744212124477 72.2 5
1744212134580 72.4 6
1744212144694 72.4 7
1744212154786 72.4 8
1744212164879 72.3 9
1744212174967 72.3 10
1744212185051 72.4 11
1744212195138 72.3 12
1744212205234 72.3 13
1744212215333 72.3 14
1744212225436 72.3 15
1744212235517 72.3 16
1744212245607 72.3 17
1744212255707 72.3 18
1744212265796 72.3 19
1744212275884 72.3 20
1744212285983 72.3 21
1744212296091 72.3 22
1744212306181 72.3 23
1744212316285 72.3 24
1744212326381 71.9 25
1744212336490 72.0 26
1744212346587 72.0 27
1744212356680 72.0 28
1744212366772 72.0 29
1744212376859 72.0 30
1744212386948 72.0 31
1744212397032 72.3 32
1744212407125 72.3 33
1744212417225 72.3 34
1744212427326 72.2 35
1744212437418 72.2 36
1744212447500 72.2 37
1744212457595 72.1 38
1744212467693 72.5 39
1744212477802 72.1 40
1744212487899 72.1 41
1744212497995 72.0 42
1744212508078 72.0 43
1744212518161 72.1 44
1744212528262 72.4 45
1744212538367 72.2 46
1744212548463 71.8 47
1744212558555 71.8 48
1744212568638 71.8 49
1744212578731 71.8 50
1744212588838 71.8 51
1744212598929 71.8 52
1744212609031 71.8 53
1744212619130 71.8 54
1744212629234 71.8 55
1744212639324 71.7 56
1744212649416 71.7 57
1744212659511 71.7 58
1744212669601 71.9 59
1744212679705 71.7 60
1744212689800 71.7 61
1744212699900 71.7 62
1744212709990 71.8 63
1744212720093 71.8 64
1744212730185 71.8 65
1744212740288 71.7 66
1744212750405 71.7 67
1744212760503 71.7 68
1744212770599 71.8 69
1744212780704 71.7 70
1744212790790 71.7 71
1744212800890 71.7 72
1744212810983 71.7 73
1744212821080 71.7 74
1744212831167 71.7 75
1744212841259 71.7 76
1744212851369 71.7 77
1744212861472 71.7 78
1744212871577 71.7 79
1744212881674 71.7 80
1744212891767 71.7 81
1744212901855 71.7 82
1744212911962 71.7 83
1744212922056 71.7 84
1744212932155 71.7 85
1744212942250 71.7 86
1744212952344 71.7 87
1744212962441 71.6 88
1744212972535 71.6 89
1744212982628 71.6 90
1744212992716 71.6 91
1744213002805 71.6 92
1744213012900 71.7 93
1744213022995 71.9 94
1744213033076 72.0 95
1744213043173 72.0 96
1744213053282 72.0 97
1744213063382 72.0 98
1744213073482 72.3 99
1744213083575 72.0 100
1744213093673 71.9 101
1744213103782 71.9 102
1744213113882 71.9 103
1744213123969 71.9 104
1744213134060 71.7 105
1744213144152 71.7 106
1744213154236 71.7 107
1744213164336 71.6 108
1744213174442 71.6 109
1744213184537 71.6 110
1744213194630 71.6 111
1744213204717 71.6 112
1744213214817 71.6 113
1744213224907 71.6 114
1744213235008 71.6 115
1744213245101 71.7 116
1744213255204 71.8 117
1744213265305 71.8 118
1744213275396 71.7 119
1744213285491 71.7 120
1744213295588 71.7 121
1744213305691 71.8 122
1744213315785 72.1 123
1744213325868 72.1 124
1744213335963 72.1 125
1744213346059 72.1 126
1744213356158 71.9 127
1744213366260 72.0 128
1744213376354 71.9 129
1744213386454 71.9 130
1744213396559 71.8 131
1744213406652 71.9 132
1744213416745 71.9 133
1744213426851 71.8 134
1744213436956 71.8 135
1744213447057 71.9 136
1744213457139 71.8 137
1744213467249 71.9 138
1744213477345 71.8 139
1744213487446 71.8 140
1744213497539 71.8 141
1744213507635 71.8 142
1744213517725 71.8 143
1744213527820 71.8 144
1744213537919 71.7 145
1744213548010 71.7 146
1744213558099 71.7 147
1744213568193 71.7 148
1744213578279 72.7 149
1744213588367 72.8 150
1744213598468 72.7 151
1744213608564 72.7 152
1744213618666 72.7 153
