1744212073975 24583.8 0
1744212084091 24591.6 1
1744212094182 24629.3 2
1744212104266 24594.9 3
1744212114379 24591.3 4
1744212124477 24586.0 5
1744212134580 24632.0 6
1744212144694 24630.8 7
1744212154786 24620.8 8
1744212164879 24617.4 9
1744212174967 24619.8 10
1744212185051 24622.6 11
1744212195138 24605.4 12
1744212205234 24598.6 13
1744212215333 24600.4 14
1744212225436 24595.6 15
1744212235517 24611.5 16
1744212245607 24610.2 17
1744212255707 24606.9 18
1744212265796 24614.7 19
1744212275884 24613.1 20
1744212285983 24613.5 21
1744212296091 24611.9 22
1744212306181 24611.5 23
1744212316285 24606.6 24
1744212326381 24460.3 25
1744212336490 24503.9 26
1744212346587 24494.9 27
1744212356680 24502.2 28
1744212366772 24486.6 29
1744212376859 24491.2 30
1744212386948 24500.4 31
1744212397032 24587.9 32
1744212407125 24597.3 33
1744212417225 24587.7 34
1744212427326 24585.0 35
1744212437418 24571.4 36
1744212447500 24561.0 37
1744212457595 24548.6 38
1744212467693 24658.8 39
1744212477802 24534.8 40
1744212487899 24527.2 41
1744212497995 24513.9 42
1744212508078 24507.2 43
1744212518161 24522.7 44
1744212528262 24647.5 45
1744212538367 24574.2 46
1744212548463 24418.4 47
1744212558555 24430.3 48
1744212568638 24428.7 49
1744212578731 24423.9 50
1744212588838 24436.2 51
1744212598929 24436.6 52
1744212609031 24428.0 53
1744212619130 24429.2 54
1744212629234 24418.5 55
1744212639324 24414.0 56
1744212649416 24412.6 57
1744212659511 24413.1 58
1744212669601 24454.7 59
1744212679705 24405.9 60
1744212689800 24404.5 61
1744212699900 24410.2 62
1744212709990 24436.8 63
1744212720093 24440.3 64
1744212730185 24433.0 65
1744212740288 24414.5 66
1744212750405 24410.1 67
1744212760503 24408.3 68
1744212770599 24417.9 69
1744212780704 24411.6 70
1744212790790 24406.6 71
1744212800890 24396.6 72
1744212810983 24409.7 73
1744212821080 24408.6 74
1744212831167 24410.5 75
1744212841259 24409.4 76
1744212851369 24403.7 77
1744212861472 24403.4 78
1744212871577 24413.6 79
1744212881674 24406.0 80
1744212891767 24414.8 81
1744212901855 24412.3 82
1744212911962 24410.6 83
1744212922056 24413.8 84
1744212932155 24414.1 85
1744212942250 24388.5 86
1744212952344 24385.7 87
1744212962441 24370.2 88
1744212972535 24358.3 89
1744212982628 24372.3 90
1744212992716 24374.1 91
1744213002805 24365.7 92
1744213012900 24400.1 93
1744213022995 24478.8 94
1744213033076 24489.8 95
1744213043173 24510.4 96
1744213053282 24494.8 97
1744213063382 24491.9 98
1744213073482 24587.3 99
1744213083575 24490.8 100
1744213093673 24471.5 101
1744213103782 24480.3 102
1744213113882 24483.9 103
1744213123969 24482.4 104
1744213134060 24398.5 105
1744213144152 24395.8 106
1744213154236 24404.4 107
1744213164336 24365.9 108
1744213174442 24377.1 109
1744213184537 24378.5 110
1744213194630 24376.3 111
1744213204717 24374.1 112
1744213214817 24368.8 113
1744213224907 24364.9 114
1744213235008 24364.3 115
1744213245101 24384.5 116
1744213255204 24428.7 117
1744213265305 24421.8 118
1744213275396 24414.8 119
1744213285491 24401.4 120
1744213295588 24400.4 121
1744213305691 24433.5 122
1744213315785 24526.6 123
1744213325868 24519.9 124
1744213335963 24532.6 125
1744213346059 24519.4 126
1744213356158 24468.3 127
1744213366260 24485.2 128
1744213376354 24454.3 129
1744213386454 24450.3 130
1744213396559 24425.2 131
1744213406652 24453.6 132
1744213416745 24454.4 133
1744213426851 24442.7 134
1744213436956 24445.1 135
1744213447057 24452.2 136
1744213457139 24449.6 137
1744213467249 24450.7 138
1744213477345 24447.3 139
1744213487446 24443.4 140
1744213497539 24446.2 141
1744213507635 24445.3 142
1744213517725 24438.0 143
1744213527820 24449.7 144
1744213537919 24409.4 145
1744213548010 24404.8 146
1744213558099 24400.7 147
1744213568193 24412.6 148
1744213578279 24740.6 149
1744213588367 24777.2 150
1744213598468 24742.7 151
1744213608564 24742.6 152
1744213618666 24726.4 153
