1752254556995 0.0006335741346056063 0
1752254559024 0.0002541664150315486 1
1752254560980 0.00024927846299142023 2
1752254563657 0.0015484006318293884 3
1752254567046 0.0011198013323107988 4
1752254569280 0.0018932198273773305 5
1752254571580 0.0020617493142968146 6
1752254573757 0.002031837312779113 7
1752254576411 0.005528495765036095 8
1752254578624 0.007114405226714647 9
1752254585730 0.012930020620583484 10
1752254588247 0.041702929495415424 11
1752254591374 0.053139095360155424 12
1752254593490 0.0360321210778669 13
1752254595545 0.03711450036638042 14
