1750794499544 0.0 0
1750794509641 24.1 1
1750794519719 38.4 2
1750794529794 33.5 3
1750794539882 25.8 4
1750794550087 32.2 5
1750794560223 37.3 6
1750794570373 37.3 7
1750794580492 37.7 8
1750794590602 34.0 9
1750794600715 37.8 10
1750794610794 43.9 11
1750794620923 34.1 12
1750794631050 35.6 13
1750794641155 34.8 14
1750794651371 41.8 15
1750794661473 34.1 16
1750794671767 34.6 17
1750794681831 35.1 18
1750794691976 26.9 19
1750794702099 43.8 20
1750794712238 39.7 21
1750794722378 44.6 22
1750794732484 38.9 23
1750794742578 36.4 24
1750794752677 42.0 25
1750794762773 22.6 26
1750794772847 16.2 27
