1750794499544 258566.5 0
1750794509641 258568.1 1
1750794519719 258568.3 2
1750794529794 258568.5 3
1750794539882 258568.5 4
1750794550087 258568.5 5
1750794560223 258566.7 6
1750794570373 258568.1 7
1750794580492 258568.8 8
1750794590602 258568.9 9
1750794600715 258568.8 10
1750794610794 258569.0 11
1750794620923 258568.8 12
1750794631050 258568.9 13
1750794641155 258569.1 14
1750794651371 258569.6 15
1750794661473 258568.1 16
1750794671767 258569.6 17
1750794681831 258569.7 18
1750794691976 258573.4 19
1750794702099 258574.3 20
1750794712238 258577.4 21
1750794722378 258577.3 22
1750794732484 258577.1 23
1750794742578 258577.1 24
1750794752677 258576.5 25
1750794762773 258576.5 26
1750794772847 258576.3 27
