1750794499544 25.3 0
1750794509641 25.3 1
1750794519719 25.3 2
1750794529794 25.3 3
1750794539882 25.3 4
1750794550087 25.3 5
1750794560223 25.3 6
1750794570373 25.3 7
1750794580492 25.3 8
1750794590602 25.3 9
1750794600715 25.3 10
1750794610794 25.3 11
1750794620923 25.3 12
1750794631050 25.3 13
1750794641155 25.3 14
1750794651371 25.3 15
1750794661473 25.3 16
1750794671767 25.3 17
1750794681831 25.3 18
1750794691976 25.3 19
1750794702099 25.3 20
1750794712238 25.3 21
1750794722378 25.3 22
1750794732484 25.3 23
1750794742578 25.3 24
1750794752677 25.3 25
1750794762773 25.3 26
1750794772847 25.3 27
