1750794499544 764827.1 0
1750794509641 764825.6 1
1750794519719 764825.3 2
1750794529794 764825.1 3
1750794539882 764825.1 4
1750794550087 764825.1 5
1750794560223 764827.0 6
1750794570373 764825.5 7
1750794580492 764824.8 8
1750794590602 764824.7 9
1750794600715 764824.8 10
1750794610794 764824.6 11
1750794620923 764824.8 12
1750794631050 764824.8 13
1750794641155 764824.5 14
1750794651371 764824.0 15
1750794661473 764825.5 16
1750794671767 764824.1 17
1750794681831 764823.9 18
1750794691976 764820.2 19
1750794702099 764819.3 20
1750794712238 764816.2 21
1750794722378 764816.4 22
1750794732484 764816.5 23
1750794742578 764816.5 24
1750794752677 764817.1 25
1750794762773 764817.2 26
1750794772847 764817.4 27
