1750794499544 0.0 0
1750794509641 0.05454800000001114 1
1750794519719 0.10250300000001289 2
1750794529794 0.13092500000001905 3
1750794539882 0.1604820000000018 4
1750794550087 0.20025800000001936 5
1750794560223 0.31814800000000787 6
1750794570373 0.4939910000000225 7
1750794580492 0.5332050000000095 8
1750794590602 0.5719960000000128 9
1750794600715 0.616658000000001 10
1750794610794 0.7078160000000082 11
1750794620923 0.8021650000000022 12
1750794631050 0.8302460000000167 13
1750794641155 0.8593480000000113 14
1750794651371 1.0483609999999999 15
1750794661473 1.0925160000000176 16
1750794671767 1.159985000000006 17
1750794681831 1.2021680000000003 18
1750794691976 1.2244420000000105 19
1750794702099 1.2518510000000163 20
1750794712238 1.3251220000000217 21
1750794722378 1.480398000000008 22
1750794732484 1.5172469999999976 23
1750794742578 1.548895000000016 24
1750794752677 1.5792370000000062 25
1750794762773 1.6364810000000034 26
1750794772847 1.6679699999999968 27
