1750794499544 0.0005170000000020991 0
1750794509641 0.2407999999999788 1
1750794519719 0.46819199999998773 2
1750794529794 0.6953629999999862 3
1750794539882 0.8995060000000308 4
1750794550087 1.1360290000000077 5
1750794560223 1.6502699999999777 6
1750794570373 2.4687250000000063 7
1750794580492 2.598042000000021 8
1750794590602 2.717962 9
1750794600715 2.763453000000027 10
1750794610794 2.9332330000000297 11
1750794620923 2.9945660000000203 12
1750794631050 3.0237900000000195 13
1750794641155 3.0488670000000297 14
1750794651371 4.027535999999998 15
1750794661473 4.097260000000006 16
1750794671767 4.558250999999984 17
1750794681831 4.661585000000002 18
1750794691976 4.688485000000014 19
1750794702099 5.362517000000025 20
1750794712238 5.741354999999999 21
1750794722378 6.339311000000009 22
1750794732484 6.387164999999982 23
1750794742578 6.4532480000000305 24
1750794752677 6.520331999999996 25
1750794762773 6.620699999999999 26
1750794772847 6.699346999999989 27
