1750794499544 22807.7 0
1750794509641 23145.3 1
1750794519719 23151.7 2
1750794529794 23500.6 3
1750794539882 23345.5 4
1750794550087 23474.0 5
1750794560223 23511.0 6
1750794570373 23429.9 7
1750794580492 23593.3 8
1750794590602 23566.6 9
1750794600715 23494.0 10
1750794610794 23586.1 11
1750794620923 23532.6 12
1750794631050 23552.3 13
1750794641155 23591.2 14
1750794651371 23942.3 15
1750794661473 23812.1 16
1750794671767 24041.7 17
1750794681831 23222.5 18
1750794691976 23301.8 19
1750794702099 23426.1 20
1750794712238 23479.4 21
1750794722378 23639.6 22
1750794732484 23475.4 23
1750794742578 23504.1 24
1750794752677 22998.1 25
1750794762773 23080.3 26
1750794772847 23238.4 27
