1750794499544 67.0 0
1750794509641 68.0 1
1750794519719 68.0 2
1750794529794 69.1 3
1750794539882 68.6 4
1750794550087 69.0 5
1750794560223 69.1 6
1750794570373 68.9 7
1750794580492 69.3 8
1750794590602 69.3 9
1750794600715 69.0 10
1750794610794 69.3 11
1750794620923 69.2 12
1750794631050 69.2 13
1750794641155 69.3 14
1750794651371 70.4 15
1750794661473 70.0 16
1750794671767 70.7 17
1750794681831 68.2 18
1750794691976 68.5 19
1750794702099 68.8 20
1750794712238 69.0 21
1750794722378 69.5 22
1750794732484 69.0 23
1750794742578 69.1 24
1750794752677 67.6 25
1750794762773 67.8 26
1750794772847 68.3 27
