1752344250270 0.0 0
1752344260390 10.4 1
1752344270445 43.2 2
1752344280599 44.1 3
1752344290840 49.4 4
1752344300939 44.7 5
1752344311020 41.8 6
1752344321187 42.6 7
1752344331323 44.0 8
1752344341452 41.5 9
1752344351543 41.9 10
1752344361648 43.0 11
1752344371754 42.6 12
1752344381854 42.1 13
1752344391952 43.9 14
1752344402089 42.7 15
1752344412227 41.7 16
1752344422366 42.6 17
1752344432499 43.4 18
1752344442598 43.4 19
1752344452665 42.7 20
1752344462754 34.5 21
1752344472953 30.8 22
1752344483067 47.0 23
1752344493224 42.1 24
1752344503358 41.7 25
1752344513459 45.1 26
1752344523552 42.9 27
1752344533658 44.5 28
1752344543759 43.0 29
1752344553902 43.9 30
1752344564040 42.6 31
1752344574155 51.3 32
1752344584271 45.7 33
1752344594360 42.6 34
1752344604451 41.1 35
1752344614583 44.3 36
1752344624703 42.3 37
1752344634822 42.2 38
1752344644917 43.4 39
1752344655054 42.1 40
1752344665419 49.3 41
