1752344250270 259415.0 0
1752344260390 259415.9 1
1752344270445 259415.9 2
1752344280599 259415.8 3
1752344290840 259417.0 4
1752344300939 259417.1 5
1752344311020 259417.1 6
1752344321187 259417.1 7
1752344331323 259417.1 8
1752344341452 259417.1 9
1752344351543 259417.3 10
1752344361648 259417.2 11
1752344371754 259417.3 12
1752344381854 259417.3 13
1752344391952 259417.3 14
1752344402089 259417.2 15
1752344412227 259417.3 16
1752344422366 259417.3 17
1752344432499 259417.4 18
1752344442598 259417.4 19
1752344452665 259417.5 20
1752344462754 259417.5 21
1752344472953 259417.4 22
1752344483067 259417.8 23
1752344493224 259417.7 24
1752344503358 259417.7 25
1752344513459 259417.8 26
1752344523552 259418.0 27
1752344533658 259418.1 28
1752344543759 259418.1 29
1752344553902 259418.1 30
1752344564040 259418.4 31
1752344574155 259420.2 32
1752344584271 259419.4 33
1752344594360 259419.6 34
1752344604451 259419.6 35
1752344614583 259419.6 36
1752344624703 259419.6 37
1752344634822 259419.6 38
1752344644917 259419.6 39
1752344655054 259419.6 40
1752344665419 259420.5 41
