1752344250270 25.3 0
1752344260390 25.3 1
1752344270445 25.3 2
1752344280599 25.3 3
1752344290840 25.3 4
1752344300939 25.3 5
1752344311020 25.3 6
1752344321187 25.3 7
1752344331323 25.3 8
1752344341452 25.3 9
1752344351543 25.3 10
1752344361648 25.3 11
1752344371754 25.3 12
1752344381854 25.3 13
1752344391952 25.3 14
1752344402089 25.3 15
1752344412227 25.3 16
1752344422366 25.3 17
1752344432499 25.3 18
1752344442598 25.3 19
1752344452665 25.3 20
1752344462754 25.3 21
1752344472953 25.3 22
1752344483067 25.3 23
1752344493224 25.3 24
1752344503358 25.3 25
1752344513459 25.3 26
1752344523552 25.3 27
1752344533658 25.3 28
1752344543759 25.3 29
1752344553902 25.3 30
1752344564040 25.3 31
1752344574155 25.3 32
1752344584271 25.3 33
1752344594360 25.3 34
1752344604451 25.3 35
1752344614583 25.3 36
1752344624703 25.3 37
1752344634822 25.3 38
1752344644917 25.3 39
1752344655054 25.3 40
1752344665419 25.3 41
