1752344250270 763978.6 0
1752344260390 763977.7 1
1752344270445 763977.7 2
1752344280599 763977.8 3
1752344290840 763976.6 4
1752344300939 763976.5 5
1752344311020 763976.5 6
1752344321187 763976.5 7
1752344331323 763976.5 8
1752344341452 763976.5 9
1752344351543 763976.4 10
1752344361648 763976.4 11
1752344371754 763976.4 12
1752344381854 763976.3 13
1752344391952 763976.3 14
1752344402089 763976.4 15
1752344412227 763976.3 16
1752344422366 763976.3 17
1752344432499 763976.2 18
1752344442598 763976.2 19
1752344452665 763976.2 20
1752344462754 763976.1 21
1752344472953 763976.2 22
1752344483067 763975.8 23
1752344493224 763975.9 24
1752344503358 763975.9 25
1752344513459 763975.8 26
1752344523552 763975.6 27
1752344533658 763975.5 28
1752344543759 763975.5 29
1752344553902 763975.5 30
1752344564040 763975.2 31
1752344574155 763973.4 32
1752344584271 763974.2 33
1752344594360 763974.0 34
1752344604451 763974.0 35
1752344614583 763974.0 36
1752344624703 763974.0 37
1752344634822 763974.0 38
1752344644917 763974.0 39
1752344655054 763974.0 40
1752344665419 763973.1 41
