1752344250270 0.0 0
1752344260390 0.027036999999999978 1
1752344270445 0.03370400000000018 2
1752344280599 0.04151999999999845 3
1752344290840 0.09506199999999865 4
1752344300939 0.12494899999999376 5
1752344311020 0.14452599999999904 6
1752344321187 0.16438799999999532 7
1752344331323 0.1880120000000005 8
1752344341452 0.19848299999999597 9
1752344351543 0.2120129999999989 10
1752344361648 0.2180529999999976 11
1752344371754 0.22060399999999447 12
1752344381854 0.22247099999999875 13
1752344391952 0.23573799999999778 14
1752344402089 0.23595100000000002 15
1752344412227 0.26375699999999824 16
1752344422366 0.27471999999999497 17
1752344432499 0.2772059999999996 18
1752344442598 0.29042099999999493 19
1752344452665 0.30024599999999424 20
1752344462754 0.30113899999999916 21
1752344472953 0.318171999999997 22
1752344483067 0.37426599999999866 23
1752344493224 0.39285699999999935 24
1752344503358 0.4085019999999986 25
1752344513459 0.4512929999999997 26
1752344523552 0.4591349999999963 27
1752344533658 0.46103300000000047 28
1752344543759 0.47337699999999927 29
1752344553902 0.4948189999999997 30
1752344564040 0.5054389999999955 31
1752344574155 0.5665169999999975 32
1752344584271 0.5823559999999972 33
1752344594360 0.5991739999999979 34
1752344604451 0.6055819999999983 35
1752344614583 0.6082549999999998 36
1752344624703 0.6100199999999987 37
1752344634822 0.6197879999999998 38
1752344644917 0.6217579999999998 39
1752344655054 0.6255199999999945 40
1752344665419 0.6963379999999972 41
