1752344250270 0.0 0
1752344260390 0.033529000000001474 1
1752344270445 0.047778999999991356 2
1752344280599 0.05012599999999168 3
1752344290840 0.0721240000000023 4
1752344300939 0.1037939999999935 5
1752344311020 0.10770099999999161 6
1752344321187 0.1353550000000041 7
1752344331323 0.15545099999999934 8
1752344341452 0.15981700000000387 9
1752344351543 0.1716649999999902 10
1752344361648 0.18392799999999454 11
1752344371754 0.1874519999999933 12
1752344381854 0.18967399999999657 13
1752344391952 0.20298099999999408 14
1752344402089 0.20345600000000275 15
1752344412227 0.2295429999999925 16
1752344422366 0.2418699999999916 17
1752344432499 0.24432799999999588 18
1752344442598 0.2573929999999933 19
1752344452665 0.2666049999999984 20
1752344462754 0.2697780000000023 21
1752344472953 0.28024399999999616 22
1752344483067 0.3153729999999939 23
1752344493224 0.3241739999999993 24
1752344503358 0.33655899999999406 25
1752344513459 0.4178579999999954 26
1752344523552 0.4896439999999984 27
1752344533658 0.49262999999999124 28
1752344543759 0.510233999999997 29
1752344553902 0.5311459999999926 30
1752344564040 0.960093999999998 31
1752344574155 1.5163050000000027 32
1752344584271 1.7233769999999993 33
1752344594360 1.742124000000004 34
1752344604451 1.7549099999999953 35
1752344614583 1.7580430000000007 36
1752344624703 1.7606079999999906 37
1752344634822 1.7735519999999951 38
1752344644917 1.7755219999999952 39
1752344655054 1.7783689999999979 40
1752344665419 1.8109329999999915 41
