1752344250270 13621.4 0
1752344260390 14371.7 1
1752344270445 14395.6 2
1752344280599 14650.3 3
1752344290840 14486.2 4
1752344300939 14280.2 5
1752344311020 14357.9 6
1752344321187 14657.6 7
1752344331323 14427.3 8
1752344341452 14275.2 9
1752344351543 14348.8 10
1752344361648 14380.9 11
1752344371754 14231.9 12
1752344381854 14624.9 13
1752344391952 14422.2 14
1752344402089 14362.8 15
1752344412227 14238.0 16
1752344422366 14627.5 17
1752344432499 14366.1 18
1752344442598 14255.0 19
1752344452665 14645.7 20
1752344462754 14173.6 21
1752344472953 14820.5 22
1752344483067 14615.5 23
1752344493224 14545.7 24
1752344503358 14316.8 25
1752344513459 14446.7 26
1752344523552 14221.5 27
1752344533658 14457.3 28
1752344543759 14314.8 29
1752344553902 14477.8 30
1752344564040 14351.9 31
1752344574155 14471.7 32
1752344584271 14511.8 33
1752344594360 14376.2 34
1752344604451 14754.5 35
1752344614583 14480.0 36
1752344624703 14355.3 37
1752344634822 14748.6 38
1752344644917 14471.5 39
1752344655054 14347.1 40
1752344665419 14843.8 41
