1752344250270 40.0 0
1752344260390 42.2 1
1752344270445 42.3 2
1752344280599 43.1 3
1752344290840 42.6 4
1752344300939 42.0 5
1752344311020 42.2 6
1752344321187 43.1 7
1752344331323 42.4 8
1752344341452 41.9 9
1752344351543 42.2 10
1752344361648 42.3 11
1752344371754 41.8 12
1752344381854 43.0 13
1752344391952 42.4 14
1752344402089 42.2 15
1752344412227 41.8 16
1752344422366 43.0 17
1752344432499 42.2 18
1752344442598 41.9 19
1752344452665 43.0 20
1752344462754 41.7 21
1752344472953 43.6 22
1752344483067 42.9 23
1752344493224 42.7 24
1752344503358 42.1 25
1752344513459 42.5 26
1752344523552 41.8 27
1752344533658 42.5 28
1752344543759 42.1 29
1752344553902 42.5 30
1752344564040 42.2 31
1752344574155 42.5 32
1752344584271 42.6 33
1752344594360 42.2 34
1752344604451 43.4 35
1752344614583 42.6 36
1752344624703 42.2 37
1752344634822 43.3 38
1752344644917 42.5 39
1752344655054 42.2 40
1752344665419 43.6 41
