1750693455711 0.0 0
1750693465904 29.3 1
1750693476044 23.6 2
1750693486176 27.4 3
1750693496343 27.9 4
1750693506518 21.9 5
1750693516677 30.1 6
1750693526826 25.6 7
1750693536971 23.3 8
1750693547096 25.2 9
1750693557281 27.5 10
1750693567435 29.7 11
1750693577615 24.3 12
1750693587819 22.9 13
1750693598061 22.8 14
1750693608219 29.7 15
1750693618388 26.0 16
1750693628547 27.5 17
1750693638697 25.7 18
1750693648845 30.0 19
1750693659020 23.3 20
1750693669224 33.1 21
1750693679387 25.6 22
1750693689563 30.4 23
1750693699707 22.5 24
1750693709869 24.8 25
1750693721002 21.0 26
1750693731177 22.3 27
1750693741348 26.0 28
1750693751479 24.1 29
1750693761618 19.1 30
1750693771706 19.5 31
1750693781824 17.9 32
1750693791905 19.8 33
1750693802007 13.8 34
1750693812953 12.3 35
1750693823110 13.3 36
1750693833393 11.9 37
