1750693455711 765219.4 0
1750693465904 765218.7 1
1750693476044 765218.7 2
1750693486176 765229.3 3
1750693496343 765229.5 4
1750693506518 765229.0 5
1750693516677 765228.7 6
1750693526826 765227.8 7
1750693536971 765227.9 8
1750693547096 765228.0 9
1750693557281 765228.0 10
1750693567435 765227.9 11
1750693577615 765228.3 12
1750693587819 765227.9 13
1750693598061 765227.8 14
1750693608219 765227.7 15
1750693618388 765227.1 16
1750693628547 765227.2 17
1750693638697 765227.0 18
1750693648845 765227.1 19
1750693659020 765227.1 20
1750693669224 765227.1 21
1750693679387 765227.0 22
1750693689563 765226.7 23
1750693699707 765226.7 24
1750693709869 765226.6 25
1750693721002 765226.6 26
1750693731177 765226.6 27
1750693741348 765226.5 28
1750693751479 765226.0 29
1750693761618 765226.0 30
1750693771706 765226.0 31
1750693781824 765226.0 32
1750693791905 765225.8 33
1750693802007 765225.9 34
1750693812953 765226.1 35
1750693823110 765226.1 36
1750693833393 765225.8 37
