1750693455711 258174.2 0
1750693465904 258174.9 1
1750693476044 258174.9 2
1750693486176 258164.3 3
1750693496343 258164.1 4
1750693506518 258164.6 5
1750693516677 258164.9 6
1750693526826 258165.9 7
1750693536971 258165.7 8
1750693547096 258165.6 9
1750693557281 258165.6 10
1750693567435 258165.7 11
1750693577615 258165.4 12
1750693587819 258165.7 13
1750693598061 258165.8 14
1750693608219 258165.9 15
1750693618388 258166.5 16
1750693628547 258166.4 17
1750693638697 258166.6 18
1750693648845 258166.5 19
1750693659020 258166.6 20
1750693669224 258166.6 21
1750693679387 258166.6 22
1750693689563 258166.9 23
1750693699707 258166.9 24
1750693709869 258167.0 25
1750693721002 258167.0 26
1750693731177 258167.0 27
1750693741348 258167.1 28
1750693751479 258167.6 29
1750693761618 258167.6 30
1750693771706 258167.6 31
1750693781824 258167.6 32
1750693791905 258167.8 33
1750693802007 258167.8 34
1750693812953 258167.5 35
1750693823110 258167.5 36
1750693833393 258167.8 37
