1750693455711 25.2 0
1750693465904 25.2 1
1750693476044 25.2 2
1750693486176 25.2 3
1750693496343 25.2 4
1750693506518 25.2 5
1750693516677 25.2 6
1750693526826 25.2 7
1750693536971 25.2 8
1750693547096 25.2 9
1750693557281 25.2 10
1750693567435 25.2 11
1750693577615 25.2 12
1750693587819 25.2 13
1750693598061 25.2 14
1750693608219 25.2 15
1750693618388 25.2 16
1750693628547 25.2 17
1750693638697 25.2 18
1750693648845 25.2 19
1750693659020 25.2 20
1750693669224 25.2 21
1750693679387 25.2 22
1750693689563 25.2 23
1750693699707 25.2 24
1750693709869 25.2 25
1750693721002 25.2 26
1750693731177 25.2 27
1750693741348 25.2 28
1750693751479 25.2 29
1750693761618 25.2 30
1750693771706 25.2 31
1750693781824 25.2 32
1750693791905 25.2 33
1750693802007 25.2 34
1750693812953 25.2 35
1750693823110 25.2 36
1750693833393 25.2 37
