1750693455711 0.0 0
1750693465904 0.47368399999999156 1
1750693476044 0.7769569999999959 2
1750693486176 1.089739999999992 3
1750693496343 1.2766379999999913 4
1750693506518 1.3286689999999908 5
1750693516677 1.4196119999999866 6
1750693526826 1.5257229999999993 7
1750693536971 1.647714999999991 8
1750693547096 1.816525999999996 9
1750693557281 1.8718359999999876 10
1750693567435 1.8936079999999862 11
1750693577615 2.0312649999999906 12
1750693587819 2.187380999999988 13
1750693598061 2.337108999999998 14
1750693608219 2.4029819999999944 15
1750693618388 2.4979649999999936 16
1750693628547 2.6310529999999943 17
1750693638697 2.688787999999988 18
1750693648845 2.769135999999989 19
1750693659020 2.885812999999999 20
1750693669224 3.015552999999997 21
1750693679387 3.1771169999999955 22
1750693689563 3.2865869999999973 23
1750693699707 3.3439309999999978 24
1750693709869 3.4516259999999903 25
1750693721002 3.6098479999999995 26
1750693731177 3.675293999999994 27
1750693741348 3.7587429999999955 28
1750693751479 3.851204999999993 29
1750693761618 3.9191999999999894 30
1750693771706 3.9767619999999937 31
1750693781824 4.074390999999991 32
1750693791905 4.156987999999998 33
1750693802007 4.253328999999994 34
1750693812953 4.321388999999996 35
1750693823110 4.386873999999992 36
1750693833393 4.50097199999999 37
