1750693455711 0.0 0
1750693465904 0.7315269999999998 1
1750693476044 0.8878540000000044 2
1750693486176 2.83403899999999 3
1750693496343 3.235917999999998 4
1750693506518 3.6253309999999885 5
1750693516677 4.063713000000007 6
1750693526826 6.35726600000001 7
1750693536971 7.712436999999994 8
1750693547096 10.76335800000001 9
1750693557281 12.061823000000004 10
1750693567435 12.500531999999993 11
1750693577615 14.753772999999995 12
1750693587819 16.249481000000003 13
1750693598061 17.627702999999997 14
1750693608219 18.931747 15
1750693618388 21.36072200000001 16
1750693628547 24.19527199999999 17
1750693638697 25.498230000000007 18
1750693648845 26.828806000000014 19
1750693659020 28.223365 20
1750693669224 32.195322000000004 21
1750693679387 35.805475 22
1750693689563 37.254559 23
1750693699707 38.59314699999999 24
1750693709869 39.93010799999999 25
1750693721002 41.44421399999999 26
1750693731177 42.773390000000006 27
1750693741348 44.09877900000001 28
1750693751479 44.53237100000001 29
1750693761618 44.90672799999999 30
1750693771706 45.30708999999999 31
1750693781824 45.681573000000014 32
1750693791905 46.08864199999999 33
1750693802007 47.46763100000001 34
1750693812953 48.85576800000001 35
1750693823110 49.277147000000014 36
1750693833393 49.747262000000006 37
