1750693455711 20445.1 0
1750693465904 21051.8 1
1750693476044 21047.6 2
1750693486176 21381.6 3
1750693496343 21213.8 4
1750693506518 21274.9 5
1750693516677 21180.5 6
1750693526826 21320.6 7
1750693536971 21394.7 8
1750693547096 21357.7 9
1750693557281 21386.3 10
1750693567435 21259.6 11
1750693577615 21503.1 12
1750693587819 21491.6 13
1750693598061 21592.4 14
1750693608219 21517.3 15
1750693618388 21681.2 16
1750693628547 21458.3 17
1750693638697 21463.9 18
1750693648845 21314.7 19
1750693659020 21430.8 20
1750693669224 21634.8 21
1750693679387 21585.3 22
1750693689563 21537.9 23
1750693699707 21608.4 24
1750693709869 21700.1 25
1750693721002 21662.9 26
1750693731177 21717.0 27
1750693741348 21788.7 28
1750693751479 21842.8 29
1750693761618 21803.8 30
1750693771706 21816.5 31
1750693781824 21816.0 32
1750693791905 22004.8 33
1750693802007 21679.6 34
1750693812953 21710.2 35
1750693823110 21552.2 36
1750693833393 21618.9 37
