1750693455711 60.1 0
1750693465904 61.9 1
1750693476044 61.9 2
1750693486176 62.8 3
1750693496343 62.3 4
1750693506518 62.5 5
1750693516677 62.2 6
1750693526826 62.7 7
1750693536971 62.9 8
1750693547096 62.8 9
1750693557281 62.8 10
1750693567435 62.5 11
1750693577615 63.2 12
1750693587819 63.2 13
1750693598061 63.5 14
1750693608219 63.2 15
1750693618388 63.7 16
1750693628547 63.1 17
1750693638697 63.1 18
1750693648845 62.6 19
1750693659020 63.0 20
1750693669224 63.6 21
1750693679387 63.4 22
1750693689563 63.3 23
1750693699707 63.5 24
1750693709869 63.8 25
1750693721002 63.7 26
1750693731177 63.8 27
1750693741348 64.0 28
1750693751479 64.2 29
1750693761618 64.1 30
1750693771706 64.1 31
1750693781824 64.1 32
1750693791905 64.7 33
1750693802007 63.7 34
1750693812953 63.8 35
1750693823110 63.3 36
1750693833393 63.5 37
