1752206845878 0.0 0
1752206856044 21.3 1
1752206866124 52.5 2
1752206876278 56.9 3
1752206886473 57.9 4
1752206896656 66.4 5
1752206906772 65.0 6
1752206916892 58.9 7
1752206927003 55.2 8
1752206937210 56.4 9
1752206947405 53.2 10
1752206957521 61.0 11
1752206967656 58.3 12
1752206977748 55.1 13
1752206987873 55.3 14
1752206997990 56.1 15
1752207008117 56.3 16
1752207018244 60.9 17
1752207028361 44.7 18
1752207038489 56.0 19
1752207048588 56.3 20
1752207058716 54.6 21
1752207068856 55.1 22
1752207079104 55.4 23
1752207089337 64.4 24
1752207099507 53.9 25
1752207109656 46.7 26
1752207119852 55.6 27
1752207129976 55.8 28
1752207140179 55.5 29
1752207150339 58.2 30
1752207160512 56.2 31
1752207170624 54.9 32
1752207180732 55.5 33
1752207190891 45.1 34
1752207201215 55.1 35
1752207211425 55.1 36
1752207221531 56.7 37
1752207231637 55.8 38
1752207241769 59.5 39
1752207251914 56.0 40
1752207262166 55.6 41
1752207272345 50.5 42
1752207282489 60.2 43
1752207292631 54.0 44
1752207302732 54.5 45
1752207312842 55.1 46
1752207322940 56.3 47
1752207333015 55.2 48
1752207343139 47.0 49
1752207353353 53.0 50
1752207363455 55.6 51
1752207373619 56.2 52
1752207383800 56.9 53
1752207393959 54.7 54
1752207404100 56.8 55
1752207414209 55.5 56
1752207424405 44.8 57
1752207434578 57.2 58
1752207444815 56.1 59
1752207454952 57.8 60
1752207465103 65.7 61
1752207475229 57.0 62
1752207485310 55.6 63
