1752206845878 762578.1 0
1752206856044 762577.7 1
1752206866124 762577.1 2
1752206876278 762576.8 3
1752206886473 762576.6 4
1752206896656 762576.3 5
1752206906772 762576.1 6
1752206916892 762576.0 7
1752206927003 762575.9 8
1752206937210 762576.5 9
1752206947405 762576.4 10
1752206957521 762576.2 11
1752206967656 762575.8 12
1752206977748 762575.5 13
1752206987873 762575.5 14
1752206997990 762575.5 15
1752207008117 762575.5 16
1752207018244 762574.8 17
1752207028361 762574.8 18
1752207038489 762574.8 19
1752207048588 762574.8 20
1752207058716 762574.8 21
1752207068856 762574.9 22
1752207079104 762574.8 23
1752207089337 762574.8 24
1752207099507 762574.7 25
1752207109656 762574.7 26
1752207119852 762574.6 27
1752207129976 762574.6 28
1752207140179 762574.5 29
1752207150339 762574.5 30
1752207160512 762574.3 31
1752207170624 762574.4 32
1752207180732 762574.3 33
1752207190891 762574.3 34
1752207201215 762574.3 35
1752207211425 762574.3 36
1752207221531 762574.3 37
1752207231637 762574.3 38
1752207241769 762574.3 39
1752207251914 762574.3 40
1752207262166 762574.3 41
1752207272345 762574.3 42
1752207282489 762575.6 43
1752207292631 762575.7 44
1752207302732 762575.8 45
1752207312842 762575.8 46
1752207322940 762575.7 47
1752207333015 762575.8 48
1752207343139 762575.6 49
1752207353353 762575.6 50
1752207363455 762575.6 51
1752207373619 762575.5 52
1752207383800 762575.3 53
1752207393959 762575.3 54
1752207404100 762575.2 55
1752207414209 762575.2 56
1752207424405 762575.0 57
1752207434578 762575.0 58
1752207444815 762575.1 59
1752207454952 762575.1 60
1752207465103 762575.1 61
1752207475229 762574.9 62
1752207485310 762574.8 63
