1752206845878 25.5 0
1752206856044 25.5 1
1752206866124 25.5 2
1752206876278 25.5 3
1752206886473 25.5 4
1752206896656 25.5 5
1752206906772 25.5 6
1752206916892 25.5 7
1752206927003 25.5 8
1752206937210 25.5 9
1752206947405 25.5 10
1752206957521 25.5 11
1752206967656 25.5 12
1752206977748 25.5 13
1752206987873 25.5 14
1752206997990 25.5 15
1752207008117 25.5 16
1752207018244 25.5 17
1752207028361 25.5 18
1752207038489 25.5 19
1752207048588 25.5 20
1752207058716 25.5 21
1752207068856 25.5 22
1752207079104 25.5 23
1752207089337 25.5 24
1752207099507 25.5 25
1752207109656 25.5 26
1752207119852 25.5 27
1752207129976 25.5 28
1752207140179 25.5 29
1752207150339 25.5 30
1752207160512 25.5 31
1752207170624 25.5 32
1752207180732 25.5 33
1752207190891 25.5 34
1752207201215 25.5 35
1752207211425 25.5 36
1752207221531 25.5 37
1752207231637 25.5 38
1752207241769 25.5 39
1752207251914 25.5 40
1752207262166 25.5 41
1752207272345 25.5 42
1752207282489 25.5 43
1752207292631 25.5 44
1752207302732 25.5 45
1752207312842 25.5 46
1752207322940 25.5 47
1752207333015 25.5 48
1752207343139 25.5 49
1752207353353 25.5 50
1752207363455 25.5 51
1752207373619 25.5 52
1752207383800 25.5 53
1752207393959 25.5 54
1752207404100 25.5 55
1752207414209 25.5 56
1752207424405 25.5 57
1752207434578 25.5 58
1752207444815 25.5 59
1752207454952 25.5 60
1752207465103 25.5 61
1752207475229 25.5 62
1752207485310 25.5 63
