1752206845878 260815.5 0
1752206856044 260815.9 1
1752206866124 260816.6 2
1752206876278 260816.8 3
1752206886473 260817.0 4
1752206896656 260817.4 5
1752206906772 260817.5 6
1752206916892 260817.6 7
1752206927003 260817.7 8
1752206937210 260817.1 9
1752206947405 260817.2 10
1752206957521 260817.4 11
1752206967656 260817.9 12
1752206977748 260818.1 13
1752206987873 260818.1 14
1752206997990 260818.1 15
1752207008117 260818.1 16
1752207018244 260818.8 17
1752207028361 260818.8 18
1752207038489 260818.8 19
1752207048588 260818.8 20
1752207058716 260818.8 21
1752207068856 260818.7 22
1752207079104 260818.8 23
1752207089337 260818.9 24
1752207099507 260818.9 25
1752207109656 260818.9 26
1752207119852 260819.1 27
1752207129976 260819.1 28
1752207140179 260819.1 29
1752207150339 260819.1 30
1752207160512 260819.3 31
1752207170624 260819.3 32
1752207180732 260819.3 33
1752207190891 260819.3 34
1752207201215 260819.3 35
1752207211425 260819.3 36
1752207221531 260819.3 37
1752207231637 260819.3 38
1752207241769 260819.3 39
1752207251914 260819.3 40
1752207262166 260819.4 41
1752207272345 260819.4 42
1752207282489 260818.0 43
1752207292631 260817.9 44
1752207302732 260817.8 45
1752207312842 260817.8 46
1752207322940 260817.9 47
1752207333015 260817.8 48
1752207343139 260818.0 49
1752207353353 260818.0 50
1752207363455 260818.0 51
1752207373619 260818.1 52
1752207383800 260818.3 53
1752207393959 260818.3 54
1752207404100 260818.4 55
1752207414209 260818.4 56
1752207424405 260818.7 57
1752207434578 260818.7 58
1752207444815 260818.5 59
1752207454952 260818.5 60
1752207465103 260818.5 61
1752207475229 260818.7 62
1752207485310 260818.8 63
