1752206845878 0.0 0
1752206856044 0.14404100000001563 1
1752206866124 0.1961520000000121 2
1752206876278 0.2839580000000126 3
1752206886473 0.3130960000000016 4
1752206896656 0.3765060000000062 5
1752206906772 0.4206540000000132 6
1752206916892 0.4460890000000006 7
1752206927003 0.4844890000000248 8
1752206937210 0.7458990000000085 9
1752206947405 0.8213470000000029 10
1752206957521 0.8286460000000204 11
1752206967656 0.8435930000000269 12
1752206977748 0.8690300000000093 13
1752206987873 0.8780230000000131 14
1752206997990 0.945633000000015 15
1752207008117 0.994166000000007 16
1752207018244 1.030600000000021 17
1752207028361 1.0394600000000196 18
1752207038489 1.0749890000000164 19
1752207048588 1.090141000000017 20
1752207058716 1.1242030000000227 21
1752207068856 1.1456680000000006 22
1752207079104 1.162793000000022 23
1752207089337 1.238061000000016 24
1752207099507 1.257805000000019 25
1752207109656 1.263877000000008 26
1752207119852 1.3370260000000087 27
1752207129976 1.3709570000000042 28
1752207140179 1.3893860000000018 29
1752207150339 1.3976150000000018 30
1752207160512 1.4256170000000168 31
1752207170624 1.4495400000000132 32
1752207180732 1.5234690000000057 33
1752207190891 1.5573590000000195 34
1752207201215 1.571376000000015 35
1752207211425 1.5782870000000173 36
1752207221531 1.6024130000000127 37
1752207231637 1.6396000000000015 38
1752207241769 2.019957000000005 39
1752207251914 2.0629490000000033 40
1752207262166 2.13658700000002 41
1752207272345 2.1917600000000164 42
1752207282489 2.2426510000000235 43
1752207292631 2.250899000000004 44
1752207302732 2.3060070000000223 45
1752207312842 2.3306560000000047 46
1752207322940 2.338445000000007 47
1752207333015 2.3457360000000165 48
1752207343139 2.450174000000004 49
1752207353353 2.4802310000000034 50
1752207363455 2.5380360000000053 51
1752207373619 2.5725530000000276 52
1752207383800 2.5972860000000253 53
1752207393959 2.6046180000000163 54
1752207404100 2.6505850000000066 55
1752207414209 2.6793240000000083 56
1752207424405 2.7031450000000063 57
1752207434578 2.7241140000000144 58
1752207444815 2.7594460000000254 59
1752207454952 2.815285000000017 60
1752207465103 2.895464000000004 61
1752207475229 2.9087240000000065 62
1752207485310 2.9346370000000093 63
