1752206845878 0.0 0
1752206856044 0.21907200000001126 1
1752206866124 0.3123300000000029 2
1752206876278 0.4093640000000107 3
1752206886473 0.44290900000001443 4
1752206896656 0.556792999999999 5
1752206906772 0.6820770000000209 6
1752206916892 0.698048 7
1752206927003 0.7254700000000014 8
1752206937210 0.8325030000000027 9
1752206947405 0.8852800000000229 10
1752206957521 0.890449000000018 11
1752206967656 0.898255000000006 12
1752206977748 0.9147990000000163 13
1752206987873 0.9192650000000242 14
1752206997990 0.9955580000000168 15
1752207008117 1.0364100000000178 16
1752207018244 1.063841000000025 17
1752207028361 1.0677689999999984 18
1752207038489 1.0874780000000044 19
1752207048588 1.095858000000021 20
1752207058716 1.1330269999999985 21
1752207068856 1.154311000000007 22
1752207079104 1.1602150000000222 23
1752207089337 1.366566000000006 24
1752207099507 1.378391000000022 25
1752207109656 1.3853130000000249 26
1752207119852 1.460928000000024 27
1752207129976 1.491515000000021 28
1752207140179 1.506397000000021 29
1752207150339 1.5089240000000075 30
1752207160512 1.5313969999999983 31
1752207170624 1.5482090000000142 32
1752207180732 1.6465340000000026 33
1752207190891 1.6778720000000078 34
1752207201215 1.6919660000000079 35
1752207211425 1.6945090000000107 36
1752207221531 1.7094360000000108 37
1752207231637 1.7328500000000133 38
1752207241769 2.0179530000000057 39
1752207251914 2.0768270000000086 40
1752207262166 2.1709400000000016 41
1752207272345 2.308435000000003 42
1752207282489 2.408553000000012 43
1752207292631 2.4123969999999986 44
1752207302732 2.454230000000024 45
1752207312842 2.480556000000007 46
1752207322940 2.4830080000000123 47
1752207333015 2.4846310000000074 48
1752207343139 2.5299870000000055 49
1752207353353 2.5520539999999983 50
1752207363455 2.642423000000008 51
1752207373619 2.6734080000000233 52
1752207383800 2.692453999999998 53
1752207393959 2.695044000000024 54
1752207404100 2.728152000000023 55
1752207414209 2.760600000000011 56
1752207424405 2.772410000000008 57
1752207434578 2.793061000000023 58
1752207444815 2.8090860000000077 59
1752207454952 2.869697000000002 60
1752207465103 3.0826020000000085 61
1752207475229 3.093951000000004 62
1752207485310 3.104343 63
