1752206845878 25576.7 0
1752206856044 25801.3 1
1752206866124 25871.9 2
1752206876278 25880.8 3
1752206886473 25895.1 4
1752206896656 26035.3 5
1752206906772 25927.8 6
1752206916892 25907.4 7
1752206927003 25923.9 8
1752206937210 25937.6 9
1752206947405 26036.4 10
1752206957521 26065.0 11
1752206967656 26052.8 12
1752206977748 26049.6 13
1752206987873 26025.6 14
1752206997990 26069.2 15
1752207008117 26057.8 16
1752207018244 26111.8 17
1752207028361 26128.8 18
1752207038489 26122.6 19
1752207048588 26133.4 20
1752207058716 26036.6 21
1752207068856 26046.6 22
1752207079104 26121.0 23
1752207089337 26074.5 24
1752207099507 25931.8 25
1752207109656 25966.1 26
1752207119852 25972.2 27
1752207129976 25976.7 28
1752207140179 25990.2 29
1752207150339 25199.9 30
1752207160512 25168.1 31
1752207170624 25143.8 32
1752207180732 25169.4 33
1752207190891 25253.9 34
1752207201215 25238.6 35
1752207211425 25247.9 36
1752207221531 25240.2 37
1752207231637 25251.0 38
1752207241769 25379.9 39
1752207251914 25446.3 40
1752207262166 25423.3 41
1752207272345 25619.2 42
1752207282489 25389.2 43
1752207292631 25376.2 44
1752207302732 25380.8 45
1752207312842 25394.3 46
1752207322940 25377.1 47
1752207333015 25344.5 48
1752207343139 25313.3 49
1752207353353 25443.3 50
1752207363455 25445.2 51
1752207373619 25446.7 52
1752207383800 25444.6 53
1752207393959 25446.8 54
1752207404100 25304.4 55
1752207414209 25323.0 56
1752207424405 25362.3 57
1752207434578 25384.1 58
1752207444815 25377.5 59
1752207454952 24748.9 60
1752207465103 24763.1 61
1752207475229 24709.0 62
1752207485310 24709.3 63
