1752206845878 75.2 0
1752206856044 75.8 1
1752206866124 76.0 2
1752206876278 76.1 3
1752206886473 76.1 4
1752206896656 76.5 5
1752206906772 76.2 6
1752206916892 76.1 7
1752206927003 76.2 8
1752206937210 76.2 9
1752206947405 76.5 10
1752206957521 76.6 11
1752206967656 76.6 12
1752206977748 76.6 13
1752206987873 76.5 14
1752206997990 76.6 15
1752207008117 76.6 16
1752207018244 76.7 17
1752207028361 76.8 18
1752207038489 76.8 19
1752207048588 76.8 20
1752207058716 76.5 21
1752207068856 76.5 22
1752207079104 76.8 23
1752207089337 76.6 24
1752207099507 76.2 25
1752207109656 76.3 26
1752207119852 76.3 27
1752207129976 76.3 28
1752207140179 76.4 29
1752207150339 74.1 30
1752207160512 74.0 31
1752207170624 73.9 32
1752207180732 74.0 33
1752207190891 74.2 34
1752207201215 74.2 35
1752207211425 74.2 36
1752207221531 74.2 37
1752207231637 74.2 38
1752207241769 74.6 39
1752207251914 74.8 40
1752207262166 74.7 41
1752207272345 75.3 42
1752207282489 74.6 43
1752207292631 74.6 44
1752207302732 74.6 45
1752207312842 74.6 46
1752207322940 74.6 47
1752207333015 74.5 48
1752207343139 74.4 49
1752207353353 74.8 50
1752207363455 74.8 51
1752207373619 74.8 52
1752207383800 74.8 53
1752207393959 74.8 54
1752207404100 74.4 55
1752207414209 74.4 56
1752207424405 74.5 57
1752207434578 74.6 58
1752207444815 74.6 59
1752207454952 72.7 60
1752207465103 72.8 61
1752207475229 72.6 62
1752207485310 72.6 63
