1726509899006 0.0 0
1726509909121 10.6 1
1726509919257 18.3 2
1726509929383 28.9 3
1726509939500 27.0 4
1726509949570 24.6 5
1726509959664 25.9 6
1726509969904 17.0 7
1726509980103 20.9 8
1726509990885 23.6 9
1726510000983 21.7 10
1726510011131 19.3 11
1726510021212 23.4 12
1726510031308 19.2 13
1726510041413 14.7 14
1726510051557 20.9 15
1726510061681 26.6 16
1726510073029 19.7 17
1726510083160 17.8 18
1726510093256 17.9 19
1726510103360 13.5 20
1726510113427 15.0 21
1726510123520 11.5 22
1726510133713 18.9 23
1726510143818 19.8 24
1726510153928 13.7 25
1726510164009 18.8 26
1726510174089 26.9 27
1726510184161 13.5 28
1726510194298 21.4 29
