1726509899006 886467.9 0
1726509909121 886467.8 1
1726509919257 886464.0 2
1726509929383 886456.7 3
1726509939500 886456.7 4
1726509949570 886454.2 5
1726509959664 886454.0 6
1726509969904 886453.6 7
1726509980103 886444.1 8
1726509990885 886444.1 9
1726510000983 886437.9 10
1726510011131 886437.9 11
1726510021212 886438.0 12
1726510031308 886438.0 13
1726510041413 886438.0 14
1726510051557 886438.0 15
1726510061681 886441.7 16
1726510073029 886441.7 17
1726510083160 886441.7 18
1726510093256 886441.7 19
1726510103360 886441.5 20
1726510113427 886441.5 21
1726510123520 886441.6 22
1726510133713 886441.0 23
1726510143818 886441.0 24
1726510153928 886441.0 25
1726510164009 886441.0 26
1726510174089 886440.9 27
1726510184161 886441.0 28
1726510194298 886440.9 29
