1726509899006 136925.7 0
1726509909121 136925.8 1
1726509919257 136929.6 2
1726509929383 136937.0 3
1726509939500 136937.0 4
1726509949570 136939.5 5
1726509959664 136939.6 6
1726509969904 136940.0 7
1726509980103 136949.5 8
1726509990885 136949.5 9
1726510000983 136955.7 10
1726510011131 136955.7 11
1726510021212 136955.6 12
1726510031308 136955.6 13
1726510041413 136955.6 14
1726510051557 136955.6 15
1726510061681 136951.9 16
1726510073029 136951.9 17
1726510083160 136951.9 18
1726510093256 136951.9 19
1726510103360 136952.1 20
1726510113427 136952.1 21
1726510123520 136952.0 22
1726510133713 136952.6 23
1726510143818 136952.6 24
1726510153928 136952.6 25
1726510164009 136952.6 26
1726510174089 136952.7 27
1726510184161 136952.6 28
1726510194298 136952.7 29
