1726509899006 13.4 0
1726509909121 13.4 1
1726509919257 13.4 2
1726509929383 13.4 3
1726509939500 13.4 4
1726509949570 13.4 5
1726509959664 13.4 6
1726509969904 13.4 7
1726509980103 13.4 8
1726509990885 13.4 9
1726510000983 13.4 10
1726510011131 13.4 11
1726510021212 13.4 12
1726510031308 13.4 13
1726510041413 13.4 14
1726510051557 13.4 15
1726510061681 13.4 16
1726510073029 13.4 17
1726510083160 13.4 18
1726510093256 13.4 19
1726510103360 13.4 20
1726510113427 13.4 21
1726510123520 13.4 22
1726510133713 13.4 23
1726510143818 13.4 24
1726510153928 13.4 25
1726510164009 13.4 26
1726510174089 13.4 27
1726510184161 13.4 28
1726510194298 13.4 29
