1726509899006 0.0 0
1726509909121 0.1873819999999995 1
1726509919257 0.7490080000000034 2
1726509929383 0.7935870000000023 3
1726509939500 0.8041850000000039 4
1726509949570 0.8288280000000015 5
1726509959664 0.9225110000000001 6
1726509969904 0.9347920000000016 7
1726509980103 1.3318280000000016 8
1726509990885 1.3457410000000039 9
1726510000983 1.372478000000001 10
1726510011131 1.3854510000000033 11
1726510021212 1.397506 12
1726510031308 1.4243999999999986 13
1726510041413 1.4699640000000045 14
1726510051557 1.4934510000000003 15
1726510061681 1.5126850000000047 16
1726510073029 1.5457019999999986 17
1726510083160 1.5500350000000012 18
1726510093256 1.557571000000003 19
1726510103360 1.5852900000000005 20
1726510113427 1.5886190000000013 21
1726510123520 1.615355000000001 22
1726510133713 1.6453279999999992 23
1726510143818 1.6537330000000026 24
1726510153928 1.661323000000003 25
1726510164009 1.6977090000000032 26
1726510174089 1.754367000000002 27
1726510184161 1.764363000000003 28
1726510194298 1.7902210000000025 29
