1726509899006 0.0 0
1726509909121 0.26603000000000065 1
1726509919257 11.266598999999985 2
1726509929383 11.564005000000009 3
1726509939500 11.81908900000002 4
1726509949570 12.008690999999999 5
1726509959664 12.203837000000021 6
1726509969904 12.361884000000032 7
1726509980103 32.55415800000003 8
1726509990885 32.56138299999998 9
1726510000983 32.616405999999984 10
1726510011131 32.633892 11
1726510021212 32.64778200000001 12
1726510031308 32.67059999999998 13
1726510041413 32.71801599999998 14
1726510051557 32.74091900000002 15
1726510061681 32.754606000000024 16
1726510073029 32.786786000000006 17
1726510083160 32.792209000000014 18
1726510093256 32.80039399999998 19
1726510103360 32.832547000000034 20
1726510113427 32.83588500000002 21
1726510123520 32.854017999999996 22
1726510133713 32.88500600000003 23
1726510143818 32.89118500000001 24
1726510153928 32.89941600000003 25
1726510164009 32.936285999999996 26
1726510174089 32.96210100000002 27
1726510184161 32.96970299999998 28
1726510194298 32.99719399999998 29
