1726509899006 13391.1 0
1726509909121 13490.7 1
1726509919257 13845.6 2
1726509929383 13813.1 3
1726509939500 13811.0 4
1726509949570 13729.2 5
1726509959664 13790.8 6
1726509969904 13704.8 7
1726509980103 13743.7 8
1726509990885 13488.1 9
1726510000983 13462.0 10
1726510011131 13493.9 11
1726510021212 13548.0 12
1726510031308 13363.1 13
1726510041413 13314.8 14
1726510051557 13245.1 15
1726510061681 13418.3 16
1726510073029 13418.8 17
1726510083160 13371.4 18
1726510093256 13316.8 19
1726510103360 13314.2 20
1726510113427 13377.4 21
1726510123520 13281.8 22
1726510133713 13328.3 23
1726510143818 13227.0 24
1726510153928 13237.0 25
1726510164009 13402.1 26
1726510174089 13499.7 27
1726510184161 13445.1 28
1726510194298 13412.8 29
