1726509899006 39.4 0
1726509909121 39.6 1
1726509919257 40.7 2
1726509929383 40.6 3
1726509939500 40.6 4
1726509949570 40.3 5
1726509959664 40.5 6
1726509969904 40.3 7
1726509980103 40.4 8
1726509990885 39.6 9
1726510000983 39.6 10
1726510011131 39.7 11
1726510021212 39.8 12
1726510031308 39.3 13
1726510041413 39.1 14
1726510051557 38.9 15
1726510061681 39.4 16
1726510073029 39.4 17
1726510083160 39.3 18
1726510093256 39.1 19
1726510103360 39.1 20
1726510113427 39.3 21
1726510123520 39.0 22
1726510133713 39.2 23
1726510143818 38.9 24
1726510153928 38.9 25
1726510164009 39.4 26
1726510174089 39.7 27
1726510184161 39.5 28
1726510194298 39.4 29
