1752466882506 0.0 0
1752466892628 24.6 1
1752466902731 45.0 2
1752466912842 44.9 3
1752466923021 42.7 4
1752466933122 42.0 5
1752466943239 29.4 6
1752466953362 43.2 7
1752466963458 30.0 8
1752466973554 41.9 9
1752466983648 35.6 10
1752466993745 37.8 11
1752467003851 41.8 12
1752467013945 42.8 13
1752467024062 29.7 14
1752467034191 42.7 15
1752467044293 43.2 16
1752467054409 45.8 17
1752467064536 38.7 18
1752467074652 42.3 19
1752467084795 42.3 20
1752467094907 30.9 21
1752467105073 41.7 22
1752467115203 42.3 23
1752467125325 30.7 24
1752467135445 41.8 25
1752467145530 41.3 26
1752467155611 38.2 27
1752467165688 41.7 28
1752467175788 31.6 29
1752467185881 39.6 30
1752467195989 42.4 31
1752467206099 29.5 32
1752467216255 43.2 33
1752467226358 32.1 34
1752467236554 43.0 35
