1752466882506 763420.4 0
1752466892628 763419.4 1
1752466902731 763419.4 2
1752466912842 763419.4 3
1752466923021 763419.2 4
1752466933122 763419.1 5
1752466943239 763419.1 6
1752466953362 763419.1 7
1752466963458 763419.1 8
1752466973554 763419.2 9
1752466983648 763419.2 10
1752466993745 763419.2 11
1752467003851 763419.2 12
1752467013945 763419.2 13
1752467024062 763419.3 14
1752467034191 763419.3 15
1752467044293 763419.3 16
1752467054409 763419.3 17
1752467064536 763419.3 18
1752467074652 763419.3 19
1752467084795 763419.3 20
1752467094907 763419.4 21
1752467105073 763419.3 22
1752467115203 763419.3 23
1752467125325 763419.4 24
1752467135445 763418.2 25
1752467145530 763418.1 26
1752467155611 763418.1 27
1752467165688 763418.1 28
1752467175788 763418.2 29
1752467185881 763418.1 30
1752467195989 763418.1 31
1752467206099 763418.1 32
1752467216255 763418.0 33
1752467226358 763417.8 34
1752467236554 763417.8 35
