1752466882506 259973.2 0
1752466892628 259974.2 1
1752466902731 259974.2 2
1752466912842 259974.3 3
1752466923021 259974.4 4
1752466933122 259974.5 5
1752466943239 259974.6 6
1752466953362 259974.5 7
1752466963458 259974.5 8
1752466973554 259974.4 9
1752466983648 259974.4 10
1752466993745 259974.4 11
1752467003851 259974.4 12
1752467013945 259974.4 13
1752467024062 259974.3 14
1752467034191 259974.3 15
1752467044293 259974.3 16
1752467054409 259974.3 17
1752467064536 259974.4 18
1752467074652 259974.3 19
1752467084795 259974.3 20
1752467094907 259974.2 21
1752467105073 259974.3 22
1752467115203 259974.3 23
1752467125325 259974.3 24
1752467135445 259975.4 25
1752467145530 259975.5 26
1752467155611 259975.5 27
1752467165688 259975.5 28
1752467175788 259975.5 29
1752467185881 259975.5 30
1752467195989 259975.5 31
1752467206099 259975.5 32
1752467216255 259975.6 33
1752467226358 259975.8 34
1752467236554 259975.9 35
