1752466882506 25.4 0
1752466892628 25.4 1
1752466902731 25.4 2
1752466912842 25.4 3
1752466923021 25.4 4
1752466933122 25.4 5
1752466943239 25.4 6
1752466953362 25.4 7
1752466963458 25.4 8
1752466973554 25.4 9
1752466983648 25.4 10
1752466993745 25.4 11
1752467003851 25.4 12
1752467013945 25.4 13
1752467024062 25.4 14
1752467034191 25.4 15
1752467044293 25.4 16
1752467054409 25.4 17
1752467064536 25.4 18
1752467074652 25.4 19
1752467084795 25.4 20
1752467094907 25.4 21
1752467105073 25.4 22
1752467115203 25.4 23
1752467125325 25.4 24
1752467135445 25.4 25
1752467145530 25.4 26
1752467155611 25.4 27
1752467165688 25.4 28
1752467175788 25.4 29
1752467185881 25.4 30
1752467195989 25.4 31
1752467206099 25.4 32
1752467216255 25.4 33
1752467226358 25.4 34
1752467236554 25.4 35
