1752466882506 0.0 0
1752466892628 0.01373999999998432 1
1752466902731 0.03469599999999673 2
1752466912842 0.052676000000019485 3
1752466923021 0.07917900000001055 4
1752466933122 0.09559500000000298 5
1752466943239 0.12442900000002055 6
1752466953362 0.14599700000002258 7
1752466963458 0.16595999999998412 8
1752466973554 0.18126300000000128 9
1752466983648 0.1927140000000236 10
1752466993745 0.20388900000000376 11
1752467003851 0.21308700000003 12
1752467013945 0.32747100000000273 13
1752467024062 0.33948300000002973 14
1752467034191 0.3668920000000071 15
1752467044293 0.39666799999997693 16
1752467054409 0.39944900000000416 17
1752467064536 0.4142810000000168 18
1752467074652 0.42382300000002715 19
1752467084795 0.43558400000000574 20
1752467094907 0.4465769999999907 21
1752467105073 0.4593140000000062 22
1752467115203 0.4913169999999809 23
1752467125325 0.5055360000000064 24
1752467135445 0.5118310000000292 25
1752467145530 0.5329580000000078 26
1752467155611 0.5489570000000299 27
1752467165688 0.5538799999999924 28
1752467175788 0.5583750000000123 29
1752467185881 0.5751549999999952 30
1752467195989 0.5876440000000116 31
1752467206099 0.5954849999999965 32
1752467216255 0.6095280000000116 33
1752467226358 0.6280009999999834 34
1752467236554 0.6432250000000295 35
