1752466882506 7.099999999127249e-05 0
1752466892628 0.013613000000020747 1
1752466902731 0.03209199999997736 2
1752466912842 0.05436099999997168 3
1752466923021 0.1632020000000125 4
1752466933122 0.17760199999997894 5
1752466943239 0.19525599999997212 6
1752466953362 0.21229499999998325 7
1752466963458 0.2258279999999786 8
1752466973554 0.23936400000002322 9
1752466983648 0.2539340000000152 10
1752466993745 0.2638319999999794 11
1752467003851 0.27231899999998177 12
1752467013945 0.2979480000000194 13
1752467024062 0.3048580000000243 14
1752467034191 0.32523099999997385 15
1752467044293 0.34888999999998305 16
1752467054409 0.35342100000002574 17
1752467064536 0.3687889999999925 18
1752467074652 0.37420200000002524 19
1752467084795 0.38614100000000917 20
1752467094907 0.3994299999999953 21
1752467105073 0.4153840000000173 22
1752467115203 0.4383579999999938 23
1752467125325 0.45301000000000613 24
1752467135445 0.46150199999999586 25
1752467145530 0.4864610000000198 26
1752467155611 0.5012929999999756 27
1752467165688 0.5102459999999951 28
1752467175788 0.5133989999999926 29
1752467185881 0.5250589999999988 30
1752467195989 0.5320140000000038 31
1752467206099 0.5403119999999717 32
1752467216255 0.556225999999981 33
1752467226358 0.5813350000000241 34
1752467236554 0.5945110000000113 35
