1752466882506 49.0 0
1752466892628 50.6 1
1752466902731 49.8 2
1752466912842 49.7 3
1752466923021 49.6 4
1752466933122 49.6 5
1752466943239 50.6 6
1752466953362 49.9 7
1752466963458 50.3 8
1752466973554 50.8 9
1752466983648 49.7 10
1752466993745 50.1 11
1752467003851 50.0 12
1752467013945 50.0 13
1752467024062 50.5 14
1752467034191 51.2 15
1752467044293 50.8 16
1752467054409 49.3 17
1752467064536 43.6 18
1752467074652 44.3 19
1752467084795 43.4 20
1752467094907 43.7 21
1752467105073 43.6 22
1752467115203 43.6 23
1752467125325 43.9 24
1752467135445 43.9 25
1752467145530 43.7 26
1752467155611 44.6 27
1752467165688 44.3 28
1752467175788 43.4 29
1752467185881 44.3 30
1752467195989 44.2 31
1752467206099 45.0 32
1752467216255 44.2 33
1752467226358 44.8 34
1752467236554 44.9 35
