1752466882506 16681.1 0
1752466892628 17225.0 1
1752466902731 16941.7 2
1752466912842 16904.0 3
1752466923021 16882.6 4
1752466933122 16889.6 5
1752466943239 17219.3 6
1752466953362 16972.2 7
1752466963458 17101.3 8
1752466973554 17280.2 9
1752466983648 16927.0 10
1752466993745 17039.3 11
1752467003851 16998.5 12
1752467013945 17008.5 13
1752467024062 17193.1 14
1752467034191 17426.8 15
1752467044293 17297.1 16
1752467054409 16786.7 17
1752467064536 14832.9 18
1752467074652 15062.4 19
1752467084795 14783.2 20
1752467094907 14865.2 21
1752467105073 14839.1 22
1752467115203 14834.7 23
1752467125325 14952.0 24
1752467135445 14939.3 25
1752467145530 14879.0 26
1752467155611 15186.0 27
1752467165688 15080.5 28
1752467175788 14771.1 29
1752467185881 15059.5 30
1752467195989 15038.6 31
1752467206099 15315.5 32
1752467216255 15051.5 33
1752467226358 15252.8 34
1752467236554 15293.9 35
