1750625558210 257715.5 0
1750625568281 257716.5 1
1750625578367 257716.5 2
1750625588470 257716.6 3
1750625598544 257716.7 4
1750625608637 257716.8 5
1750625618759 257717.0 6
1750625628860 257716.8 7
1750625638992 257717.1 8
1750625649081 257717.0 9
1750625659194 257717.1 10
1750625669313 257717.0 11
1750625679985 257717.6 12
1750625690082 257717.6 13
1750625700160 257717.5 14
1750625710238 257717.6 15
1750625720348 257717.7 16
1750625730437 257717.7 17
1750625740541 257717.8 18
1750625750627 257717.8 19
1750625760703 257717.8 20
1750625770970 257717.7 21
