1750625558210 765678.1 0
1750625568281 765677.2 1
1750625578367 765677.2 2
1750625588470 765677.0 3
1750625598544 765676.9 4
1750625608637 765676.9 5
1750625618759 765676.6 6
1750625628860 765676.8 7
1750625638992 765676.5 8
1750625649081 765676.6 9
1750625659194 765676.5 10
1750625669313 765676.6 11
1750625679985 765676.0 12
1750625690082 765676.0 13
1750625700160 765676.1 14
1750625710238 765676.0 15
1750625720348 765676.0 16
1750625730437 765675.9 17
1750625740541 765675.8 18
1750625750627 765675.8 19
1750625760703 765675.8 20
1750625770970 765675.9 21
