1750625558210 0.0 0
1750625568281 0.02198699999999576 1
1750625578367 0.04088000000000136 2
1750625588470 0.06306299999999965 3
1750625598544 0.09420899999999222 4
1750625608637 0.11492599999999698 5
1750625618759 0.5166069999999934 6
1750625628860 0.6210489999999993 7
1750625638992 0.6812919999999991 8
1750625649081 0.7537509999999941 9
1750625659194 0.8172019999999947 10
1750625669313 0.8361479999999943 11
1750625679985 0.9250830000000008 12
1750625690082 0.9631969999999939 13
1750625700160 0.9950800000000015 14
1750625710238 1.0278849999999977 15
1750625720348 1.0563399999999916 16
1750625730437 1.0713519999999903 17
1750625740541 1.1504659999999944 18
1750625750627 1.1825130000000001 19
1750625760703 1.2027530000000013 20
1750625770970 1.2342479999999938 21
