1750625558210 0.0 0
1750625568281 0.08979599999999976 1
1750625578367 0.10187799999999925 2
1750625588470 0.1779549999999972 3
1750625598544 0.18937799999999783 4
1750625608637 0.20122299999999882 5
1750625618759 0.43638899999999836 6
1750625628860 0.5950279999999992 7
1750625638992 0.6396939999999987 8
1750625649081 0.9905660000000012 9
1750625659194 1.067304 10
1750625669313 1.0777050000000017 11
1750625679985 1.1535089999999997 12
1750625690082 1.1888700000000014 13
1750625700160 1.2096310000000017 14
1750625710238 1.232762000000001 15
1750625720348 1.2372429999999994 16
1750625730437 1.2396299999999982 17
1750625740541 1.3022259999999974 18
1750625750627 1.3324769999999972 19
1750625760703 1.338197000000001 20
1750625770970 1.3627350000000007 21
