1750625558210 17036.2 0
1750625568281 17184.3 1
1750625578367 17192.7 2
1750625588470 17249.8 3
1750625598544 17287.8 4
1750625608637 17255.4 5
1750625618759 17622.3 6
1750625628860 17627.6 7
1750625638992 17784.0 8
1750625649081 17514.1 9
1750625659194 17610.3 10
1750625669313 17541.5 11
1750625679985 17602.7 12
1750625690082 17554.9 13
1750625700160 17630.2 14
1750625710238 17583.4 15
1750625720348 17646.5 16
1750625730437 17673.7 17
1750625740541 17709.9 18
1750625750627 17690.5 19
1750625760703 17744.6 20
1750625770970 17827.8 21
