1750691275069 0.0 0
1750691285241 32.1 1
1750691295373 23.0 2
1750691305909 18.1 3
1750691316073 24.1 4
1750691326197 19.3 5
1750691336318 22.0 6
1750691347446 22.9 7
1750691357714 22.8 8
1750691367855 19.5 9
1750691378023 23.6 10
1750691388141 24.5 11
1750691398257 23.5 12
1750691409062 20.8 13
1750691419212 23.4 14
1750691429338 21.0 15
1750691439987 18.3 16
1750691450142 21.3 17
1750691460287 20.9 18
1750691470421 17.6 19
1750691480509 18.8 20
1750691490614 18.8 21
1750691500742 16.8 22
1750691511728 19.6 23
