1750691275069 25.2 0
1750691285241 25.2 1
1750691295373 25.2 2
1750691305909 25.2 3
1750691316073 25.2 4
1750691326197 25.2 5
1750691336318 25.2 6
1750691347446 25.2 7
1750691357714 25.2 8
1750691367855 25.2 9
1750691378023 25.2 10
1750691388141 25.2 11
1750691398257 25.2 12
1750691409062 25.2 13
1750691419212 25.2 14
1750691429338 25.2 15
1750691439987 25.2 16
1750691450142 25.2 17
1750691460287 25.2 18
1750691470421 25.2 19
1750691480509 25.2 20
1750691490614 25.2 21
1750691500742 25.2 22
1750691511728 25.2 23
