1750691275069 258232.0 0
1750691285241 258233.2 1
1750691295373 258233.1 2
1750691305909 258236.3 3
1750691316073 258237.1 4
1750691326197 258237.1 5
1750691336318 258237.1 6
1750691347446 258237.4 7
1750691357714 258237.6 8
1750691367855 258252.1 9
1750691378023 258252.0 10
1750691388141 258252.1 11
1750691398257 258250.1 12
1750691409062 258250.1 13
1750691419212 258250.1 14
1750691429338 258250.2 15
1750691439987 258250.4 16
1750691450142 258250.2 17
1750691460287 258250.5 18
1750691470421 258250.3 19
1750691480509 258250.2 20
1750691490614 258250.3 21
1750691500742 258250.3 22
1750691511728 258250.3 23
