1750691275069 765161.6 0
1750691285241 765160.5 1
1750691295373 765160.5 2
1750691305909 765157.3 3
1750691316073 765156.5 4
1750691326197 765156.6 5
1750691336318 765156.5 6
1750691347446 765156.2 7
1750691357714 765156.0 8
1750691367855 765141.6 9
1750691378023 765141.6 10
1750691388141 765141.6 11
1750691398257 765143.5 12
1750691409062 765143.6 13
1750691419212 765143.5 14
1750691429338 765143.4 15
1750691439987 765143.2 16
1750691450142 765143.4 17
1750691460287 765143.1 18
1750691470421 765143.3 19
1750691480509 765143.4 20
1750691490614 765143.3 21
1750691500742 765143.3 22
1750691511728 765143.3 23
