1750691275069 0.0 0
1750691285241 0.7270339999999997 1
1750691295373 0.8464370000000017 2
1750691305909 0.9811730000000018 3
1750691316073 6.110215 4
1750691326197 6.254538 5
1750691336318 6.366225000000004 6
1750691347446 6.751442999999998 7
1750691357714 6.886654000000004 8
1750691367855 6.978981000000001 9
1750691378023 7.148317000000002 10
1750691388141 7.313041999999999 11
1750691398257 7.710676000000003 12
1750691409062 7.841083000000001 13
1750691419212 7.966401999999999 14
1750691429338 8.275388000000003 15
1750691439987 8.542035000000002 16
1750691450142 8.645083000000003 17
1750691460287 8.978707000000004 18
1750691470421 9.357409999999998 19
1750691480509 9.510458000000003 20
1750691490614 9.690904 21
1750691500742 9.996483999999999 22
1750691511728 10.168419000000004 23
