1750691275069 0.0 0
1750691285241 1.7360999999999933 1
1750691295373 1.8487389999999948 2
1750691305909 1.975436000000002 3
1750691316073 3.3618879999999933 4
1750691326197 4.168700000000001 5
1750691336318 4.248047999999997 6
1750691347446 4.675396000000006 7
1750691357714 4.827364000000003 8
1750691367855 4.880844999999994 9
1750691378023 5.001304000000005 10
1750691388141 5.113136999999995 11
1750691398257 5.528987000000001 12
1750691409062 5.643906000000001 13
1750691419212 5.7244189999999975 14
1750691429338 5.948380999999998 15
1750691439987 6.249958000000007 16
1750691450142 6.302609000000004 17
1750691460287 6.825141000000002 18
1750691470421 7.343061000000006 19
1750691480509 7.472717000000003 20
1750691490614 7.667254 21
1750691500742 7.978207999999995 22
1750691511728 8.114239999999995 23
