1750691275069 59.4 0
1750691285241 61.9 1
1750691295373 60.7 2
1750691305909 61.2 3
1750691316073 62.1 4
1750691326197 62.5 5
1750691336318 62.7 6
1750691347446 63.0 7
1750691357714 63.0 8
1750691367855 63.1 9
1750691378023 63.7 10
1750691388141 63.6 11
1750691398257 63.8 12
1750691409062 64.0 13
1750691419212 63.2 14
1750691429338 63.9 15
1750691439987 64.0 16
1750691450142 63.6 17
1750691460287 63.9 18
1750691470421 63.8 19
1750691480509 63.5 20
1750691490614 63.6 21
1750691500742 64.0 22
1750691511728 64.3 23
