1750691275069 20206.1 0
1750691285241 21063.5 1
1750691295373 20670.4 2
1750691305909 20831.5 3
1750691316073 21141.1 4
1750691326197 21266.2 5
1750691336318 21340.3 6
1750691347446 21444.1 7
1750691357714 21427.5 8
1750691367855 21461.8 9
1750691378023 21689.4 10
1750691388141 21658.3 11
1750691398257 21723.4 12
1750691409062 21769.4 13
1750691419212 21514.9 14
1750691429338 21734.0 15
1750691439987 21763.7 16
1750691450142 21653.1 17
1750691460287 21736.5 18
1750691470421 21707.4 19
1750691480509 21614.0 20
1750691490614 21637.1 21
1750691500742 21787.6 22
1750691511728 21866.0 23
