1750646607720 0.0008415436590133611 0
1750646618728 0.0010158676875571902 1
1750646630555 0.0024886567655711313 2
1750646639564 0.003510123589939484 3
1750646647379 0.003762195423420289 4
1750646655800 0.01242997026678583 5
1750646664209 0.02401436522025865 6
1750646681948 0.013630240249579642 7
1750646693650 0.04112665663223252 8
1750646711868 0.01535218759097111 9
1750646721158 0.022448781303658485 10
1750646727656 0.0026843198364294787 11
1750646734006 0.00151332567134898 12
1750646740339 0.0009205728656577768 13
1750646748855 0.0006655656106100077 14
1750646753359 0.0006760545763807278 15
1750646757899 0.0007207112217420615 16
1750646762830 0.0009126704747755205 17
1750646769345 0.0006426185978127164 18
1750646776096 0.0007125564986772304 19
1750646781650 0.0007755352780987557 20
1750646789372 0.0006244828437415676 21
1750646796265 0.0005293223034687708 22
1750646803722 0.0003998147772222199 23
1750646809103 0.00023090082781912003 24
1750646814537 0.00010126248535735348 25
1750646820625 0.00035839753631078717 26
1750646835141 0.006778228659517847 27
1750646844596 0.011746288220897919 28
1750646862275 0.015202856221850795 29
1750646883790 0.0009108814516533716 30
