1752182104066 0.0 0
1752182114176 30.5 1
1752182124279 51.4 2
1752182134579 55.2 3
1752182144904 51.8 4
1752182155210 35.2 5
1752182165316 56.2 6
1752182175521 54.7 7
1752182185683 38.3 8
1752182195939 37.8 9
1752182206099 37.4 10
1752182216257 37.6 11
1752182226428 48.5 12
1752182236838 48.0 13
1752182247075 36.5 14
1752182257270 34.1 15
1752182267606 50.9 16
1752182277962 29.5 17
1752182288268 38.1 18
1752182298611 38.8 19
1752182308982 41.6 20
1752182319319 38.2 21
1752182329681 36.2 22
1752182339862 40.5 23
1752182350109 36.6 24
1752182360337 32.6 25
1752182370518 37.8 26
1752182380855 36.9 27
1752182391087 42.1 28
1752182401250 40.2 29
1752182411525 40.4 30
1752182421776 41.0 31
1752182432097 38.3 32
1752182442275 38.4 33
1752182452462 40.3 34
1752182462663 43.0 35
1752182472804 67.1 36
1752182482967 49.3 37
1752182493359 53.1 38
1752182503537 50.1 39
1752182513686 57.0 40
1752182523890 54.8 41
1752182533977 54.3 42
