1752182104066 763286.9 0
1752182114176 763285.9 1
1752182124279 763285.7 2
1752182134579 763284.9 3
1752182144904 763284.7 4
1752182155210 763284.7 5
1752182165316 763284.8 6
1752182175521 763284.7 7
1752182185683 763284.5 8
1752182195939 763284.0 9
1752182206099 763284.0 10
1752182216257 763283.8 11
1752182226428 763284.0 12
1752182236838 763276.6 13
1752182247075 763276.4 14
1752182257270 763276.1 15
1752182267606 763199.3 16
1752182277962 763342.7 17
1752182288268 763343.0 18
1752182298611 763330.7 19
1752182308982 763322.8 20
1752182319319 763317.1 21
1752182329681 763307.4 22
1752182339862 763307.3 23
1752182350109 763307.2 24
1752182360337 763307.1 25
1752182370518 763307.1 26
1752182380855 763307.1 27
1752182391087 763307.0 28
1752182401250 763307.1 29
1752182411525 763307.0 30
1752182421776 763306.8 31
1752182432097 763306.8 32
1752182442275 763306.8 33
1752182452462 763306.7 34
1752182462663 763306.7 35
1752182472804 763306.4 36
1752182482967 763306.1 37
1752182493359 763306.2 38
1752182503537 763306.1 39
1752182513686 763242.3 40
1752182523890 763242.8 41
1752182533977 763242.2 42
