1752182104066 25.4 0
1752182114176 25.4 1
1752182124279 25.4 2
1752182134579 25.4 3
1752182144904 25.4 4
1752182155210 25.4 5
1752182165316 25.4 6
1752182175521 25.4 7
1752182185683 25.4 8
1752182195939 25.4 9
1752182206099 25.4 10
1752182216257 25.4 11
1752182226428 25.4 12
1752182236838 25.4 13
1752182247075 25.4 14
1752182257270 25.4 15
1752182267606 25.4 16
1752182277962 25.4 17
1752182288268 25.4 18
1752182298611 25.4 19
1752182308982 25.4 20
1752182319319 25.4 21
1752182329681 25.4 22
1752182339862 25.4 23
1752182350109 25.4 24
1752182360337 25.4 25
1752182370518 25.4 26
1752182380855 25.4 27
1752182391087 25.4 28
1752182401250 25.4 29
1752182411525 25.4 30
1752182421776 25.4 31
1752182432097 25.4 32
1752182442275 25.4 33
1752182452462 25.4 34
1752182462663 25.4 35
1752182472804 25.4 36
1752182482967 25.4 37
1752182493359 25.4 38
1752182503537 25.4 39
1752182513686 25.4 40
1752182523890 25.4 41
1752182533977 25.4 42
