1752182104066 260106.7 0
1752182114176 260107.7 1
1752182124279 260107.9 2
1752182134579 260108.7 3
1752182144904 260108.9 4
1752182155210 260108.9 5
1752182165316 260108.9 6
1752182175521 260108.9 7
1752182185683 260109.1 8
1752182195939 260109.6 9
1752182206099 260109.6 10
1752182216257 260109.8 11
1752182226428 260109.7 12
1752182236838 260117.1 13
1752182247075 260117.2 14
1752182257270 260117.5 15
1752182267606 260194.3 16
1752182277962 260050.9 17
1752182288268 260050.6 18
1752182298611 260062.9 19
1752182308982 260070.8 20
1752182319319 260076.6 21
1752182329681 260086.2 22
1752182339862 260086.4 23
1752182350109 260086.4 24
1752182360337 260086.5 25
1752182370518 260086.5 26
1752182380855 260086.5 27
1752182391087 260086.6 28
1752182401250 260086.6 29
1752182411525 260086.6 30
1752182421776 260086.8 31
1752182432097 260086.8 32
1752182442275 260086.8 33
1752182452462 260086.9 34
1752182462663 260086.9 35
1752182472804 260087.2 36
1752182482967 260087.5 37
1752182493359 260087.4 38
1752182503537 260087.5 39
1752182513686 260151.3 40
1752182523890 260150.9 41
1752182533977 260151.4 42
