1752182104066 0.0 0
1752182114176 0.055534999999963475 1
1752182124279 0.08245699999997669 2
1752182134579 0.13996499999996104 3
1752182144904 0.23181499999998323 4
1752182155210 0.3473589999999831 5
1752182165316 0.4281469999999672 6
1752182175521 0.45671200000003864 7
1752182185683 0.4802150000000438 8
1752182195939 0.5571810000000141 9
1752182206099 0.5766859999999951 10
1752182216257 0.6370650000000069 11
1752182226428 1.3170169999999644 12
1752182236838 2.6953210000000354 13
1752182247075 2.710647999999992 14
1752182257270 2.717910999999958 15
1752182267606 4.442071000000055 16
1752182277962 5.180150000000026 17
1752182288268 5.226450999999997 18
1752182298611 5.482251000000019 19
1752182308982 5.600447000000031 20
1752182319319 5.695930999999973 21
1752182329681 5.737920000000031 22
1752182339862 5.910902999999962 23
1752182350109 5.976529000000028 24
1752182360337 6.027331000000004 25
1752182370518 6.0914679999999635 26
1752182380855 6.124335999999971 27
1752182391087 6.164965000000052 28
1752182401250 6.23281099999997 29
1752182411525 6.675667999999973 30
1752182421776 6.721031000000039 31
1752182432097 6.806781999999998 32
1752182442275 6.852508000000057 33
1752182452462 6.919924000000037 34
1752182462663 7.050556000000029 35
1752182472804 7.798721999999998 36
1752182482967 7.986595999999963 37
1752182493359 8.055661999999984 38
1752182503537 8.087999999999965 39
1752182513686 8.26367300000004 40
1752182523890 8.398259000000053 41
1752182533977 8.840430999999967 42
