1752182104066 0.0 0
1752182114176 0.39805200000000696 1
1752182124279 0.7743159999999989 2
1752182134579 1.1590659999999389 3
1752182144904 1.6464100000000599 4
1752182155210 1.7113529999999173 5
1752182165316 1.8010639999999967 6
1752182175521 1.830637999999908 7
1752182185683 1.913387000000057 8
1752182195939 2.3373629999998684 9
1752182206099 2.7067850000000817 10
1752182216257 3.1072599999999966 11
1752182226428 6.287513999999874 12
1752182236838 21.382691000000023 13
1752182247075 21.404313000000002 14
1752182257270 21.41616900000008 15
1752182267606 61.79504799999995 16
1752182277962 88.3344259999999 17
1752182288268 88.39385199999992 18
1752182298611 89.18867799999998 19
1752182308982 90.28691600000002 20
1752182319319 90.52046700000005 21
1752182329681 90.58022699999992 22
1752182339862 90.75879200000008 23
1752182350109 91.17170499999997 24
1752182360337 91.59229499999992 25
1752182370518 91.67856200000006 26
1752182380855 92.05906000000004 27
1752182391087 92.46525199999996 28
1752182401250 92.56733499999996 29
1752182411525 92.83516600000007 30
1752182421776 92.95459699999992 31
1752182432097 93.4229969999999 32
1752182442275 93.83961700000009 33
1752182452462 94.17081400000006 34
1752182462663 94.48784099999989 35
1752182472804 95.01876700000003 36
1752182482967 95.67725399999995 37
1752182493359 96.10441999999989 38
1752182503537 96.49407399999996 39
1752182513686 96.88506099999995 40
1752182523890 97.43602800000008 41
1752182533977 97.86262499999998 42
