1752182104066 24826.6 0
1752182114176 25612.9 1
1752182124279 25624.1 2
1752182134579 25280.0 3
1752182144904 25321.2 4
1752182155210 25264.5 5
1752182165316 25291.7 6
1752182175521 25384.5 7
1752182185683 25422.8 8
1752182195939 25378.1 9
1752182206099 25206.8 10
1752182216257 25394.7 11
1752182226428 25902.7 12
1752182236838 26230.5 13
1752182247075 25875.3 14
1752182257270 25817.0 15
1752182267606 27205.6 16
1752182277962 26669.9 17
1752182288268 26499.9 18
1752182298611 26275.9 19
1752182308982 26344.4 20
1752182319319 26293.2 21
1752182329681 26261.3 22
1752182339862 26446.7 23
1752182350109 26277.0 24
1752182360337 26433.1 25
1752182370518 26556.2 26
1752182380855 26348.6 27
1752182391087 26438.4 28
1752182401250 26379.0 29
1752182411525 26381.8 30
1752182421776 26297.4 31
1752182432097 26271.6 32
1752182442275 25905.5 33
1752182452462 26315.6 34
1752182462663 26362.4 35
1752182472804 26092.8 36
1752182482967 26322.8 37
1752182493359 26186.2 38
1752182503537 26158.7 39
1752182513686 26186.1 40
1752182523890 26181.9 41
1752182533977 26205.1 42
