1752182104066 73.0 0
1752182114176 75.3 1
1752182124279 75.3 2
1752182134579 74.3 3
1752182144904 74.4 4
1752182155210 74.2 5
1752182165316 74.3 6
1752182175521 74.6 7
1752182185683 74.7 8
1752182195939 74.6 9
1752182206099 74.1 10
1752182216257 74.6 11
1752182226428 76.1 12
1752182236838 77.1 13
1752182247075 76.0 14
1752182257270 75.9 15
1752182267606 79.9 16
1752182277962 78.4 17
1752182288268 77.9 18
1752182298611 77.2 19
1752182308982 77.4 20
1752182319319 77.3 21
1752182329681 77.2 22
1752182339862 77.7 23
1752182350109 77.2 24
1752182360337 77.7 25
1752182370518 78.0 26
1752182380855 77.4 27
1752182391087 77.7 28
1752182401250 77.5 29
1752182411525 77.5 30
1752182421776 77.3 31
1752182432097 77.2 32
1752182442275 76.1 33
1752182452462 77.3 34
1752182462663 77.5 35
1752182472804 76.7 36
1752182482967 77.4 37
1752182493359 77.0 38
1752182503537 76.9 39
1752182513686 77.0 40
1752182523890 76.9 41
1752182533977 77.0 42
