1726579442761 0.020058342837950587 0
1726579448805 0.009465352257909494 1
1726579454939 0.009450019835734435 2
1726579462666 0.009690499158674695 3
1726579468634 0.007791330522611168 4
1726579478841 0.008681171454775533 5
1726579482100 0.007949038299238244 6
1726579492837 0.009875195495691758 7
1726579503111 0.007396978315253816 8
1726579511084 0.014347186850160648 9
1726579518712 0.016844096420448183 10
1726579527745 0.007704368916022998 11
1726579533037 0.00658722036523004 12
1726579536613 0.0025599113723776693 13
1726579542196 0.0012178065926515447 14
1726579545020 0.0013451597921131358 15
1726579549958 0.0009404405571242884 16
1726579554054 0.0010142859183497723 17
1726579558990 0.015467931012546721 18
1726579563996 0.01493564317558805 19
1726579570631 0.011455732927914474 20
1726579578215 0.001343035560205842 21
