1726521672592 0.0049547070454277345 0
1726521677629 0.0017575959743660395 1
1726521684086 0.007857624636700228 2
1726521693313 0.010788545144762386 3
1726521697757 0.012192572452734484 4
1726521702550 0.015813872130815768 5
1726521713563 0.009271626883296481 6
1726521717538 0.011863413665212822 7
1726521720956 0.025444825235349813 8
1726521724973 0.029824890763390198 9
1726521728205 0.0339479958264106 10
1726521731734 0.019484459540631202 11
1726521734347 0.012335985342831424 12
1726521742248 0.0030233096423828076 13
1726521756613 0.0035584310502833815 14
1726521758925 0.005050755197744296 15
1726521761817 0.0024997015719716424 16
1726521765791 0.0014085844216114416 17
1726521774918 0.023608106728167016 18
1726521778737 0.0234885798717739 19
1726521782177 0.016354626479688668 20
1726521785176 0.0021333610557790635 21
