1744940259116 0.0 0
1744940269251 14.5 1
1744940279391 18.8 2
1744940289597 39.5 3
1744940300551 37.2 4
1744940310664 44.4 5
1744940320790 37.9 6
1744940330895 35.2 7
1744940341025 47.8 8
1744940351170 45.9 9
1744940361299 33.2 10
1744940371483 50.6 11
1744940381595 49.0 12
1744940391686 34.7 13
1744940401809 33.7 14
1744940411927 44.3 15
1744940422065 36.5 16
1744940432184 47.6 17
1744940442330 37.6 18
1744940452478 47.5 19
1744940462614 45.5 20
1744940472755 34.9 21
1744940482881 44.1 22
1744940492996 48.5 23
1744940503119 45.3 24
1744940513219 47.7 25
1744940523385 31.9 26
1744940533482 47.8 27
1744940543599 33.4 28
1744940553985 53.2 29
1744940564132 26.2 30
1744940574251 17.8 31
1744940585250 23.7 32
