1744940259116 246196.3 0
1744940269251 246196.4 1
1744940279391 246196.3 2
1744940289597 246196.3 3
1744940300551 246197.8 4
1744940310664 246198.2 5
1744940320790 246198.2 6
1744940330895 246198.2 7
1744940341025 246198.2 8
1744940351170 246198.2 9
1744940361299 246198.4 10
1744940371483 246198.4 11
1744940381595 246198.3 12
1744940391686 246198.3 13
1744940401809 246198.3 14
1744940411927 246198.4 15
1744940422065 246198.5 16
1744940432184 246198.6 17
1744940442330 246198.5 18
1744940452478 246199.0 19
1744940462614 246199.0 20
1744940472755 246199.1 21
1744940482881 246199.1 22
1744940492996 246199.1 23
1744940503119 246199.1 24
1744940513219 246199.1 25
1744940523385 246199.1 26
1744940533482 246199.1 27
1744940543599 246199.1 28
1744940553985 246199.1 29
1744940564132 246199.2 30
1744940574251 246199.3 31
1744940585250 246199.0 32
