1744940259116 24.1 0
1744940269251 24.1 1
1744940279391 24.1 2
1744940289597 24.1 3
1744940300551 24.1 4
1744940310664 24.1 5
1744940320790 24.1 6
1744940330895 24.1 7
1744940341025 24.1 8
1744940351170 24.1 9
1744940361299 24.1 10
1744940371483 24.1 11
1744940381595 24.1 12
1744940391686 24.1 13
1744940401809 24.1 14
1744940411927 24.1 15
1744940422065 24.1 16
1744940432184 24.1 17
1744940442330 24.1 18
1744940452478 24.1 19
1744940462614 24.1 20
1744940472755 24.1 21
1744940482881 24.1 22
1744940492996 24.1 23
1744940503119 24.1 24
1744940513219 24.1 25
1744940523385 24.1 26
1744940533482 24.1 27
1744940543599 24.1 28
1744940553985 24.1 29
1744940564132 24.1 30
1744940574251 24.1 31
1744940585250 24.1 32
