1744940259116 777197.3 0
1744940269251 777197.2 1
1744940279391 777197.3 2
1744940289597 777197.3 3
1744940300551 777195.8 4
1744940310664 777195.4 5
1744940320790 777195.4 6
1744940330895 777195.4 7
1744940341025 777195.4 8
1744940351170 777195.4 9
1744940361299 777195.3 10
1744940371483 777195.2 11
1744940381595 777195.3 12
1744940391686 777195.3 13
1744940401809 777195.3 14
1744940411927 777195.2 15
1744940422065 777195.1 16
1744940432184 777195.0 17
1744940442330 777195.1 18
1744940452478 777194.6 19
1744940462614 777194.6 20
1744940472755 777194.6 21
1744940482881 777194.6 22
1744940492996 777194.5 23
1744940503119 777194.5 24
1744940513219 777194.5 25
1744940523385 777194.5 26
1744940533482 777194.5 27
1744940543599 777194.5 28
1744940553985 777194.5 29
1744940564132 777194.4 30
1744940574251 777194.4 31
1744940585250 777194.6 32
