1744940259116 0.0 0
1744940269251 0.03816199999999981 1
1744940279391 0.0801930000000084 2
1744940289597 0.09226699999999255 3
1744940300551 0.12481900000000223 4
1744940310664 0.1715729999999951 5
1744940320790 0.190685000000002 6
1744940330895 0.22254999999998404 7
1744940341025 0.23200699999998164 8
1744940351170 0.256590999999986 9
1744940361299 0.26465899999999465 10
1744940371483 0.6200959999999895 11
1744940381595 0.6716739999999959 12
1744940391686 0.7188559999999882 13
1744940401809 0.7390949999999918 14
1744940411927 0.8614239999999995 15
1744940422065 0.899501999999984 16
1744940432184 0.9529609999999877 17
1744940442330 1.0083840000000066 18
1744940452478 1.0664820000000077 19
1744940462614 1.0772829999999942 20
1744940472755 1.083578999999986 21
1744940482881 1.0959059999999852 22
1744940492996 1.2796490000000063 23
1744940503119 1.3194739999999854 24
1744940513219 1.3449609999999836 25
1744940523385 1.3729730000000018 26
1744940533482 1.4121099999999842 27
1744940543599 1.429961999999989 28
1744940553985 1.4730279999999993 29
1744940564132 1.4915589999999952 30
1744940574251 1.555308999999994 31
1744940585250 2.727444999999989 32
