1744940259116 0.0 0
1744940269251 0.03081200000000095 1
1744940279391 0.08676400000000228 2
1744940289597 0.11548600000000064 3
1744940300551 0.13628300000000237 4
1744940310664 0.2920909999999992 5
1744940320790 0.31352000000000046 6
1744940330895 0.35233200000000053 7
1744940341025 0.3816990000000011 8
1744940351170 0.4539849999999994 9
1744940361299 0.46106100000000083 10
1744940371483 0.8857409999999994 11
1744940381595 0.9175550000000001 12
1744940391686 0.983194000000001 13
1744940401809 1.0012089999999993 14
1744940411927 1.0237940000000023 15
1744940422065 1.0914560000000009 16
1744940432184 1.196951000000002 17
1744940442330 1.2782420000000023 18
1744940452478 1.597843000000001 19
1744940462614 1.6094989999999996 20
1744940472755 1.6164419999999993 21
1744940482881 1.6294520000000006 22
1744940492996 1.6818230000000014 23
1744940503119 1.7979900000000022 24
1744940513219 1.8239470000000004 25
1744940523385 1.8517740000000025 26
1744940533482 1.9171370000000003 27
1744940543599 1.933396000000002 28
1744940553985 2.0382490000000004 29
1744940564132 2.1061970000000017 30
1744940574251 2.240207999999999 31
1744940585250 2.3984780000000008 32
