1744940259116 25490.8 0
1744940269251 25540.7 1
1744940279391 25960.3 2
1744940289597 25977.5 3
1744940300551 26032.8 4
1744940310664 26146.4 5
1744940320790 26078.3 6
1744940330895 26167.8 7
1744940341025 26207.1 8
1744940351170 26243.6 9
1744940361299 26328.2 10
1744940371483 26197.5 11
1744940381595 25653.9 12
1744940391686 25312.5 13
1744940401809 25374.9 14
1744940411927 25402.6 15
1744940422065 25478.9 16
1744940432184 25687.6 17
1744940442330 25650.2 18
1744940452478 25403.3 19
1744940462614 25417.7 20
1744940472755 25479.9 21
1744940482881 25477.8 22
1744940492996 25556.7 23
1744940503119 25588.8 24
1744940513219 25584.3 25
1744940523385 25665.2 26
1744940533482 25808.4 27
1744940543599 25791.8 28
1744940553985 25694.2 29
1744940564132 25777.1 30
1744940574251 26060.0 31
1744940585250 26260.3 32
