1744940259116 74.9 0
1744940269251 75.1 1
1744940279391 76.3 2
1744940289597 76.3 3
1744940300551 76.5 4
1744940310664 76.8 5
1744940320790 76.6 6
1744940330895 76.9 7
1744940341025 77.0 8
1744940351170 77.1 9
1744940361299 77.4 10
1744940371483 77.0 11
1744940381595 75.4 12
1744940391686 74.4 13
1744940401809 74.6 14
1744940411927 74.6 15
1744940422065 74.9 16
1744940432184 75.5 17
1744940442330 75.4 18
1744940452478 74.7 19
1744940462614 74.7 20
1744940472755 74.9 21
1744940482881 74.9 22
1744940492996 75.1 23
1744940503119 75.2 24
1744940513219 75.2 25
1744940523385 75.4 26
1744940533482 75.8 27
1744940543599 75.8 28
1744940553985 75.5 29
1744940564132 75.8 30
1744940574251 76.6 31
1744940585250 77.2 32
