1752170729052 0.02446787561585436 0
1752170757895 0.02301371514039044 1
1752170777635 0.016141038509066816 2
1752170794269 0.027715677037145482 3
1752170821528 0.02208523328844446 4
1752170836965 0.019370967659125354 5
1752170847721 0.0199500174272912 6
1752170858394 0.018482309387376245 7
1752170869551 0.018182011986701833 8
1752170885841 0.015105404433849716 9
1752170898622 0.014324087915970805 10
1752170917529 0.013708370293118364 11
1752170936900 0.013288358792849076 12
1752170969797 0.02652284947416468 13
1752170985706 0.01954701438108711 14
1752171001561 0.010402259709674363 15
1752171019205 0.014383531590876119 16
1752171034465 0.015040772025498278 17
1752171046016 0.0157507788190701 18
1752171063329 0.011784768931471115 19
1752171075849 0.016847537580245493 20
1752171105498 0.021381255484196192 21
1752171121908 0.014051516310360897 22
1752171138144 0.012180101853230261 23
1752171152345 0.0309056609632663 24
1752171177250 0.015564077536670079 25
1752171193636 0.009850012236727082 26
1752171207937 0.012714889551312898 27
1752171222251 0.02127206281853656 28
1752171233964 0.016071756698780987 29
1752171247864 0.013802279014402697 30
1752171270134 11.934011917319559 31
1752171292770 135.47130996321656 32
1752171303597 0.04909695105991524 33
1752171325250 0.009311680175286134 34
