1752254073018 0.0006010416832753679 0
1752254076464 0.0002453108253498348 1
1752254078480 0.000252417064620062 2
1752254080514 0.0015453881001365544 3
1752254083641 0.0010993565052571195 4
1752254086591 0.0018643188370500868 5
1752254089040 0.0020524036012505354 6
1752254091259 0.0020258518339116927 7
1752254097509 0.005190108563517517 8
1752254100073 0.006734903340382472 9
1752254102243 0.013027707781428505 10
1752254104512 0.04233676207064432 11
1752254107226 0.054756157924925934 12
1752254109212 0.039206413160553545 13
1752254111112 0.04132147799355194 14
