1752177969653 260046.6 0
1752177979823 260048.1 1
1752177989957 260048.8 2
1752178000160 260048.9 3
1752178010317 260048.9 4
1752178020408 260050.4 5
1752178030613 260050.4 6
1752178040726 260050.5 7
1752178050877 260050.4 8
1752178060978 260050.7 9
1752178071157 260050.9 10
1752178081263 260051.1 11
1752178091386 260051.1 12
1752178101494 260051.2 13
1752178111613 260051.2 14
1752178121737 260051.3 15
1752178131961 260051.2 16
1752178142115 260051.3 17
1752178152225 260051.5 18
1752178162344 260051.5 19
1752178172453 260051.5 20
1752178182581 260051.3 21
1752178192827 260051.3 22
