1752177969653 763347.1 0
1752177979823 763345.6 1
1752177989957 763344.8 2
1752178000160 763344.8 3
1752178010317 763344.7 4
1752178020408 763343.2 5
1752178030613 763343.2 6
1752178040726 763343.2 7
1752178050877 763343.2 8
1752178060978 763342.9 9
1752178071157 763342.7 10
1752178081263 763342.5 11
1752178091386 763342.5 12
1752178101494 763342.5 13
1752178111613 763342.4 14
1752178121737 763342.4 15
1752178131961 763342.4 16
1752178142115 763342.4 17
1752178152225 763342.1 18
1752178162344 763342.1 19
1752178172453 763342.1 20
1752178182581 763342.3 21
1752178192827 763342.3 22
