1752177969653 0.0 0
1752177979823 0.03611599999999271 1
1752177989957 0.05682400000000598 2
1752178000160 0.06414300000005824 3
1752178010317 0.09483000000000175 4
1752178020408 0.3055770000000848 5
1752178030613 0.33210600000006707 6
1752178040726 0.36544100000014623 7
1752178050877 0.3712800000000698 8
1752178060978 0.3916679999999815 9
1752178071157 0.5097240000000056 10
1752178081263 0.6164860000001227 11
1752178091386 0.6436049999999796 12
1752178101494 0.6750870000000759 13
1752178111613 0.8594439999999395 14
1752178121737 0.8679030000000694 15
1752178131961 0.881898000000092 16
1752178142115 0.9610250000000633 17
1752178152225 0.9815599999999449 18
1752178162344 0.9965640000000349 19
1752178172453 1.0167820000001484 20
1752178182581 1.0230650000000878 21
1752178192827 1.0568279999999959 22
