1752177969653 0.0 0
1752177979823 0.1397760000000403 1
1752177989957 0.22715500000003885 2
1752178000160 0.234341000000029 3
1752178010317 0.38460400000002437 4
1752178020408 0.6095450000000255 5
1752178030613 0.6325170000000071 6
1752178040726 0.6529650000000515 7
1752178050877 0.658219000000031 8
1752178060978 0.6704790000000003 9
1752178071157 0.7216430000000287 10
1752178081263 0.8362990000000536 11
1752178091386 0.8691070000000423 12
1752178101494 0.8968720000000303 13
1752178111613 0.9458950000000073 14
1752178121737 0.9538380000000188 15
1752178131961 0.965624000000048 16
1752178142115 1.0312840000000278 17
1752178152225 1.0604930000000081 18
1752178162344 1.0745350000000258 19
1752178172453 1.0928400000000238 20
1752178182581 1.0993950000000154 21
1752178192827 1.1233720000000176 22
