1752177969653 25023.5 0
1752177979823 25455.8 1
1752177989957 25410.1 2
1752178000160 24934.4 3
1752178010317 24780.9 4
1752178020408 25203.7 5
1752178030613 25173.3 6
1752178040726 25249.0 7
1752178050877 25330.5 8
1752178060978 25314.3 9
1752178071157 25372.9 10
1752178081263 25048.3 11
1752178091386 24999.4 12
1752178101494 25007.1 13
1752178111613 24978.5 14
1752178121737 24813.8 15
1752178131961 24829.3 16
1752178142115 24820.9 17
1752178152225 25057.0 18
1752178162344 25237.5 19
1752178172453 25191.6 20
1752178182581 25264.5 21
1752178192827 25221.6 22
