1751998506278 0.0 0
1751998516895 23.6 1
1751998526978 35.2 2
1751998537055 27.4 3
1751998547178 35.1 4
1751998557303 37.7 5
1751998567445 37.6 6
1751998577582 28.9 7
1751998587679 43.3 8
1751998597861 35.0 9
1751998607966 41.2 10
1751998618102 34.4 11
1751998628237 33.6 12
1751998638334 34.0 13
1751998648420 33.7 14
1751998658523 29.1 15
1751998668635 42.4 16
1751998678721 38.8 17
1751998688836 33.0 18
1751998698935 41.4 19
1751998709005 27.8 20
1751998719073 32.2 21
1751998729176 28.7 22
1751998739278 31.9 23
1751998749427 34.6 24
1751998759566 37.6 25
1751998769728 39.3 26
1751998779815 40.5 27
1751998789942 35.8 28
1751998800102 41.6 29
1751998810194 35.3 30
1751998820287 15.6 31
1751998830362 17.4 32
1751998840445 22.0 33
