1751998506278 25.4 0
1751998516895 25.4 1
1751998526978 25.4 2
1751998537055 25.4 3
1751998547178 25.4 4
1751998557303 25.4 5
1751998567445 25.4 6
1751998577582 25.4 7
1751998587679 25.4 8
1751998597861 25.4 9
1751998607966 25.4 10
1751998618102 25.4 11
1751998628237 25.4 12
1751998638334 25.4 13
1751998648420 25.4 14
1751998658523 25.4 15
1751998668635 25.4 16
1751998678721 25.4 17
1751998688836 25.4 18
1751998698935 25.4 19
1751998709005 25.4 20
1751998719073 25.4 21
1751998729176 25.4 22
1751998739278 25.4 23
1751998749427 25.4 24
1751998759566 25.4 25
1751998769728 25.4 26
1751998779815 25.4 27
1751998789942 25.4 28
1751998800102 25.4 29
1751998810194 25.4 30
1751998820287 25.4 31
1751998830362 25.4 32
1751998840445 25.4 33
