1751998506278 260132.7 0
1751998516895 260133.4 1
1751998526978 260133.4 2
1751998537055 260133.3 3
1751998547178 260133.5 4
1751998557303 260133.1 5
1751998567445 260133.2 6
1751998577582 260133.2 7
1751998587679 260133.2 8
1751998597861 260133.2 9
1751998607966 260133.2 10
1751998618102 260133.2 11
1751998628237 260133.2 12
1751998638334 260133.3 13
1751998648420 260133.2 14
1751998658523 260133.3 15
1751998668635 260133.3 16
1751998678721 260133.3 17
1751998688836 260133.2 18
1751998698935 260133.3 19
1751998709005 260133.3 20
1751998719073 260133.3 21
1751998729176 260133.5 22
1751998739278 260134.7 23
1751998749427 260134.4 24
1751998759566 260134.3 25
1751998769728 260134.6 26
1751998779815 260135.4 27
1751998789942 260135.4 28
1751998800102 260135.4 29
1751998810194 260135.9 30
1751998820287 260135.9 31
1751998830362 260127.9 32
1751998840445 260179.7 33
