1751998506278 763260.9 0
1751998516895 763260.3 1
1751998526978 763260.3 2
1751998537055 763260.3 3
1751998547178 763260.2 4
1751998557303 763260.6 5
1751998567445 763260.4 6
1751998577582 763260.4 7
1751998587679 763260.4 8
1751998597861 763260.4 9
1751998607966 763260.4 10
1751998618102 763260.4 11
1751998628237 763260.4 12
1751998638334 763260.4 13
1751998648420 763260.4 14
1751998658523 763260.4 15
1751998668635 763260.4 16
1751998678721 763260.4 17
1751998688836 763260.4 18
1751998698935 763260.3 19
1751998709005 763260.3 20
1751998719073 763260.3 21
1751998729176 763260.1 22
1751998739278 763259.0 23
1751998749427 763259.2 24
1751998759566 763259.3 25
1751998769728 763259.1 26
1751998779815 763258.2 27
1751998789942 763258.2 28
1751998800102 763258.2 29
1751998810194 763257.7 30
1751998820287 763257.7 31
1751998830362 763265.8 32
1751998840445 763213.9 33
