1751998506278 0.0 0
1751998516895 0.09564999999999912 1
1751998526978 0.10088499999999812 2
1751998537055 0.1645679999999956 3
1751998547178 0.20552800000000104 4
1751998557303 0.23514899999999983 5
1751998567445 0.2876069999999942 6
1751998577582 0.2904610000000005 7
1751998587679 0.2910189999999986 8
1751998597861 0.3143869999999964 9
1751998607966 0.31782499999999914 10
1751998618102 0.3232669999999942 11
1751998628237 0.3861699999999999 12
1751998638334 0.3874589999999998 13
1751998648420 0.3909049999999965 14
1751998658523 0.39823999999999415 15
1751998668635 0.4003489999999985 16
1751998678721 0.4288079999999965 17
1751998688836 0.4417449999999974 18
1751998698935 0.463633999999999 19
1751998709005 0.4677159999999958 20
1751998719073 0.4686880000000002 21
1751998729176 0.4838789999999946 22
1751998739278 0.558484 23
1751998749427 0.5663649999999976 24
1751998759566 0.6650829999999956 25
1751998769728 0.7201899999999952 26
1751998779815 1.068041000000001 27
1751998789942 1.0832009999999954 28
1751998800102 1.1002539999999996 29
1751998810194 1.1357749999999953 30
1751998820287 1.1425249999999991 31
1751998830362 1.2179000000000002 32
1751998840445 1.3130979999999965 33
