1751998506278 0.0 0
1751998516895 0.0262899999999604 1
1751998526978 0.030136999999967884 2
1751998537055 0.04660300000000461 3
1751998547178 0.06907699999999295 4
1751998557303 0.08563099999997803 5
1751998567445 0.12318399999998064 6
1751998577582 0.1249080000000049 7
1751998587679 0.12583100000000513 8
1751998597861 0.14582099999995535 9
1751998607966 0.14903099999997949 10
1751998618102 0.21741599999995742 11
1751998628237 0.3074929999999654 12
1751998638334 0.30888799999996763 13
1751998648420 0.3126729999999611 14
1751998658523 0.31997999999998683 15
1751998668635 0.321975000000009 16
1751998678721 0.35123399999997673 17
1751998688836 0.3602889999999661 18
1751998698935 0.3793359999999666 19
1751998709005 0.3896739999999568 20
1751998719073 0.39200599999998076 21
1751998729176 0.40445999999997184 22
1751998739278 0.4561419999999998 23
1751998749427 0.4649959999999851 24
1751998759566 0.6593689999999697 25
1751998769728 0.7371630000000096 26
1751998779815 0.8178330000000074 27
1751998789942 0.8418570000000045 28
1751998800102 0.8648239999999987 29
1751998810194 0.9057129999999916 30
1751998820287 0.9128849999999602 31
1751998830362 17.35430600000001 32
1751998840445 18.47943699999996 33
