1751998506278 50.2 0
1751998516895 51.1 1
1751998526978 51.3 2
1751998537055 51.2 3
1751998547178 51.9 4
1751998557303 52.2 5
1751998567445 52.0 6
1751998577582 52.3 7
1751998587679 52.2 8
1751998597861 52.3 9
1751998607966 52.3 10
1751998618102 52.4 11
1751998628237 52.5 12
1751998638334 52.7 13
1751998648420 52.6 14
1751998658523 52.6 15
1751998668635 52.6 16
1751998678721 53.2 17
1751998688836 53.0 18
1751998698935 53.2 19
1751998709005 53.5 20
1751998719073 52.8 21
1751998729176 53.1 22
1751998739278 54.1 23
1751998749427 53.9 24
1751998759566 54.7 25
1751998769728 54.8 26
1751998779815 53.6 27
1751998789942 52.7 28
1751998800102 52.8 29
1751998810194 52.6 30
1751998820287 52.9 31
1751998830362 53.7 32
1751998840445 54.4 33
