1751998506278 17071.5 0
1751998516895 17401.2 1
1751998526978 17470.0 2
1751998537055 17430.7 3
1751998547178 17666.3 4
1751998557303 17760.3 5
1751998567445 17711.2 6
1751998577582 17789.7 7
1751998587679 17772.4 8
1751998597861 17804.6 9
1751998607966 17806.9 10
1751998618102 17832.5 11
1751998628237 17858.4 12
1751998638334 17923.9 13
1751998648420 17909.9 14
1751998658523 17906.8 15
1751998668635 17899.5 16
1751998678721 18102.9 17
1751998688836 18046.3 18
1751998698935 18105.3 19
1751998709005 18189.0 20
1751998719073 17979.1 21
1751998729176 18069.5 22
1751998739278 18402.9 23
1751998749427 18338.7 24
1751998759566 18605.4 25
1751998769728 18664.8 26
1751998779815 18244.5 27
1751998789942 17941.7 28
1751998800102 17958.0 29
1751998810194 17900.6 30
1751998820287 17995.2 31
1751998830362 18256.8 32
1751998840445 18518.4 33
