1750715621079 0.03935200000000805 0
1750715631224 0.31686899999999696 1
1750715641405 0.549998999999957 2
1750715651518 0.70150000000001 3
1750715661603 0.8950979999999618 4
1750715671709 0.9257750000000442 5
1750715681792 1.095495000000028 6
1750715691888 1.2355589999999665 7
1750715702078 1.3930920000000242 8
1750715712490 1.5645269999999982 9
1750715722604 1.736311999999998 10
1750715732716 1.772248999999988 11
1750715742825 1.9688320000000203 12
1750715752909 2.09833500000002 13
1750715763055 2.263223000000039 14
1750715773180 3.3942329999999856 15
1750715783308 3.5733189999999695 16
1750715793564 3.824999000000048 17
