1750715621079 0.000776000000030308 0
1750715631224 0.15925400000003265 1
1750715641405 0.2898240000000101 2
1750715651518 0.34399700000000166 3
1750715661603 0.4109640000000354 4
1750715671709 0.4441489999999817 5
1750715681792 0.5062169999999924 6
1750715691888 0.562123999999983 7
1750715702078 0.6098049999999944 8
1750715712490 0.684931000000006 9
1750715722604 0.7440470000000232 10
1750715732716 0.7868250000000216 11
1750715742825 0.8946410000000355 12
1750715752909 0.936914999999999 13
1750715763055 1.0050550000000271 14
1750715773180 3.346834000000001 15
1750715783308 3.4877690000000143 16
1750715793564 4.2349700000000325 17
