1750648096242 0.0 0
1750648106405 22.9 1
1750648116539 37.7 2
1750648126655 49.4 3
1750648137130 36.3 4
1750648147221 34.0 5
1750648157314 35.8 6
1750648167445 32.7 7
1750648177553 28.8 8
1750648187636 36.4 9
1750648197765 33.0 10
1750648207851 38.0 11
1750648217942 35.7 12
1750648228075 36.2 13
1750648238208 32.9 14
1750648248291 34.3 15
1750648258382 37.9 16
1750648268490 42.4 17
1750648278623 34.8 18
1750648288705 32.3 19
1750648298800 26.2 20
1750648308927 32.8 21
1750648319044 30.9 22
1750648329170 36.3 23
1750648339286 33.0 24
1750648349385 44.2 25
1750648359487 23.3 26
1750648369559 25.3 27
1750648379634 30.4 28
1750648389743 25.2 29
1750648399831 28.3 30
1750648410149 24.1 31
1750648420232 39.6 32
1750648430314 26.7 33
1750648440438 30.8 34
1750648450557 25.0 35
1750648460630 27.1 36
1750648470712 23.4 37
1750648480854 37.4 38
1750648490950 31.5 39
1750648501077 32.4 40
1750648511177 41.9 41
1750648521293 30.9 42
1750648531409 45.0 43
1750648541533 32.3 44
1750648552074 39.8 45
1750648562182 41.8 46
1750648572273 33.6 47
1750648582356 30.8 48
1750648592464 32.0 49
1750648602539 17.3 50
1750648612629 10.2 51
1750648622804 10.7 52
1750648632878 10.2 53
1750648642961 10.4 54
1750648653036 10.7 55
1750648663318 10.6 56
