1750648096242 765542.6 0
1750648106405 765541.7 1
1750648116539 765541.7 2
1750648126655 765541.7 3
1750648137130 765541.7 4
1750648147221 765541.7 5
1750648157314 765541.8 6
1750648167445 765541.8 7
1750648177553 765541.7 8
1750648187636 765541.7 9
1750648197765 765541.7 10
1750648207851 765541.7 11
1750648217942 765541.7 12
1750648228075 765541.7 13
1750648238208 765541.8 14
1750648248291 765541.8 15
1750648258382 765541.8 16
1750648268490 765541.8 17
1750648278623 765541.7 18
1750648288705 765541.7 19
1750648298800 765541.7 20
1750648308927 765541.5 21
1750648319044 765541.3 22
1750648329170 765541.3 23
1750648339286 765541.2 24
1750648349385 765541.2 25
1750648359487 765541.2 26
1750648369559 765541.2 27
1750648379634 765541.2 28
1750648389743 765541.0 29
1750648399831 765541.0 30
1750648410149 765541.0 31
1750648420232 765541.0 32
1750648430314 765541.0 33
1750648440438 765540.8 34
1750648450557 765540.7 35
1750648460630 765540.7 36
1750648470712 765540.7 37
1750648480854 765540.8 38
1750648490950 765540.5 39
1750648501077 765540.4 40
1750648511177 765540.4 41
1750648521293 765540.5 42
1750648531409 765540.5 43
1750648541533 765540.5 44
1750648552074 765540.4 45
1750648562182 765540.3 46
1750648572273 765540.3 47
1750648582356 765540.3 48
1750648592464 765540.3 49
1750648602539 765540.3 50
1750648612629 765540.3 51
1750648622804 765540.2 52
1750648632878 765540.2 53
1750648642961 765540.2 54
1750648653036 765540.2 55
1750648663318 765540.2 56
