1750648096242 25.2 0
1750648106405 25.2 1
1750648116539 25.2 2
1750648126655 25.2 3
1750648137130 25.2 4
1750648147221 25.2 5
1750648157314 25.2 6
1750648167445 25.2 7
1750648177553 25.2 8
1750648187636 25.2 9
1750648197765 25.2 10
1750648207851 25.2 11
1750648217942 25.2 12
1750648228075 25.2 13
1750648238208 25.2 14
1750648248291 25.2 15
1750648258382 25.2 16
1750648268490 25.2 17
1750648278623 25.2 18
1750648288705 25.2 19
1750648298800 25.2 20
1750648308927 25.2 21
1750648319044 25.2 22
1750648329170 25.2 23
1750648339286 25.2 24
1750648349385 25.2 25
1750648359487 25.2 26
1750648369559 25.2 27
1750648379634 25.2 28
1750648389743 25.2 29
1750648399831 25.2 30
1750648410149 25.2 31
1750648420232 25.2 32
1750648430314 25.2 33
1750648440438 25.2 34
1750648450557 25.2 35
1750648460630 25.2 36
1750648470712 25.2 37
1750648480854 25.2 38
1750648490950 25.2 39
1750648501077 25.2 40
1750648511177 25.2 41
1750648521293 25.2 42
1750648531409 25.2 43
1750648541533 25.2 44
1750648552074 25.2 45
1750648562182 25.2 46
1750648572273 25.2 47
1750648582356 25.2 48
1750648592464 25.2 49
1750648602539 25.2 50
1750648612629 25.2 51
1750648622804 25.2 52
1750648632878 25.2 53
1750648642961 25.2 54
1750648653036 25.2 55
1750648663318 25.2 56
