1750648096242 257851.0 0
1750648106405 257851.9 1
1750648116539 257851.9 2
1750648126655 257851.9 3
1750648137130 257851.9 4
1750648147221 257851.9 5
1750648157314 257851.8 6
1750648167445 257851.8 7
1750648177553 257851.9 8
1750648187636 257851.9 9
1750648197765 257851.9 10
1750648207851 257851.9 11
1750648217942 257851.9 12
1750648228075 257851.9 13
1750648238208 257851.8 14
1750648248291 257851.9 15
1750648258382 257851.9 16
1750648268490 257851.8 17
1750648278623 257851.9 18
1750648288705 257851.9 19
1750648298800 257851.9 20
1750648308927 257852.2 21
1750648319044 257852.4 22
1750648329170 257852.4 23
1750648339286 257852.4 24
1750648349385 257852.4 25
1750648359487 257852.4 26
1750648369559 257852.4 27
1750648379634 257852.4 28
1750648389743 257852.6 29
1750648399831 257852.6 30
1750648410149 257852.6 31
1750648420232 257852.6 32
1750648430314 257852.6 33
1750648440438 257852.8 34
1750648450557 257852.9 35
1750648460630 257852.9 36
1750648470712 257852.9 37
1750648480854 257852.8 38
1750648490950 257853.1 39
1750648501077 257853.2 40
1750648511177 257853.2 41
1750648521293 257853.1 42
1750648531409 257853.1 43
1750648541533 257853.1 44
1750648552074 257853.2 45
1750648562182 257853.3 46
1750648572273 257853.3 47
1750648582356 257853.3 48
1750648592464 257853.3 49
1750648602539 257853.3 50
1750648612629 257853.3 51
1750648622804 257853.4 52
1750648632878 257853.4 53
1750648642961 257853.4 54
1750648653036 257853.4 55
1750648663318 257853.4 56
