1750648096242 0.00012499999999704414 0
1750648106405 0.12721000000000515 1
1750648116539 0.1690150000000017 2
1750648126655 0.2105150000000009 3
1750648137130 0.26012900000000627 4
1750648147221 0.2888499999999965 5
1750648157314 0.29399399999999787 6
1750648167445 0.30017999999999745 7
1750648177553 0.3243930000000006 8
1750648187636 0.3410640000000029 9
1750648197765 0.34911800000000426 10
1750648207851 0.36879600000000323 11
1750648217942 0.37657500000000255 12
1750648228075 0.4094130000000007 13
1750648238208 0.44036300000000494 14
1750648248291 0.4743349999999964 15
1750648258382 0.48904600000000187 16
1750648268490 0.4951340000000073 17
1750648278623 0.5240909999999985 18
1750648288705 0.5494130000000013 19
1750648298800 0.5804449999999974 20
1750648308927 0.6350410000000011 21
1750648319044 0.6748670000000061 22
1750648329170 0.6751909999999981 23
1750648339286 0.7010060000000067 24
1750648349385 0.7202470000000005 25
1750648359487 0.7437299999999993 26
1750648369559 0.769282000000004 27
1750648379634 0.7897300000000058 28
1750648389743 0.7932069999999953 29
1750648399831 0.8137009999999947 30
1750648410149 0.8232339999999994 31
1750648420232 0.8557279999999992 32
1750648430314 0.886841000000004 33
1750648440438 0.8989219999999989 34
1750648450557 0.9094340000000045 35
1750648460630 0.9332820000000055 36
1750648470712 0.9469650000000058 37
1750648480854 0.9574590000000001 38
1750648490950 0.9881210000000067 39
1750648501077 1.0339809999999972 40
1750648511177 1.039835999999994 41
1750648521293 1.0664500000000032 42
1750648531409 1.081472000000005 43
1750648541533 1.102006000000003 44
1750648552074 1.1392940000000067 45
1750648562182 1.1465019999999981 46
1750648572273 1.1571129999999954 47
1750648582356 1.1786649999999952 48
1750648592464 1.1946410000000043 49
1750648602539 1.233784 50
1750648612629 1.2580899999999957 51
1750648622804 1.2702589999999958 52
1750648632878 1.2717659999999995 53
1750648642961 1.2943329999999946 54
1750648653036 1.3099940000000032 55
1750648663318 1.3566040000000044 56
