1750648096242 0.0006480000000124164 0
1750648106405 0.044356999999990876 1
1750648116539 0.13963799999999083 2
1750648126655 0.16691499999998882 3
1750648137130 0.2534530000000075 4
1750648147221 0.2930939999999964 5
1750648157314 0.31549400000000105 6
1750648167445 0.3295750000000055 7
1750648177553 0.3677470000000085 8
1750648187636 0.38991300000000706 9
1750648197765 0.4032640000000072 10
1750648207851 0.4349610000000155 11
1750648217942 0.4578999999999951 12
1750648228075 0.542035999999996 13
1750648238208 0.5884570000000053 14
1750648248291 0.634287999999998 15
1750648258382 0.654248999999993 16
1750648268490 0.6720029999999895 17
1750648278623 0.7118509999999958 18
1750648288705 0.7520179999999925 19
1750648298800 0.7906230000000107 20
1750648308927 0.843024000000014 21
1750648319044 0.8801870000000065 22
1750648329170 0.89131900000001 23
1750648339286 0.9340960000000109 24
1750648349385 0.9547110000000032 25
1750648359487 0.9955779999999947 26
1750648369559 1.0213720000000137 27
1750648379634 1.0489039999999932 28
1750648389743 1.0682459999999878 29
1750648399831 1.0977790000000027 30
1750648410149 1.1125570000000096 31
1750648420232 1.1548429999999996 32
1750648430314 1.1852660000000128 33
1750648440438 1.2047990000000084 34
1750648450557 1.236975000000001 35
1750648460630 1.2695860000000039 36
1750648470712 1.2859579999999937 37
1750648480854 1.313334999999995 38
1750648490950 1.3551250000000152 39
1750648501077 1.3932240000000036 40
1750648511177 1.4103760000000136 41
1750648521293 1.4461929999999938 42
1750648531409 1.5314769999999953 43
1750648541533 1.5647069999999985 44
1750648552074 1.600196000000011 45
1750648562182 1.617482999999993 46
1750648572273 1.634855000000016 47
1750648582356 1.6641879999999958 48
1750648592464 1.6893670000000043 49
1750648602539 1.7388760000000048 50
1750648612629 1.764727999999991 51
1750648622804 1.7829250000000059 52
1750648632878 1.796763999999996 53
1750648642961 1.8263970000000143 54
1750648653036 1.85517999999999 55
1750648663318 1.9115899999999897 56
