1750648096242 47.1 0
1750648106405 47.8 1
1750648116539 48.0 2
1750648126655 48.5 3
1750648137130 48.0 4
1750648147221 48.1 5
1750648157314 48.2 6
1750648167445 47.4 7
1750648177553 47.7 8
1750648187636 47.8 9
1750648197765 47.8 10
1750648207851 47.9 11
1750648217942 47.9 12
1750648228075 48.2 13
1750648238208 48.3 14
1750648248291 48.5 15
1750648258382 48.4 16
1750648268490 48.5 17
1750648278623 48.6 18
1750648288705 48.6 19
1750648298800 48.9 20
1750648308927 49.3 21
1750648319044 49.6 22
1750648329170 49.4 23
1750648339286 49.5 24
1750648349385 49.5 25
1750648359487 49.4 26
1750648369559 49.5 27
1750648379634 49.7 28
1750648389743 49.9 29
1750648399831 50.0 30
1750648410149 50.6 31
1750648420232 50.4 32
1750648430314 50.5 33
1750648440438 50.8 34
1750648450557 51.1 35
1750648460630 51.1 36
1750648470712 51.3 37
1750648480854 51.5 38
1750648490950 51.6 39
1750648501077 51.9 40
1750648511177 51.7 41
1750648521293 51.8 42
1750648531409 51.9 43
1750648541533 52.0 44
1750648552074 52.0 45
1750648562182 52.0 46
1750648572273 52.1 47
1750648582356 52.3 48
1750648592464 52.4 49
1750648602539 52.9 50
1750648612629 53.0 51
1750648622804 53.4 52
1750648632878 53.8 53
1750648642961 54.1 54
1750648653036 54.5 55
1750648663318 54.9 56
