1750648096242 16025.8 0
1750648106405 16253.5 1
1750648116539 16317.9 2
1750648126655 16520.3 3
1750648137130 16331.0 4
1750648147221 16358.0 5
1750648157314 16410.8 6
1750648167445 16123.5 7
1750648177553 16236.4 8
1750648187636 16281.9 9
1750648197765 16258.8 10
1750648207851 16292.4 11
1750648217942 16294.2 12
1750648228075 16396.9 13
1750648238208 16444.0 14
1750648248291 16488.1 15
1750648258382 16456.1 16
1750648268490 16516.1 17
1750648278623 16522.0 18
1750648288705 16546.6 19
1750648298800 16654.8 20
1750648308927 16780.2 21
1750648319044 16868.1 22
1750648329170 16819.5 23
1750648339286 16860.0 24
1750648349385 16843.2 25
1750648359487 16818.1 26
1750648369559 16837.0 27
1750648379634 16898.4 28
1750648389743 16978.3 29
1750648399831 17029.8 30
1750648410149 17203.7 31
1750648420232 17133.9 32
1750648430314 17196.0 33
1750648440438 17298.6 34
1750648450557 17388.5 35
1750648460630 17374.8 36
1750648470712 17455.4 37
1750648480854 17515.5 38
1750648490950 17572.3 39
1750648501077 17652.5 40
1750648511177 17583.4 41
1750648521293 17623.3 42
1750648531409 17672.4 43
1750648541533 17708.2 44
1750648552074 17709.5 45
1750648562182 17682.5 46
1750648572273 17732.1 47
1750648582356 17783.1 48
1750648592464 17816.6 49
1750648602539 18008.1 50
1750648612629 18051.1 51
1750648622804 18186.1 52
1750648632878 18293.8 53
1750648642961 18421.0 54
1750648653036 18548.7 55
1750648663318 18691.0 56
