1752247719535 0.00054212445412072 0
1752247722223 0.00034588641254073486 1
1752247724624 0.00022032098716278108 2
1752247726784 0.00018745216421896526 3
1752247729818 0.0006363977195769405 4
1752247732105 0.0023197419536953477 5
1752247734317 0.0006687310516527167 6
1752247736370 0.0012814003543738667 7
1752247738532 0.00038057021201087836 8
1752247740836 0.0024275870970020706 9
1752247742950 0.0017526431656344772 10
1752247745372 0.0019129273797490888 11
1752247748050 0.010768950395144068 12
1752247750520 0.018577477419878925 13
1752247752838 0.012434747740931796 14
1752247754899 0.016970903181125745 15
