1752611323199 0.0 0
1752611333349 30.5 1
1752611343507 35.6 2
1752611353688 47.2 3
1752611363956 45.7 4
1752611374090 45.6 5
1752611384188 46.1 6
1752611394373 46.0 7
1752611404750 49.1 8
1752611415098 68.7 9
1752611425261 63.0 10
1752611435578 68.2 11
1752611445746 64.1 12
1752611456027 63.7 13
1752611466157 63.1 14
1752611476398 72.8 15
1752611486557 74.1 16
1752611496783 67.1 17
1752611506914 56.1 18
1752611517220 46.0 19
1752611527429 52.2 20
1752611537570 46.5 21
1752611547720 51.6 22
1752611557819 49.2 23
1752611567969 43.7 24
1752611578176 35.8 25
1752611588373 52.4 26
1752611598746 69.8 27
1752611608923 70.8 28
1752611619213 65.7 29
1752611629362 59.2 30
1752611639461 52.1 31
1752611649649 43.9 32
1752611659758 51.4 33
1752611669876 54.9 34
1752611680051 49.1 35
1752611690194 49.8 36
1752611700376 51.7 37
1752611710594 48.8 38
1752611720824 53.5 39
1752611730946 60.5 40
