1752611323199 763190.5 0
1752611333349 763189.4 1
1752611343507 763189.1 2
1752611353688 763188.8 3
1752611363956 763188.8 4
1752611374090 763188.6 5
1752611384188 763188.4 6
1752611394373 763187.1 7
1752611404750 763186.4 8
1752611415098 763186.0 9
1752611425261 763186.0 10
1752611435578 763186.7 11
1752611445746 763186.0 12
1752611456027 763186.5 13
1752611466157 763186.5 14
1752611476398 763185.5 15
1752611486557 763183.7 16
1752611496783 763183.4 17
1752611506914 763183.2 18
1752611517220 763187.2 19
1752611527429 763186.6 20
1752611537570 763186.5 21
1752611547720 763186.3 22
1752611557819 763185.9 23
1752611567969 763185.2 24
1752611578176 763185.2 25
1752611588373 763185.1 26
1752611598746 763184.2 27
1752611608923 763183.9 28
1752611619213 763183.8 29
1752611629362 763183.8 30
1752611639461 763182.1 31
1752611649649 763181.9 32
1752611659758 763181.5 33
1752611669876 763179.8 34
1752611680051 763180.0 35
1752611690194 763179.8 36
1752611700376 763180.3 37
1752611710594 763180.3 38
1752611720824 763180.0 39
1752611730946 763179.4 40
