1752611323199 25.4 0
1752611333349 25.4 1
1752611343507 25.4 2
1752611353688 25.4 3
1752611363956 25.4 4
1752611374090 25.4 5
1752611384188 25.4 6
1752611394373 25.4 7
1752611404750 25.4 8
1752611415098 25.4 9
1752611425261 25.4 10
1752611435578 25.4 11
1752611445746 25.4 12
1752611456027 25.4 13
1752611466157 25.4 14
1752611476398 25.4 15
1752611486557 25.4 16
1752611496783 25.4 17
1752611506914 25.4 18
1752611517220 25.4 19
1752611527429 25.4 20
1752611537570 25.4 21
1752611547720 25.4 22
1752611557819 25.4 23
1752611567969 25.4 24
1752611578176 25.4 25
1752611588373 25.4 26
1752611598746 25.4 27
1752611608923 25.4 28
1752611619213 25.4 29
1752611629362 25.4 30
1752611639461 25.4 31
1752611649649 25.4 32
1752611659758 25.4 33
1752611669876 25.4 34
1752611680051 25.4 35
1752611690194 25.4 36
1752611700376 25.4 37
1752611710594 25.4 38
1752611720824 25.4 39
1752611730946 25.4 40
