1752611323199 260203.1 0
1752611333349 260204.2 1
1752611343507 260204.5 2
1752611353688 260204.8 3
1752611363956 260204.9 4
1752611374090 260205.0 5
1752611384188 260205.2 6
1752611394373 260206.5 7
1752611404750 260207.2 8
1752611415098 260207.6 9
1752611425261 260207.6 10
1752611435578 260207.0 11
1752611445746 260207.6 12
1752611456027 260207.1 13
1752611466157 260207.1 14
1752611476398 260208.1 15
1752611486557 260209.9 16
1752611496783 260210.2 17
1752611506914 260210.4 18
1752611517220 260206.4 19
1752611527429 260207.0 20
1752611537570 260207.1 21
1752611547720 260207.4 22
1752611557819 260207.8 23
1752611567969 260208.5 24
1752611578176 260208.5 25
1752611588373 260208.5 26
1752611598746 260209.4 27
1752611608923 260209.8 28
1752611619213 260209.8 29
1752611629362 260209.8 30
1752611639461 260211.5 31
1752611649649 260211.7 32
1752611659758 260212.1 33
1752611669876 260213.8 34
1752611680051 260213.6 35
1752611690194 260213.8 36
1752611700376 260213.3 37
1752611710594 260213.3 38
1752611720824 260213.6 39
1752611730946 260214.2 40
