1752611323199 0.00018899999997756822 0
1752611333349 0.05443800000000465 1
1752611343507 0.11212999999997919 2
1752611353688 0.2601970000000051 3
1752611363956 0.2794139999999743 4
1752611374090 0.45224699999999984 5
1752611384188 0.5307329999999979 6
1752611394373 0.6422159999999622 7
1752611404750 0.6551670000000058 8
1752611415098 0.9889919999999961 9
1752611425261 1.2136600000000044 10
1752611435578 1.4880769999999757 11
1752611445746 1.5904029999999807 12
1752611456027 1.6844009999999798 13
1752611466157 1.7022910000000024 14
1752611476398 1.7562360000000012 15
1752611486557 2.578329999999994 16
1752611496783 2.6206379999999854 17
1752611506914 2.7436739999999986 18
1752611517220 2.77439499999997 19
1752611527429 2.9281199999999785 20
1752611537570 3.0012199999999893 21
1752611547720 3.142357000000004 22
1752611557819 3.204330999999968 23
1752611567969 3.463669999999979 24
1752611578176 3.5022329999999897 25
1752611588373 3.60733799999997 26
1752611598746 3.841901000000007 27
1752611608923 4.022315999999989 28
1752611619213 4.263627999999983 29
1752611629362 4.319545000000005 30
1752611639461 4.660040999999978 31
1752611649649 4.681789999999978 32
1752611659758 4.871375999999998 33
1752611669876 5.235418999999979 34
1752611680051 5.43151899999998 35
1752611690194 5.485142999999994 36
1752611700376 5.590213000000006 37
1752611710594 5.691165000000012 38
1752611720824 5.807998999999995 39
1752611730946 5.9537090000000035 40
