1752611323199 0.0008010000000240325 0
1752611333349 0.04187000000001717 1
1752611343507 0.34025500000007014 2
1752611353688 0.6130800000000818 3
1752611363956 0.6329719999999952 4
1752611374090 0.8743050000000494 5
1752611384188 1.3301330000000462 6
1752611394373 1.5211729999999761 7
1752611404750 1.5357420000000275 8
1752611415098 2.071591000000012 9
1752611425261 2.2319850000000088 10
1752611435578 2.6920029999999997 11
1752611445746 2.752303999999981 12
1752611456027 2.9643670000000384 13
1752611466157 2.979329000000007 14
1752611476398 2.995765000000006 15
1752611486557 3.455404000000044 16
1752611496783 3.5038030000000617 17
1752611506914 3.6848280000000386 18
1752611517220 3.721033000000034 19
1752611527429 4.036963000000014 20
1752611537570 4.119669000000044 21
1752611547720 4.392735000000016 22
1752611557819 4.465486000000055 23
1752611567969 4.88125500000001 24
1752611578176 4.976737000000071 25
1752611588373 5.1828460000000405 26
1752611598746 5.462544999999977 27
1752611608923 5.763201999999978 28
1752611619213 6.473734000000036 29
1752611629362 6.54171800000006 30
1752611639461 7.172233000000006 31
1752611649649 7.1868480000000545 32
1752611659758 7.445416000000023 33
1752611669876 7.4909959999999955 34
1752611680051 7.7977710000000116 35
1752611690194 7.859953000000019 36
1752611700376 8.053857999999991 37
1752611710594 8.191775000000007 38
1752611720824 8.399186999999984 39
1752611730946 8.61120900000003 40
