1752611323199 25286.3 0
1752611333349 25907.7 1
1752611343507 25741.7 2
1752611353688 25894.5 3
1752611363956 25723.1 4
1752611374090 25763.3 5
1752611384188 26167.1 6
1752611394373 26100.3 7
1752611404750 25694.8 8
1752611415098 26144.1 9
1752611425261 26395.2 10
1752611435578 27219.8 11
1752611445746 26607.6 12
1752611456027 26894.6 13
1752611466157 26516.1 14
1752611476398 26350.2 15
1752611486557 26672.8 16
1752611496783 26258.5 17
1752611506914 26394.1 18
1752611517220 25729.7 19
1752611527429 26038.5 20
1752611537570 25777.0 21
1752611547720 25542.8 22
1752611557819 26245.5 23
1752611567969 25795.4 24
1752611578176 26130.5 25
1752611588373 25874.9 26
1752611598746 26183.3 27
1752611608923 26340.9 28
1752611619213 26087.2 29
1752611629362 25977.5 30
1752611639461 25958.1 31
1752611649649 25983.0 32
1752611659758 25779.0 33
1752611669876 25843.0 34
1752611680051 25576.7 35
1752611690194 25760.7 36
1752611700376 25866.3 37
1752611710594 25608.1 38
1752611720824 25820.9 39
1752611730946 26140.6 40
