1752611323199 74.3 0
1752611333349 76.1 1
1752611343507 75.6 2
1752611353688 76.1 3
1752611363956 75.6 4
1752611374090 75.7 5
1752611384188 76.9 6
1752611394373 76.7 7
1752611404750 75.5 8
1752611415098 76.8 9
1752611425261 77.6 10
1752611435578 80.0 11
1752611445746 78.2 12
1752611456027 79.0 13
1752611466157 77.9 14
1752611476398 77.4 15
1752611486557 78.4 16
1752611496783 77.2 17
1752611506914 77.6 18
1752611517220 75.6 19
1752611527429 76.5 20
1752611537570 75.7 21
1752611547720 75.1 22
1752611557819 77.1 23
1752611567969 75.8 24
1752611578176 76.8 25
1752611588373 76.0 26
1752611598746 76.9 27
1752611608923 77.4 28
1752611619213 76.7 29
1752611629362 76.3 30
1752611639461 76.3 31
1752611649649 76.4 32
1752611659758 75.8 33
1752611669876 75.9 34
1752611680051 75.2 35
1752611690194 75.7 36
1752611700376 76.0 37
1752611710594 75.3 38
1752611720824 75.9 39
1752611730946 76.8 40
