1752194846823 0.0 0
1752194856961 0.012323999999999558 1
1752194867261 0.0591749999999962 2
1752194877447 0.11639499999999714 3
1752194887698 0.28924699999999604 4
1752194897903 0.6417530000000014 5
1752194908123 0.658653000000001 6
1752194918304 0.7304919999999981 7
1752194928461 0.7839600000000004 8
1752194938643 0.8565010000000015 9
1752194948800 0.8748779999999954 10
1752194958919 0.8778360000000021 11
1752194969281 0.9016370000000009 12
1752194979587 1.0267240000000015 13
1752194989705 1.2748479999999986 14
