1752525130127 763975.7 0
1752525140422 763974.8 1
1752525150743 763973.5 2
1752525161125 763973.2 3
1752525171586 763971.9 4
1752525182007 763972.2 5
1752525192349 763971.4 6
1752525202569 763970.9 7
1752525212749 763970.7 8
1752525222933 763970.5 9
1752525233200 763969.9 10
1752525243438 763969.7 11
1752525253730 763969.5 12
1752525264101 763969.3 13
1752525274258 763968.9 14
1752525284396 763699.6 15
1752525294764 763453.6 16
1752525304976 763280.0 17
1752525315170 763279.3 18
1752525325326 763774.3 19
1752525335550 763768.5 20
1752525345764 763793.8 21
1752525355960 763781.7 22
