1752525130127 259418.0 0
1752525140422 259418.8 1
1752525150743 259420.2 2
1752525161125 259420.4 3
1752525171586 259421.7 4
1752525182007 259421.5 5
1752525192349 259422.2 6
1752525202569 259422.7 7
1752525212749 259422.9 8
1752525222933 259423.2 9
1752525233200 259423.7 10
1752525243438 259424.0 11
1752525253730 259424.1 12
1752525264101 259424.3 13
1752525274258 259424.7 14
1752525284396 259694.0 15
1752525294764 259940.1 16
1752525304976 260113.6 17
1752525315170 260114.3 18
1752525325326 259619.3 19
1752525335550 259625.1 20
1752525345764 259599.8 21
1752525355960 259612.0 22
