1752525130127 0.0 0
1752525140422 0.255478999999994 1
1752525150743 0.412438999999992 2
1752525161125 0.4335799999999921 3
1752525171586 0.5126089999999976 4
1752525182007 0.5499379999999974 5
1752525192349 0.6159779999999984 6
1752525202569 0.6774470000000008 7
1752525212749 0.7035369999999972 8
1752525222933 0.7138769999999965 9
1752525233200 0.7212959999999953 10
1752525243438 0.723787999999999 11
1752525253730 0.7325259999999929 12
1752525264101 0.7540549999999939 13
1752525274258 0.8208449999999914 14
1752525284396 0.9646929999999969 15
1752525294764 1.1198629999999952 16
1752525304976 1.1823679999999968 17
1752525315170 1.3785189999999972 18
1752525325326 1.8300270000000012 19
1752525335550 2.0577279999999973 20
1752525345764 3.9065459999999916 21
1752525355960 3.984080999999989 22
