1752525130127 0.0 0
1752525140422 0.05941300000000638 1
1752525150743 1.0515210000000081 2
1752525161125 1.1098709999999983 3
1752525171586 1.8072699999999884 4
1752525182007 1.8237159999999903 5
1752525192349 1.9847770000000082 6
1752525202569 2.2256220000000155 7
1752525212749 2.244462999999996 8
1752525222933 2.2547050000000013 9
1752525233200 2.2625250000000108 10
1752525243438 2.2645939999999882 11
1752525253730 2.273777999999993 12
1752525264101 2.2931470000000047 13
1752525274258 2.4758879999999976 14
1752525284396 94.49590900000001 15
1752525294764 94.625066 16
1752525304976 94.69976199999999 17
1752525315170 94.755933 18
1752525325326 95.44511700000001 19
1752525335550 95.890431 20
1752525345764 95.989543 21
1752525355960 96.10736299999999 22
