1752525130127 18453.4 0
1752525140422 18955.7 1
1752525150743 18938.9 2
1752525161125 19094.7 3
1752525171586 19105.5 4
1752525182007 19111.9 5
1752525192349 18914.9 6
1752525202569 18919.6 7
1752525212749 18858.3 8
1752525222933 18769.3 9
1752525233200 18847.3 10
1752525243438 18818.6 11
1752525253730 18741.7 12
1752525264101 18950.6 13
1752525274258 19065.9 14
1752525284396 19146.1 15
1752525294764 19098.2 16
1752525304976 19008.3 17
1752525315170 19249.6 18
1752525325326 19400.5 19
1752525335550 19157.5 20
1752525345764 19239.6 21
1752525355960 19261.2 22
