1749841416299 0.00047100000006139453 0
1749841426406 0.13175599999999577 1
1749841436494 0.22514300000000276 2
1749841446692 0.3159970000000385 3
1749841456797 0.37346100000002025 4
1749841466934 0.462833000000046 5
1749841477056 0.4827730000000656 6
1749841487171 0.5011140000000296 7
1749841497273 0.5503650000000562 8
1749841507394 0.5626190000000406 9
1749841517509 0.8475879999999734 10
1749841527618 1.0825170000000526 11
1749841537776 1.1000430000000279 12
1749841548011 1.1115449999999782 13
