1752788950510 0.0 0
1752788960607 10.0 1
1752788970697 46.0 2
1752788980805 47.3 3
1752788990983 50.5 4
1752789001154 85.6 5
1752789011243 72.1 6
1752789021417 52.0 7
1752789031623 50.2 8
1752789041740 51.0 9
1752789051867 51.8 10
1752789061963 52.2 11
1752789072153 53.9 12
1752789082375 51.6 13
1752789092612 60.6 14
1752789102786 58.3 15
1752789113076 57.6 16
1752789123356 53.0 17
1752789133455 60.3 18
1752789143578 55.7 19
1752789153668 51.0 20
1752789163853 60.3 21
1752789174080 58.6 22
1752789184392 59.8 23
1752789194524 54.9 24
1752789204642 58.6 25
1752789214930 53.7 26
1752789225033 58.8 27
1752789235127 58.7 28
1752789245247 52.0 29
1752789255432 53.5 30
1752789265635 52.4 31
1752789275862 53.8 32
1752789286089 54.1 33
1752789296269 56.2 34
1752789306479 56.0 35
1752789316624 52.5 36
1752789326742 50.8 37
1752789336903 51.1 38
1752789347244 54.2 39
1752789357363 52.1 40
1752789367507 60.1 41
1752789377671 55.4 42
1752789387772 29.5 43
1752789398095 37.8 44
1752789408288 53.7 45
1752789418530 50.9 46
1752789428662 54.1 47
1752789438837 49.8 48
1752789449002 52.7 49
1752789459155 52.4 50
1752789469323 54.0 51
1752789479454 51.4 52
1752789489713 54.3 53
1752789499927 53.3 54
1752789510118 52.2 55
1752789520345 54.0 56
1752789530469 52.9 57
1752789540697 53.1 58
1752789550926 59.9 59
1752789561184 59.0 60
1752789571322 57.1 61
1752789581549 53.4 62
1752789591744 52.4 63
1752789602068 60.7 64
1752789612300 55.3 65
1752789622520 54.6 66
1752789632646 52.4 67
1752789642939 53.0 68
1752789653254 54.5 69
1752789663385 52.2 70
1752789673540 56.0 71
1752789683833 52.3 72
1752789693936 55.9 73
1752789704153 57.4 74
1752789714246 54.3 75
1752789724448 54.3 76
1752789734667 56.2 77
1752789744808 63.2 78
1752789755000 55.0 79
1752789765290 55.2 80
1752789775540 54.1 81
1752789785726 52.9 82
1752789795861 55.1 83
1752789805975 53.3 84
1752789816199 53.8 85
1752789826319 53.0 86
1752789836494 21.8 87
1752789846785 44.4 88
1752789856916 52.9 89
1752789867183 50.8 90
1752789877300 55.6 91
1752789887490 57.4 92
1752789897625 54.4 93
1752789907826 46.8 94
1752789918002 38.4 95
1752789928097 37.1 96
1752789938224 37.0 97
1752789948438 37.8 98
1752789958689 36.7 99
1752789968864 36.9 100
1752789978994 37.2 101
1752789989084 38.6 102
1752789999189 36.6 103
1752790009368 42.8 104
1752790019582 36.0 105
1752790029827 36.0 106
1752790039969 36.5 107
1752790050165 36.4 108
1752790060347 36.7 109
1752790070624 38.4 110
1752790080969 35.5 111
1752790091177 37.8 112
1752790101432 35.6 113
1752790111546 37.9 114
1752790121923 35.9 115
1752790132057 36.4 116
1752790142194 36.1 117
1752790152300 38.0 118
1752790162565 35.7 119
1752790172821 36.1 120
1752790183062 36.8 121
1752790193167 37.3 122
1752790203329 39.7 123
1752790213496 36.3 124
1752790223735 34.6 125
1752790233968 34.3 126
1752790244185 35.8 127
1752790254316 35.6 128
1752790264418 20.9 129
1752790274514 24.2 130
1752790284757 34.3 131
1752790294987 40.8 132
1752790305231 36.0 133
1752790315528 36.0 134
1752790325662 36.9 135
1752790335826 35.4 136
1752790345953 34.7 137
1752790356151 33.3 138
1752790366367 39.2 139
1752790376656 57.4 140
1752790386771 40.0 141
1752790396875 36.3 142
1752790407056 34.4 143
1752790417190 36.0 144
1752790427320 36.6 145
1752790437689 33.1 146
1752790447940 36.6 147
1752790458210 34.7 148
1752790468386 35.4 149
1752790478655 33.2 150
1752790488969 37.0 151
1752790499122 43.5 152
1752790509230 43.8 153
1752790519393 37.5 154
1752790529562 34.8 155
1752790539730 36.1 156
1752790550099 37.1 157
1752790560258 36.3 158
1752790570490 35.6 159
1752790580718 50.9 160
1752790590865 50.7 161
1752790600963 33.6 162
1752790611199 35.1 163
1752790622870 51.5 164
1752790634900 47.6 165
1752790646143 24.2 166
1752790657966 51.2 167
1752790669548 33.8 168
1752790681307 25.6 169
1752790692351 31.1 170
1752790703107 16.6 171
1752790714513 19.0 172
1752790726653 19.8 173
1752790738509 27.2 174
1752790749913 19.2 175
1752790761300 21.5 176
1752790772164 19.4 177
1752790783202 17.7 178
1752790793390 23.5 179
1752790803477 45.3 180
1752790813752 37.8 181
1752790825151 45.4 182
1752790835389 52.1 183
1752790846755 24.2 184
1752790857364 24.1 185
1752790869133 19.6 186
1752790883330 17.6 187
1752790894136 18.5 188
1752790905320 16.9 189
1752790916932 15.9 190
1752790927785 16.5 191
1752790939968 15.9 192
1752790950661 15.9 193
1752790962026 16.9 194
1752790973703 17.9 195
1752790984776 16.9 196
1752790995507 17.7 197
1752791006412 16.0 198
1752791018399 16.2 199
1752791030871 16.1 200
1752791042571 16.0 201
1752791054324 16.9 202
1752791065695 16.4 203
1752791077790 16.0 204
1752791088794 16.2 205
1752791099894 17.3 206
1752791110558 16.2 207
1752791122602 16.7 208
1752791134049 16.2 209
1752791145179 17.1 210
1752791156677 17.0 211
1752791168902 20.5 212
1752791179498 18.7 213
1752791190591 16.4 214
1752791202157 19.2 215
1752791212752 19.6 216
1752791224444 18.4 217
1752791234961 17.5 218
1752791247085 20.3 219
1752791258572 19.5 220
1752791269176 16.2 221
1752791280215 16.1 222
1752791292229 15.6 223
1752791303631 18.2 224
1752791314208 17.3 225
1752791325735 20.7 226
1752791336388 21.3 227
1752791347329 18.5 228
1752791359708 21.6 229
1752791371161 18.2 230
1752791382270 17.2 231
1752791393846 17.6 232
1752791406476 20.7 233
1752791418385 17.9 234
1752791429941 18.7 235
1752791440911 23.1 236
1752791453785 28.2 237
1752791465809 18.3 238
1752791477299 20.4 239
1752791490223 21.8 240
1752791501306 20.5 241
1752791512503 16.9 242
1752791524131 18.5 243
1752791535716 17.4 244
1752791547502 15.7 245
1752791558611 16.0 246
1752791569969 15.5 247
1752791582410 16.0 248
1752791593093 20.7 249
1752791603658 19.7 250
1752791615023 18.7 251
1752791625744 19.6 252
1752791636018 19.7 253
1752846240453 34.2 254
1752846250773 0.0 255
1752846261162 74.6 256
1752846271508 75.0 257
1752846281714 81.5 258
1752846291882 70.8 259
1752846302173 53.2 260
1752846312325 53.4 261
1752846322438 52.0 262
1752846332577 66.2 263
1752846342869 64.4 264
1752846353058 78.3 265
1752846363212 79.1 266
1752846373382 84.2 267
1752846383576 78.0 268
1752846393762 61.8 269
1752846403934 54.8 270
1752846414159 55.4 271
1752846424301 62.2 272
1752846434405 54.2 273
1752846444597 52.8 274
1752846454765 63.7 275
1752846464939 58.9 276
1752846475098 61.8 277
1752846485218 56.3 278
1752846495427 55.2 279
1752846505699 60.4 280
