1752788950510 762065.8 0
1752788960607 762064.9 1
1752788970697 762064.8 2
1752788980805 762064.8 3
1752788990983 762064.8 4
1752789001154 762064.4 5
1752789011243 762064.0 6
1752789021417 762064.0 7
1752789031623 762064.0 8
1752789041740 762064.0 9
1752789051867 762064.0 10
1752789061963 762064.0 11
1752789072153 762063.3 12
1752789082375 762063.2 13
1752789092612 762063.2 14
1752789102786 762062.8 15
1752789113076 762062.8 16
1752789123356 762062.7 17
1752789133455 762062.5 18
1752789143578 762062.4 19
1752789153668 762061.0 20
1752789163853 762060.8 21
1752789174080 762060.5 22
1752789184392 762060.4 23
1752789194524 762060.4 24
1752789204642 762061.5 25
1752789214930 762061.3 26
1752789225033 762061.1 27
1752789235127 762060.9 28
1752789245247 762060.7 29
1752789255432 762060.6 30
1752789265635 762060.6 31
1752789275862 762060.6 32
1752789286089 762060.4 33
1752789296269 762060.4 34
1752789306479 762060.3 35
1752789316624 762060.3 36
1752789326742 762060.1 37
1752789336903 762059.9 38
1752789347244 762059.8 39
1752789357363 762059.7 40
1752789367507 762059.6 41
1752789377671 762059.8 42
1752789387772 762059.8 43
1752789398095 762059.6 44
1752789408288 762059.6 45
1752789418530 762059.6 46
1752789428662 762059.5 47
1752789438837 762059.5 48
1752789449002 762059.4 49
1752789459155 762059.3 50
1752789469323 762059.3 51
1752789479454 762059.1 52
1752789489713 762059.1 53
1752789499927 762058.9 54
1752789510118 762058.9 55
1752789520345 762058.7 56
1752789530469 762058.6 57
1752789540697 762058.6 58
1752789550926 762058.5 59
1752789561184 762058.5 60
1752789571322 762058.4 61
1752789581549 762058.4 62
1752789591744 762058.0 63
1752789602068 762057.8 64
1752789612300 762057.6 65
1752789622520 762057.6 66
1752789632646 762057.5 67
1752789642939 762057.4 68
1752789653254 762057.3 69
1752789663385 762057.2 70
1752789673540 762057.0 71
1752789683833 762056.8 72
1752789693936 762057.0 73
1752789704153 762057.0 74
1752789714246 762057.0 75
1752789724448 762057.0 76
1752789734667 762056.8 77
1752789744808 762058.2 78
1752789755000 762058.1 79
1752789765290 762058.0 80
1752789775540 762057.9 81
1752789785726 762057.7 82
1752789795861 762057.7 83
1752789805975 762057.6 84
1752789816199 762057.7 85
1752789826319 762057.5 86
1752789836494 762057.5 87
1752789846785 762057.4 88
1752789856916 762057.2 89
1752789867183 762056.9 90
1752789877300 762056.9 91
1752789887490 762057.0 92
1752789897625 762056.6 93
1752789907826 762056.6 94
1752789918002 762056.4 95
1752789928097 762055.6 96
1752789938224 762055.5 97
1752789948438 762055.6 98
1752789958689 762055.4 99
1752789968864 762055.4 100
1752789978994 762055.3 101
1752789989084 762055.2 102
1752789999189 762055.3 103
1752790009368 762055.1 104
1752790019582 762054.9 105
1752790029827 762054.8 106
1752790039969 762054.7 107
1752790050165 762054.6 108
1752790060347 762054.4 109
1752790070624 762054.4 110
1752790080969 762054.4 111
1752790091177 762054.3 112
1752790101432 762054.1 113
1752790111546 762054.1 114
1752790121923 762054.0 115
1752790132057 762053.9 116
1752790142194 762053.8 117
1752790152300 762053.8 118
1752790162565 762053.8 119
1752790172821 762053.6 120
1752790183062 762053.6 121
1752790193167 762053.6 122
1752790203329 762053.3 123
1752790213496 762053.0 124
1752790223735 762052.8 125
1752790233968 762052.8 126
1752790244185 762052.8 127
1752790254316 762052.8 128
1752790264418 762052.6 129
1752790274514 762052.5 130
1752790284757 762052.5 131
1752790294987 762051.8 132
1752790305231 762051.9 133
1752790315528 762051.7 134
1752790325662 762051.5 135
1752790335826 762051.5 136
1752790345953 762051.4 137
1752790356151 762051.4 138
1752790366367 762051.3 139
1752790376656 762048.7 140
1752790386771 762048.4 141
1752790396875 762049.4 142
1752790407056 762049.3 143
1752790417190 762049.3 144
1752790427320 762049.4 145
1752790437689 762049.5 146
1752790447940 762049.5 147
1752790458210 762049.5 148
1752790468386 762049.5 149
1752790478655 762049.5 150
1752790488969 762047.9 151
1752790499122 762048.0 152
1752790509230 762048.0 153
1752790519393 762048.0 154
1752790529562 762048.0 155
1752790539730 762047.9 156
1752790550099 762047.7 157
1752790560258 762047.4 158
1752790570490 762047.3 159
1752790580718 762046.7 160
1752790590865 762045.3 161
1752790600963 762045.3 162
1752790611199 762045.4 163
1752790622870 762044.9 164
1752790634900 762045.9 165
1752790646143 762057.2 166
1752790657966 762061.8 167
1752790669548 762056.2 168
1752790681307 762054.1 169
1752790692351 762050.0 170
1752790703107 762049.9 171
1752790714513 762049.9 172
1752790726653 762049.9 173
1752790738509 762048.3 174
1752790749913 762048.2 175
1752790761300 762046.0 176
1752790772164 762043.2 177
1752790783202 762043.3 178
1752790793390 762047.6 179
1752790803477 762047.8 180
1752790813752 762047.8 181
1752790825151 762048.0 182
1752790835389 762059.3 183
1752790846755 762057.7 184
1752790857364 762055.5 185
1752790869133 762055.7 186
1752790883330 762055.1 187
1752790894136 762054.9 188
1752790905320 762054.8 189
1752790916932 762054.9 190
1752790927785 762054.7 191
1752790939968 762054.2 192
1752790950661 762054.0 193
1752790962026 762054.0 194
1752790973703 762054.0 195
1752790984776 762053.9 196
1752790995507 762053.9 197
1752791006412 762053.9 198
1752791018399 762053.8 199
1752791030871 762053.7 200
1752791042571 762053.7 201
1752791054324 762053.7 202
1752791065695 762053.7 203
1752791077790 762053.8 204
1752791088794 762053.7 205
1752791099894 762053.6 206
1752791110558 762053.6 207
1752791122602 762053.6 208
1752791134049 762053.6 209
1752791145179 762053.5 210
1752791156677 762053.4 211
1752791168902 762053.2 212
1752791179498 762049.9 213
1752791190591 762050.0 214
1752791202157 762051.1 215
1752791212752 762051.1 216
1752791224444 762051.3 217
1752791234961 762051.3 218
1752791247085 762051.2 219
1752791258572 762051.3 220
1752791269176 762051.1 221
1752791280215 762051.2 222
1752791292229 762051.1 223
1752791303631 762051.0 224
1752791314208 762051.0 225
1752791325735 762044.4 226
1752791336388 762044.9 227
1752791347329 762042.6 228
1752791359708 762022.0 229
1752791371161 762022.0 230
1752791382270 762022.2 231
1752791393846 762022.2 232
1752791406476 762026.3 233
1752791418385 762026.3 234
1752791429941 762026.3 235
1752791440911 762026.2 236
1752791453785 762025.9 237
1752791465809 762026.0 238
1752791477299 762025.8 239
1752791490223 762025.8 240
1752791501306 762025.9 241
1752791512503 762025.9 242
1752791524131 762025.8 243
1752791535716 762025.7 244
1752791547502 762025.7 245
1752791558611 762025.7 246
1752791569969 762025.8 247
1752791582410 762025.6 248
1752791593093 762025.4 249
1752791603658 762025.5 250
1752791615023 762025.5 251
1752791625744 762025.5 252
1752791636018 762025.6 253
1752846240453 762024.8 254
1752846250773 762019.2 255
1752846261162 761629.7 256
1752846271508 761592.1 257
1752846281714 760294.2 258
1752846291882 761987.3 259
1752846302173 761988.6 260
1752846312325 761988.1 261
1752846322438 761987.8 262
1752846332577 761987.8 263
1752846342869 761987.7 264
1752846353058 761968.9 265
1752846363212 761306.9 266
1752846373382 760710.6 267
1752846383576 760708.7 268
1752846393762 761277.9 269
1752846403934 761348.4 270
1752846414159 761347.9 271
1752846424301 761952.4 272
1752846434405 761960.7 273
1752846444597 761980.1 274
1752846454765 761979.7 275
1752846464939 761979.7 276
1752846475098 761979.0 277
1752846485218 761978.5 278
1752846495427 761976.3 279
1752846505699 761855.1 280
