1752788950510 25.5 0
1752788960607 25.5 1
1752788970697 25.5 2
1752788980805 25.5 3
1752788990983 25.5 4
1752789001154 25.5 5
1752789011243 25.5 6
1752789021417 25.5 7
1752789031623 25.5 8
1752789041740 25.5 9
1752789051867 25.5 10
1752789061963 25.5 11
1752789072153 25.5 12
1752789082375 25.5 13
1752789092612 25.5 14
1752789102786 25.5 15
1752789113076 25.5 16
1752789123356 25.5 17
1752789133455 25.5 18
1752789143578 25.5 19
1752789153668 25.5 20
1752789163853 25.5 21
1752789174080 25.5 22
1752789184392 25.5 23
1752789194524 25.5 24
1752789204642 25.5 25
1752789214930 25.5 26
1752789225033 25.5 27
1752789235127 25.5 28
1752789245247 25.5 29
1752789255432 25.5 30
1752789265635 25.5 31
1752789275862 25.5 32
1752789286089 25.5 33
1752789296269 25.5 34
1752789306479 25.5 35
1752789316624 25.5 36
1752789326742 25.5 37
1752789336903 25.5 38
1752789347244 25.5 39
1752789357363 25.5 40
1752789367507 25.5 41
1752789377671 25.5 42
1752789387772 25.5 43
1752789398095 25.5 44
1752789408288 25.5 45
1752789418530 25.5 46
1752789428662 25.5 47
1752789438837 25.5 48
1752789449002 25.5 49
1752789459155 25.5 50
1752789469323 25.5 51
1752789479454 25.5 52
1752789489713 25.5 53
1752789499927 25.5 54
1752789510118 25.5 55
1752789520345 25.5 56
1752789530469 25.5 57
1752789540697 25.5 58
1752789550926 25.5 59
1752789561184 25.5 60
1752789571322 25.5 61
1752789581549 25.5 62
1752789591744 25.5 63
1752789602068 25.5 64
1752789612300 25.5 65
1752789622520 25.5 66
1752789632646 25.5 67
1752789642939 25.5 68
1752789653254 25.5 69
1752789663385 25.5 70
1752789673540 25.5 71
1752789683833 25.5 72
1752789693936 25.5 73
1752789704153 25.5 74
1752789714246 25.5 75
1752789724448 25.5 76
1752789734667 25.5 77
1752789744808 25.5 78
1752789755000 25.5 79
1752789765290 25.5 80
1752789775540 25.5 81
1752789785726 25.5 82
1752789795861 25.5 83
1752789805975 25.5 84
1752789816199 25.5 85
1752789826319 25.5 86
1752789836494 25.5 87
1752789846785 25.5 88
1752789856916 25.5 89
1752789867183 25.5 90
1752789877300 25.5 91
1752789887490 25.5 92
1752789897625 25.5 93
1752789907826 25.5 94
1752789918002 25.5 95
1752789928097 25.5 96
1752789938224 25.5 97
1752789948438 25.5 98
1752789958689 25.5 99
1752789968864 25.5 100
1752789978994 25.5 101
1752789989084 25.5 102
1752789999189 25.5 103
1752790009368 25.5 104
1752790019582 25.5 105
1752790029827 25.5 106
1752790039969 25.5 107
1752790050165 25.5 108
1752790060347 25.5 109
1752790070624 25.5 110
1752790080969 25.5 111
1752790091177 25.5 112
1752790101432 25.5 113
1752790111546 25.5 114
1752790121923 25.5 115
1752790132057 25.5 116
1752790142194 25.5 117
1752790152300 25.5 118
1752790162565 25.5 119
1752790172821 25.5 120
1752790183062 25.5 121
1752790193167 25.5 122
1752790203329 25.5 123
1752790213496 25.5 124
1752790223735 25.5 125
1752790233968 25.5 126
1752790244185 25.5 127
1752790254316 25.5 128
1752790264418 25.5 129
1752790274514 25.5 130
1752790284757 25.5 131
1752790294987 25.5 132
1752790305231 25.5 133
1752790315528 25.5 134
1752790325662 25.5 135
1752790335826 25.5 136
1752790345953 25.5 137
1752790356151 25.5 138
1752790366367 25.5 139
1752790376656 25.5 140
1752790386771 25.5 141
1752790396875 25.5 142
1752790407056 25.5 143
1752790417190 25.5 144
1752790427320 25.5 145
1752790437689 25.5 146
1752790447940 25.5 147
1752790458210 25.5 148
1752790468386 25.5 149
1752790478655 25.5 150
1752790488969 25.5 151
1752790499122 25.5 152
1752790509230 25.5 153
1752790519393 25.5 154
1752790529562 25.5 155
1752790539730 25.5 156
1752790550099 25.5 157
1752790560258 25.5 158
1752790570490 25.5 159
1752790580718 25.5 160
1752790590865 25.5 161
1752790600963 25.5 162
1752790611199 25.5 163
1752790622870 25.5 164
1752790634900 25.5 165
1752790646143 25.5 166
1752790657966 25.5 167
1752790669548 25.5 168
1752790681307 25.5 169
1752790692351 25.5 170
1752790703107 25.5 171
1752790714513 25.5 172
1752790726653 25.5 173
1752790738509 25.5 174
1752790749913 25.5 175
1752790761300 25.5 176
1752790772164 25.5 177
1752790783202 25.5 178
1752790793390 25.5 179
1752790803477 25.5 180
1752790813752 25.5 181
1752790825151 25.5 182
1752790835389 25.5 183
1752790846755 25.5 184
1752790857364 25.5 185
1752790869133 25.5 186
1752790883330 25.5 187
1752790894136 25.5 188
1752790905320 25.5 189
1752790916932 25.5 190
1752790927785 25.5 191
1752790939968 25.5 192
1752790950661 25.5 193
1752790962026 25.5 194
1752790973703 25.5 195
1752790984776 25.5 196
1752790995507 25.5 197
1752791006412 25.5 198
1752791018399 25.5 199
1752791030871 25.5 200
1752791042571 25.5 201
1752791054324 25.5 202
1752791065695 25.5 203
1752791077790 25.5 204
1752791088794 25.5 205
1752791099894 25.5 206
1752791110558 25.5 207
1752791122602 25.5 208
1752791134049 25.5 209
1752791145179 25.5 210
1752791156677 25.5 211
1752791168902 25.5 212
1752791179498 25.5 213
1752791190591 25.5 214
1752791202157 25.5 215
1752791212752 25.5 216
1752791224444 25.5 217
1752791234961 25.5 218
1752791247085 25.5 219
1752791258572 25.5 220
1752791269176 25.5 221
1752791280215 25.5 222
1752791292229 25.5 223
1752791303631 25.5 224
1752791314208 25.5 225
1752791325735 25.5 226
1752791336388 25.5 227
1752791347329 25.5 228
1752791359708 25.5 229
1752791371161 25.5 230
1752791382270 25.5 231
1752791393846 25.5 232
1752791406476 25.5 233
1752791418385 25.5 234
1752791429941 25.5 235
1752791440911 25.5 236
1752791453785 25.5 237
1752791465809 25.5 238
1752791477299 25.5 239
1752791490223 25.5 240
1752791501306 25.5 241
1752791512503 25.5 242
1752791524131 25.5 243
1752791535716 25.5 244
1752791547502 25.5 245
1752791558611 25.5 246
1752791569969 25.5 247
1752791582410 25.5 248
1752791593093 25.5 249
1752791603658 25.5 250
1752791615023 25.5 251
1752791625744 25.5 252
1752791636018 25.5 253
1752846240453 25.5 254
1752846250773 25.5 255
1752846261162 25.6 256
1752846271508 25.6 257
1752846281714 25.7 258
1752846291882 25.5 259
1752846302173 25.5 260
1752846312325 25.5 261
1752846322438 25.5 262
1752846332577 25.5 263
1752846342869 25.5 264
1752846353058 25.5 265
1752846363212 25.6 266
1752846373382 25.7 267
1752846383576 25.7 268
1752846393762 25.6 269
1752846403934 25.6 270
1752846414159 25.6 271
1752846424301 25.5 272
1752846434405 25.5 273
1752846444597 25.5 274
1752846454765 25.5 275
1752846464939 25.5 276
1752846475098 25.5 277
1752846485218 25.5 278
1752846495427 25.5 279
1752846505699 25.6 280
