1752788950510 261327.8 0
1752788960607 261328.8 1
1752788970697 261328.8 2
1752788980805 261328.9 3
1752788990983 261328.9 4
1752789001154 261329.2 5
1752789011243 261329.6 6
1752789021417 261329.6 7
1752789031623 261329.6 8
1752789041740 261329.6 9
1752789051867 261329.6 10
1752789061963 261329.7 11
1752789072153 261330.3 12
1752789082375 261330.4 13
1752789092612 261330.4 14
1752789102786 261330.8 15
1752789113076 261330.8 16
1752789123356 261330.9 17
1752789133455 261331.1 18
1752789143578 261331.3 19
1752789153668 261332.6 20
1752789163853 261332.9 21
1752789174080 261333.1 22
1752789184392 261333.2 23
1752789194524 261333.2 24
1752789204642 261332.1 25
1752789214930 261332.3 26
1752789225033 261332.5 27
1752789235127 261332.7 28
1752789245247 261332.9 29
1752789255432 261333.0 30
1752789265635 261333.0 31
1752789275862 261333.0 32
1752789286089 261333.2 33
1752789296269 261333.2 34
1752789306479 261333.4 35
1752789316624 261333.3 36
1752789326742 261333.6 37
1752789336903 261333.7 38
1752789347244 261333.8 39
1752789357363 261333.9 40
1752789367507 261334.0 41
1752789377671 261333.9 42
1752789387772 261333.9 43
1752789398095 261334.0 44
1752789408288 261334.0 45
1752789418530 261334.0 46
1752789428662 261334.2 47
1752789438837 261334.2 48
1752789449002 261334.2 49
1752789459155 261334.4 50
1752789469323 261334.4 51
1752789479454 261334.5 52
1752789489713 261334.5 53
1752789499927 261334.8 54
1752789510118 261334.8 55
1752789520345 261334.9 56
1752789530469 261335.0 57
1752789540697 261335.0 58
1752789550926 261335.1 59
1752789561184 261335.1 60
1752789571322 261335.3 61
1752789581549 261335.3 62
1752789591744 261335.6 63
1752789602068 261335.8 64
1752789612300 261336.1 65
1752789622520 261336.1 66
1752789632646 261336.1 67
1752789642939 261336.2 68
1752789653254 261336.3 69
1752789663385 261336.5 70
1752789673540 261336.6 71
1752789683833 261336.8 72
1752789693936 261336.6 73
1752789704153 261336.6 74
1752789714246 261336.7 75
1752789724448 261336.7 76
1752789734667 261336.9 77
1752789744808 261335.4 78
1752789755000 261335.5 79
1752789765290 261335.6 80
1752789775540 261335.7 81
1752789785726 261335.9 82
1752789795861 261335.9 83
1752789805975 261336.0 84
1752789816199 261336.0 85
1752789826319 261336.2 86
1752789836494 261336.2 87
1752789846785 261336.3 88
1752789856916 261336.5 89
1752789867183 261336.7 90
1752789877300 261336.7 91
1752789887490 261336.7 92
1752789897625 261337.0 93
1752789907826 261337.1 94
1752789918002 261337.3 95
1752789928097 261338.1 96
1752789938224 261338.1 97
1752789948438 261338.1 98
1752789958689 261338.2 99
1752789968864 261338.3 100
1752789978994 261338.4 101
1752789989084 261338.5 102
1752789999189 261338.3 103
1752790009368 261338.5 104
1752790019582 261338.7 105
1752790029827 261338.9 106
1752790039969 261338.9 107
1752790050165 261339.1 108
1752790060347 261339.2 109
1752790070624 261339.3 110
1752790080969 261339.3 111
1752790091177 261339.3 112
1752790101432 261339.5 113
1752790111546 261339.5 114
1752790121923 261339.7 115
1752790132057 261339.7 116
1752790142194 261339.8 117
1752790152300 261339.8 118
1752790162565 261339.9 119
1752790172821 261340.1 120
1752790183062 261340.0 121
1752790193167 261340.1 122
1752790203329 261340.3 123
1752790213496 261340.6 124
1752790223735 261340.8 125
1752790233968 261340.8 126
1752790244185 261340.9 127
1752790254316 261340.9 128
1752790264418 261341.0 129
1752790274514 261341.1 130
1752790284757 261341.1 131
1752790294987 261341.8 132
1752790305231 261341.8 133
1752790315528 261342.0 134
1752790325662 261342.1 135
1752790335826 261342.2 136
1752790345953 261342.2 137
1752790356151 261342.2 138
1752790366367 261342.3 139
1752790376656 261344.9 140
1752790386771 261345.2 141
1752790396875 261344.2 142
1752790407056 261344.4 143
1752790417190 261344.4 144
1752790427320 261344.2 145
1752790437689 261344.1 146
1752790447940 261344.1 147
1752790458210 261344.1 148
1752790468386 261344.1 149
1752790478655 261344.1 150
1752790488969 261345.7 151
1752790499122 261345.6 152
1752790509230 261345.6 153
1752790519393 261345.6 154
1752790529562 261345.6 155
1752790539730 261345.7 156
1752790550099 261345.9 157
1752790560258 261346.2 158
1752790570490 261346.3 159
1752790580718 261346.9 160
1752790590865 261348.4 161
1752790600963 261348.4 162
1752790611199 261348.2 163
1752790622870 261348.7 164
1752790634900 261347.7 165
1752790646143 261336.4 166
1752790657966 261331.8 167
1752790669548 261337.4 168
1752790681307 261339.5 169
1752790692351 261343.6 170
1752790703107 261343.7 171
1752790714513 261343.7 172
1752790726653 261343.7 173
1752790738509 261345.3 174
1752790749913 261345.4 175
1752790761300 261347.6 176
1752790772164 261350.4 177
1752790783202 261350.3 178
1752790793390 261346.0 179
1752790803477 261345.8 180
1752790813752 261345.9 181
1752790825151 261345.6 182
1752790835389 261334.3 183
1752790846755 261335.9 184
1752790857364 261338.1 185
1752790869133 261338.0 186
1752790883330 261338.5 187
1752790894136 261338.7 188
1752790905320 261338.8 189
1752790916932 261338.7 190
1752790927785 261339.0 191
1752790939968 261339.4 192
1752790950661 261339.7 193
1752790962026 261339.7 194
1752790973703 261339.6 195
1752790984776 261339.8 196
1752790995507 261339.8 197
1752791006412 261339.7 198
1752791018399 261339.8 199
1752791030871 261339.9 200
1752791042571 261339.9 201
1752791054324 261339.9 202
1752791065695 261339.9 203
1752791077790 261339.9 204
1752791088794 261339.9 205
1752791099894 261340.0 206
1752791110558 261340.0 207
1752791122602 261340.1 208
1752791134049 261340.1 209
1752791145179 261340.1 210
1752791156677 261340.3 211
1752791168902 261340.4 212
1752791179498 261343.8 213
1752791190591 261343.6 214
1752791202157 261342.5 215
1752791212752 261342.5 216
1752791224444 261342.4 217
1752791234961 261342.4 218
1752791247085 261342.4 219
1752791258572 261342.4 220
1752791269176 261342.5 221
1752791280215 261342.4 222
1752791292229 261342.5 223
1752791303631 261342.6 224
1752791314208 261342.6 225
1752791325735 261349.2 226
1752791336388 261348.7 227
1752791347329 261351.0 228
1752791359708 261371.7 229
1752791371161 261371.6 230
1752791382270 261371.4 231
1752791393846 261371.5 232
1752791406476 261367.3 233
1752791418385 261367.3 234
1752791429941 261367.3 235
1752791440911 261367.4 236
1752791453785 261367.7 237
1752791465809 261367.6 238
1752791477299 261367.8 239
1752791490223 261367.8 240
1752791501306 261367.8 241
1752791512503 261367.8 242
1752791524131 261367.9 243
1752791535716 261367.9 244
1752791547502 261367.9 245
1752791558611 261367.9 246
1752791569969 261367.8 247
1752791582410 261368.0 248
1752791593093 261368.2 249
1752791603658 261368.1 250
1752791615023 261368.1 251
1752791625744 261368.1 252
1752791636018 261368.0 253
1752846240453 261368.8 254
1752846250773 261374.4 255
1752846261162 261764.0 256
1752846271508 261801.6 257
1752846281714 263099.4 258
1752846291882 261406.4 259
1752846302173 261405.0 260
1752846312325 261405.5 261
1752846322438 261405.8 262
1752846332577 261405.9 263
1752846342869 261405.9 264
1752846353058 261424.7 265
1752846363212 262086.8 266
1752846373382 262683.0 267
1752846383576 262684.9 268
1752846393762 262115.7 269
1752846403934 262045.2 270
1752846414159 262045.7 271
1752846424301 261441.2 272
1752846434405 261432.9 273
1752846444597 261413.6 274
1752846454765 261413.9 275
1752846464939 261413.9 276
1752846475098 261414.7 277
1752846485218 261415.1 278
1752846495427 261417.3 279
1752846505699 261538.5 280
