1752788950510 0.0 0
1752788960607 0.008544000000028973 1
1752788970697 0.14501500000005763 2
1752788980805 0.15047500000002856 3
1752788990983 0.18556100000000697 4
1752789001154 0.24373700000001008 5
1752789011243 0.27561600000001363 6
1752789021417 0.2823190000000295 7
1752789031623 0.28972700000008444 8
1752789041740 0.30846100000007937 9
1752789051867 0.33901700000001256 10
1752789061963 0.3688360000001012 11
1752789072153 0.40917000000001735 12
1752789082375 0.4441070000000309 13
1752789092612 0.49664400000006026 14
1752789102786 0.6804740000000038 15
1752789113076 0.7275480000000698 16
1752789123356 0.8663340000000517 17
1752789133455 0.8737320000000182 18
1752789143578 1.0284720000000789 19
1752789153668 1.0286480000000893 20
1752789163853 1.0286480000000893 21
1752789174080 1.0286480000000893 22
1752789184392 1.0286480000000893 23
1752789194524 1.0286480000000893 24
1752789204642 1.0286480000000893 25
1752789214930 1.0286480000000893 26
1752789225033 1.0286480000000893 27
1752789235127 1.0286480000000893 28
1752789245247 1.0286480000000893 29
1752789255432 1.0286480000000893 30
1752789265635 1.0286480000000893 31
1752789275862 1.0286480000000893 32
1752789286089 1.0286480000000893 33
1752789296269 1.0286480000000893 34
1752789306479 1.0286480000000893 35
1752789316624 1.0286480000000893 36
1752789326742 1.0286480000000893 37
1752789336903 1.0286480000000893 38
1752789347244 1.0286480000000893 39
1752789357363 1.0286480000000893 40
1752789367507 1.0286480000000893 41
1752789377671 1.0286480000000893 42
1752789387772 1.0286480000000893 43
1752789398095 1.0286480000000893 44
1752789408288 1.0286480000000893 45
1752789418530 1.0286480000000893 46
1752789428662 1.0286480000000893 47
1752789438837 1.0286480000000893 48
1752789449002 1.0286480000000893 49
1752789459155 1.0286480000000893 50
1752789469323 1.0286480000000893 51
1752789479454 1.0286480000000893 52
1752789489713 1.0286480000000893 53
1752789499927 1.0286480000000893 54
1752789510118 1.0286480000000893 55
1752789520345 1.0286480000000893 56
1752789530469 1.0286480000000893 57
1752789540697 1.0286480000000893 58
1752789550926 1.0286480000000893 59
1752789561184 1.0286480000000893 60
1752789571322 1.0286480000000893 61
1752789581549 1.0286480000000893 62
1752789591744 1.0286480000000893 63
1752789602068 1.0286480000000893 64
1752789612300 1.0286480000000893 65
1752789622520 1.0286480000000893 66
1752789632646 1.0286480000000893 67
1752789642939 1.0286480000000893 68
1752789653254 1.0286480000000893 69
1752789663385 1.0286480000000893 70
1752789673540 1.0286480000000893 71
1752789683833 1.0286480000000893 72
1752789693936 1.0286480000000893 73
1752789704153 1.0286480000000893 74
1752789714246 1.0286480000000893 75
1752789724448 1.0286480000000893 76
1752789734667 1.0286480000000893 77
1752789744808 1.0286480000000893 78
1752789755000 1.0286480000000893 79
1752789765290 1.0286480000000893 80
1752789775540 1.0286480000000893 81
1752789785726 1.0286480000000893 82
1752789795861 1.0286480000000893 83
1752789805975 1.0286480000000893 84
1752789816199 1.0286480000000893 85
1752789826319 1.0286480000000893 86
1752789836494 1.0286480000000893 87
1752789846785 1.0286480000000893 88
1752789856916 1.0286480000000893 89
1752789867183 1.0286480000000893 90
1752789877300 1.0286480000000893 91
1752789887490 1.0286480000000893 92
1752789897625 1.0286480000000893 93
1752789907826 1.0286480000000893 94
1752789918002 1.0286480000000893 95
1752789928097 1.0286480000000893 96
1752789938224 1.0286480000000893 97
1752789948438 1.0286480000000893 98
1752789958689 1.0286480000000893 99
1752789968864 1.0286480000000893 100
1752789978994 1.0286480000000893 101
1752789989084 1.0286480000000893 102
1752789999189 1.0286480000000893 103
1752790009368 1.0286480000000893 104
1752790019582 1.0286480000000893 105
1752790029827 1.0286480000000893 106
1752790039969 1.0286480000000893 107
1752790050165 1.0286480000000893 108
1752790060347 1.0286480000000893 109
1752790070624 1.0286480000000893 110
1752790080969 1.0286480000000893 111
1752790091177 1.0286480000000893 112
1752790101432 1.0286480000000893 113
1752790111546 1.0286480000000893 114
1752790121923 1.0286480000000893 115
1752790132057 1.0286480000000893 116
1752790142194 1.0286480000000893 117
1752790152300 1.0286480000000893 118
1752790162565 1.0286480000000893 119
1752790172821 1.0286480000000893 120
1752790183062 1.0286480000000893 121
1752790193167 1.0286480000000893 122
1752790203329 1.0286480000000893 123
1752790213496 1.0286480000000893 124
1752790223735 1.0286480000000893 125
1752790233968 1.0286480000000893 126
1752790244185 1.0286480000000893 127
1752790254316 1.0286480000000893 128
1752790264418 1.0286480000000893 129
1752790274514 1.0286480000000893 130
1752790284757 1.0286480000000893 131
1752790294987 1.0286480000000893 132
1752790305231 1.0286480000000893 133
1752790315528 1.0286480000000893 134
1752790325662 1.0286480000000893 135
1752790335826 1.0286480000000893 136
1752790345953 1.0286480000000893 137
1752790356151 1.0286480000000893 138
1752790366367 1.030157000000031 139
1752790376656 1.9411530000000994 140
1752790386771 2.0334750000000668 141
1752790396875 2.069413000000054 142
1752790407056 2.0838040000001 143
1752790417190 2.0956180000000586 144
1752790427320 2.330925000000093 145
1752790437689 2.358216000000084 146
1752790447940 2.377796000000103 147
1752790458210 2.387943000000064 148
1752790468386 2.407474000000093 149
1752790478655 2.411444000000074 150
1752790488969 2.523661000000061 151
1752790499122 3.653784000000087 152
1752790509230 3.686663000000067 153
1752790519393 3.7976200000000517 154
1752790529562 3.8326510000000553 155
1752790539730 3.9257780000000366 156
1752790550099 3.96707600000002 157
1752790560258 4.045209 158
1752790570490 4.0651280000000725 159
1752790580718 4.414681000000087 160
1752790590865 4.555822000000035 161
1752790600963 4.584552000000031 162
1752790611199 4.598478 163
1752790622870 4.854587000000038 164
1752790634900 6.1796220000001085 165
1752790646143 6.23106800000005 166
1752790657966 6.345271000000025 167
1752790669548 10.041777000000025 168
1752790681307 14.13119000000006 169
1752790692351 19.540249000000017 170
1752790703107 19.70458700000006 171
1752790714513 19.71806300000003 172
1752790726653 19.732281000000057 173
1752790738509 24.46754700000008 174
1752790749913 24.497068000000013 175
1752790761300 25.533267000000023 176
1752790772164 25.951638000000003 177
1752790783202 25.97059700000011 178
1752790793390 26.026317000000063 179
1752790803477 26.054930000000013 180
1752790813752 26.086535000000026 181
1752790825151 26.16767900000002 182
1752790835389 26.840916000000107 183
1752790846755 27.051110000000108 184
1752790857364 31.157824000000005 185
1752790869133 31.204826000000025 186
1752790883330 31.584561000000008 187
1752790894136 31.87683100000004 188
1752790905320 31.91096600000003 189
1752790916932 31.92758600000002 190
1752790927785 32.0068 191
1752790939968 32.02825500000006 192
1752790950661 32.0650260000001 193
1752790962026 32.08185400000002 194
1752790973703 32.12550900000008 195
1752790984776 32.146469000000025 196
1752790995507 32.18058800000006 197
1752791006412 32.209477000000106 198
1752791018399 32.22736300000008 199
1752791030871 32.24920000000009 200
1752791042571 32.26127100000008 201
1752791054324 32.27975500000002 202
1752791065695 32.31813900000009 203
1752791077790 32.333187000000066 204
1752791088794 32.37297600000011 205
1752791099894 32.39138300000002 206
1752791110558 32.40092600000003 207
1752791122602 32.43022200000007 208
1752791134049 32.4419170000001 209
1752791145179 32.46113500000001 210
1752791156677 32.488013000000024 211
1752791168902 32.78436700000009 212
1752791179498 33.596843000000035 213
1752791190591 33.65771700000005 214
1752791202157 34.84487300000001 215
1752791212752 34.93477100000007 216
1752791224444 35.06535300000007 217
1752791234961 35.08271100000002 218
1752791247085 35.11175500000002 219
1752791258572 35.17184200000008 220
1752791269176 35.19351100000006 221
1752791280215 35.22990800000002 222
1752791292229 35.247915000000035 223
1752791303631 35.29367500000001 224
1752791314208 35.34085700000003 225
1752791325735 35.45257200000003 226
1752791336388 35.51619500000004 227
1752791347329 35.581169000000045 228
1752791359708 35.628851000000054 229
1752791371161 35.67443500000002 230
1752791382270 35.6899370000001 231
1752791393846 35.72963000000004 232
1752791406476 35.7770690000001 233
1752791418385 36.00788200000011 234
1752791429941 36.08587200000011 235
1752791440911 36.19650100000001 236
1752791453785 36.953677000000084 237
1752791465809 36.97908200000006 238
1752791477299 37.007895000000076 239
1752791490223 37.11519700000008 240
1752791501306 37.24188700000002 241
1752791512503 37.259532000000036 242
1752791524131 37.362460000000056 243
1752791535716 37.40695200000005 244
1752791547502 37.42604300000005 245
1752791558611 37.448904000000084 246
1752791569969 37.474500000000035 247
1752791582410 37.517257000000086 248
1752791593093 37.6129820000001 249
1752791603658 37.633984000000055 250
1752791615023 37.77944100000002 251
1752791625744 37.841723 252
1752791636018 37.904296000000045 253
1752846240453 37.94179600000007 254
1752846250773 44.656609 255
1752846261162 182.1046510000001 256
1752846271508 184.20007099999998 257
1752846281714 186.2995820000001 258
1752846291882 186.98679700000002 259
1752846302173 187.39348300000006 260
1752846312325 187.61737300000004 261
1752846322438 187.76482499999997 262
1752846332577 187.86064899999997 263
1752846342869 188.01015400000006 264
1752846353058 204.90124000000014 265
1752846363212 205.14886 266
1752846373382 210.08538900000008 267
1752846383576 210.22658 268
1752846393762 210.6392350000001 269
1752846403934 210.70303400000012 270
1752846414159 210.90688999999998 271
1752846424301 211.08725700000014 272
1752846434405 211.26710500000013 273
1752846444597 211.44156199999998 274
1752846454765 211.57297700000004 275
1752846464939 211.60456999999997 276
1752846475098 211.80681300000015 277
1752846485218 212.4193110000001 278
1752846495427 213.61263899999994 279
1752846505699 223.64005700000007 280
