1752788950510 0.0 0
1752788960607 0.01090199999998731 1
1752788970697 0.1266849999999522 2
1752788980805 0.13224000000002434 3
1752788990983 0.19785699999999906 4
1752789001154 0.2581430000000182 5
1752789011243 0.28888900000004014 6
1752789021417 0.30245000000002165 7
1752789031623 0.3080519999999751 8
1752789041740 0.3212469999999712 9
1752789051867 0.35959300000001804 10
1752789061963 0.3903249999999616 11
1752789072153 0.4200990000000502 12
1752789082375 0.4465490000000045 13
1752789092612 0.49223700000004555 14
1752789102786 0.6087660000000596 15
1752789113076 0.6493269999999711 16
1752789123356 0.7238869999999906 17
1752789133455 0.7315150000000585 18
1752789143578 0.8390329999999722 19
1752789153668 0.8622850000000426 20
1752789163853 0.8622850000000426 21
1752789174080 0.8622850000000426 22
1752789184392 0.8622850000000426 23
1752789194524 0.8622850000000426 24
1752789204642 0.8622850000000426 25
1752789214930 0.8622850000000426 26
1752789225033 0.8622850000000426 27
1752789235127 0.8622850000000426 28
1752789245247 0.8622850000000426 29
1752789255432 0.8622850000000426 30
1752789265635 0.8622850000000426 31
1752789275862 0.8622850000000426 32
1752789286089 0.8622850000000426 33
1752789296269 0.8622850000000426 34
1752789306479 0.8622850000000426 35
1752789316624 0.8622850000000426 36
1752789326742 0.8622850000000426 37
1752789336903 0.8622850000000426 38
1752789347244 0.8622850000000426 39
1752789357363 0.8622850000000426 40
1752789367507 0.8622850000000426 41
1752789377671 0.8622850000000426 42
1752789387772 0.8622850000000426 43
1752789398095 0.8622850000000426 44
1752789408288 0.8622850000000426 45
1752789418530 0.8622850000000426 46
1752789428662 0.8622850000000426 47
1752789438837 0.8622850000000426 48
1752789449002 0.8622850000000426 49
1752789459155 0.8622850000000426 50
1752789469323 0.8622850000000426 51
1752789479454 0.8622850000000426 52
1752789489713 0.8622850000000426 53
1752789499927 0.8622850000000426 54
1752789510118 0.8622850000000426 55
1752789520345 0.8622850000000426 56
1752789530469 0.8622850000000426 57
1752789540697 0.8622850000000426 58
1752789550926 0.8622850000000426 59
1752789561184 0.8622850000000426 60
1752789571322 0.8622850000000426 61
1752789581549 0.8622850000000426 62
1752789591744 0.8622850000000426 63
1752789602068 0.8622850000000426 64
1752789612300 0.8622850000000426 65
1752789622520 0.8622850000000426 66
1752789632646 0.8622850000000426 67
1752789642939 0.8622850000000426 68
1752789653254 0.8622850000000426 69
1752789663385 0.8622850000000426 70
1752789673540 0.8622850000000426 71
1752789683833 0.8622850000000426 72
1752789693936 0.8622850000000426 73
1752789704153 0.8622850000000426 74
1752789714246 0.8622850000000426 75
1752789724448 0.8622850000000426 76
1752789734667 0.8622850000000426 77
1752789744808 0.8622850000000426 78
1752789755000 0.8622850000000426 79
1752789765290 0.8622850000000426 80
1752789775540 0.8622850000000426 81
1752789785726 0.8622850000000426 82
1752789795861 0.8622850000000426 83
1752789805975 0.8622850000000426 84
1752789816199 0.8622850000000426 85
1752789826319 0.8622850000000426 86
1752789836494 0.8622850000000426 87
1752789846785 0.8622850000000426 88
1752789856916 0.8622850000000426 89
1752789867183 0.8622850000000426 90
1752789877300 0.8622850000000426 91
1752789887490 0.8622850000000426 92
1752789897625 0.8622850000000426 93
1752789907826 0.8622850000000426 94
1752789918002 0.8622850000000426 95
1752789928097 0.8622850000000426 96
1752789938224 0.8622850000000426 97
1752789948438 0.8622850000000426 98
1752789958689 0.8622850000000426 99
1752789968864 0.8622850000000426 100
1752789978994 0.8622850000000426 101
1752789989084 0.8622850000000426 102
1752789999189 0.8622850000000426 103
1752790009368 0.8622850000000426 104
1752790019582 0.8622850000000426 105
1752790029827 0.8622850000000426 106
1752790039969 0.8622850000000426 107
1752790050165 0.8622850000000426 108
1752790060347 0.8622850000000426 109
1752790070624 0.8622850000000426 110
1752790080969 0.8622850000000426 111
1752790091177 0.8622850000000426 112
1752790101432 0.8622850000000426 113
1752790111546 0.8622850000000426 114
1752790121923 0.8622850000000426 115
1752790132057 0.8622850000000426 116
1752790142194 0.8622850000000426 117
1752790152300 0.8622850000000426 118
1752790162565 0.8622850000000426 119
1752790172821 0.8622850000000426 120
1752790183062 0.8622850000000426 121
1752790193167 0.8622850000000426 122
1752790203329 0.8622850000000426 123
1752790213496 0.8622850000000426 124
1752790223735 0.8622850000000426 125
1752790233968 0.8622850000000426 126
1752790244185 0.8622850000000426 127
1752790254316 0.8622850000000426 128
1752790264418 0.8622850000000426 129
1752790274514 0.8622850000000426 130
1752790284757 0.8622850000000426 131
1752790294987 0.8622850000000426 132
1752790305231 0.8622850000000426 133
1752790315528 0.8622850000000426 134
1752790325662 0.8622850000000426 135
1752790335826 0.8622850000000426 136
1752790345953 0.8622850000000426 137
1752790356151 0.8622850000000426 138
1752790366367 0.8669519999999693 139
1752790376656 1.3989090000000033 140
1752790386771 1.4849550000000136 141
1752790396875 1.5145230000000538 142
1752790407056 1.526540999999952 143
1752790417190 1.5433729999999741 144
1752790427320 1.6243550000000369 145
1752790437689 1.645212000000015 146
1752790447940 1.6583560000000261 147
1752790458210 1.6628709999999955 148
1752790468386 1.679273999999964 149
1752790478655 1.681416000000013 150
1752790488969 2.107201000000032 151
1752790499122 2.227577999999994 152
1752790509230 2.265926000000036 153
1752790519393 2.372955000000047 154
1752790529562 2.4034900000000334 155
1752790539730 2.4577900000000454 156
1752790550099 2.500256000000036 157
1752790560258 2.576379999999972 158
1752790570490 2.5876739999999927 159
1752790580718 2.683379000000059 160
1752790590865 2.7354420000000346 161
1752790600963 2.760575000000017 162
1752790611199 2.773278000000005 163
1752790622870 2.9130179999999655 164
1752790634900 3.0588760000000548 165
1752790646143 3.113742000000002 166
1752790657966 3.189512000000036 167
1752790669548 3.7324989999999616 168
1752790681307 4.028339999999957 169
1752790692351 5.020453999999972 170
1752790703107 5.064129999999977 171
1752790714513 5.077946999999995 172
1752790726653 5.085060999999996 173
1752790738509 5.370767999999998 174
1752790749913 5.3985589999999775 175
1752790761300 5.461516999999958 176
1752790772164 5.522895000000062 177
1752790783202 5.540108000000032 178
1752790793390 5.611156000000051 179
1752790803477 5.630663000000027 180
1752790813752 5.658903000000009 181
1752790825151 5.785613000000012 182
1752790835389 6.062942000000021 183
1752790846755 6.222072000000026 184
1752790857364 6.956532000000038 185
1752790869133 6.98580400000003 186
1752790883330 7.0285350000000335 187
1752790894136 7.068173999999999 188
1752790905320 7.091869999999972 189
1752790916932 7.10750500000006 190
1752790927785 7.118421000000012 191
1752790939968 7.126747000000023 192
1752790950661 7.1377370000000155 193
1752790962026 7.1484329999999545 194
1752790973703 7.203856999999971 195
1752790984776 7.214571999999976 196
1752790995507 7.2459199999999555 197
1752791006412 7.266132999999968 198
1752791018399 7.2774460000000545 199
1752791030871 7.291559000000007 200
1752791042571 7.297740999999974 201
1752791054324 7.306253999999967 202
1752791065695 7.335278000000017 203
1752791077790 7.342213000000015 204
1752791088794 7.385098999999968 205
1752791099894 7.401986999999963 206
1752791110558 7.403877999999963 207
1752791122602 7.433219000000008 208
1752791134049 7.439145000000053 209
1752791145179 7.449498000000062 210
1752791156677 7.474754999999959 211
1752791168902 7.51906299999996 212
1752791179498 7.6718929999999546 213
1752791190591 7.7020650000000614 214
1752791202157 7.816763000000037 215
1752791212752 7.8698289999999815 216
1752791224444 7.88417400000003 217
1752791234961 7.894159000000059 218
1752791247085 7.911625999999956 219
1752791258572 7.955495000000042 220
1752791269176 7.964750999999978 221
1752791280215 7.9878459999999905 222
1752791292229 8.005212000000029 223
1752791303631 8.039241000000061 224
1752791314208 8.062223000000017 225
1752791325735 8.129582000000028 226
1752791336388 8.18264499999998 227
1752791347329 8.256272999999965 228
1752791359708 8.327478000000042 229
1752791371161 8.344167999999968 230
1752791382270 8.354224000000045 231
1752791393846 8.399948999999992 232
1752791406476 8.59950600000002 233
1752791418385 8.61915799999997 234
1752791429941 8.695479999999975 235
1752791440911 8.741219000000001 236
1752791453785 8.845512999999983 237
1752791465809 8.917462 238
1752791477299 9.243849999999952 239
1752791490223 9.461129000000028 240
1752791501306 9.49816199999998 241
1752791512503 9.51686200000006 242
1752791524131 9.563427000000047 243
1752791535716 9.611422000000061 244
1752791547502 9.629252000000065 245
1752791558611 9.645975000000021 246
1752791569969 9.669954999999959 247
1752791582410 9.708966000000032 248
1752791593093 9.75184200000001 249
1752791603658 9.764365999999995 250
1752791615023 9.821589000000017 251
1752791625744 9.842472000000043 252
1752791636018 9.889828999999963 253
1752846240453 9.961918999999966 254
1752846250773 11.075774000000024 255
1752846261162 11.915539999999964 256
1752846271508 12.771223999999961 257
1752846281714 13.572273999999993 258
1752846291882 14.154862999999978 259
1752846302173 14.365454 260
1752846312325 14.47488999999996 261
1752846322438 14.563603000000057 262
1752846332577 14.663997999999992 263
1752846342869 14.716276999999991 264
1752846353058 15.717675999999983 265
1752846363212 16.834212999999977 266
1752846373382 17.111924000000045 267
1752846383576 17.23830899999996 268
1752846393762 17.47274900000002 269
1752846403934 17.57705999999996 270
1752846414159 17.666769000000045 271
1752846424301 17.827405 272
1752846434405 17.96017800000004 273
1752846444597 18.223541999999952 274
1752846454765 18.43734500000005 275
1752846464939 18.48021300000005 276
1752846475098 18.63540499999999 277
1752846485218 18.82544800000005 278
1752846495427 19.20362 279
1752846505699 19.341364 280
