1752788950510 74.5 0
1752788960607 75.7 1
1752788970697 75.8 2
1752788980805 76.9 3
1752788990983 77.7 4
1752789001154 80.0 5
1752789011243 78.1 6
1752789021417 79.2 7
1752789031623 78.4 8
1752789041740 78.2 9
1752789051867 77.5 10
1752789061963 77.5 11
1752789072153 78.7 12
1752789082375 77.9 13
1752789092612 77.9 14
1752789102786 76.3 15
1752789113076 76.5 16
1752789123356 76.3 17
1752789133455 76.1 18
1752789143578 76.8 19
1752789153668 76.1 20
1752789163853 77.0 21
1752789174080 77.4 22
1752789184392 78.0 23
1752789194524 77.5 24
1752789204642 78.4 25
1752789214930 77.6 26
1752789225033 75.9 27
1752789235127 75.9 28
1752789245247 75.4 29
1752789255432 76.4 30
1752789265635 75.5 31
1752789275862 75.1 32
1752789286089 76.1 33
1752789296269 75.0 34
1752789306479 75.6 35
1752789316624 75.0 36
1752789326742 75.5 37
1752789336903 75.2 38
1752789347244 74.9 39
1752789357363 75.3 40
1752789367507 76.5 41
1752789377671 75.6 42
1752789387772 75.0 43
1752789398095 76.0 44
1752789408288 75.3 45
1752789418530 76.4 46
1752789428662 75.6 47
1752789438837 75.0 48
1752789449002 75.6 49
1752789459155 75.8 50
1752789469323 75.6 51
1752789479454 75.2 52
1752789489713 75.7 53
1752789499927 75.3 54
1752789510118 75.1 55
1752789520345 75.7 56
1752789530469 75.3 57
1752789540697 76.5 58
1752789550926 75.7 59
1752789561184 75.9 60
1752789571322 75.4 61
1752789581549 75.9 62
1752789591744 75.4 63
1752789602068 75.9 64
1752789612300 75.5 65
1752789622520 76.6 66
1752789632646 75.5 67
1752789642939 74.8 68
1752789653254 75.7 69
1752789663385 75.4 70
1752789673540 76.0 71
1752789683833 75.4 72
1752789693936 75.6 73
1752789704153 75.5 74
1752789714246 74.4 75
1752789724448 75.5 76
1752789734667 74.5 77
1752789744808 75.0 78
1752789755000 75.7 79
1752789765290 74.5 80
1752789775540 74.9 81
1752789785726 74.5 82
1752789795861 75.6 83
1752789805975 74.6 84
1752789816199 75.6 85
1752789826319 74.5 86
1752789836494 74.3 87
1752789846785 74.9 88
1752789856916 75.2 89
1752789867183 74.5 90
1752789877300 75.1 91
1752789887490 76.0 92
1752789897625 75.3 93
1752789907826 74.8 94
1752789918002 74.9 95
1752789928097 75.6 96
1752789938224 74.2 97
1752789948438 74.3 98
1752789958689 74.5 99
1752789968864 74.6 100
1752789978994 74.9 101
1752789989084 75.0 102
1752789999189 75.6 103
1752790009368 75.9 104
1752790019582 75.0 105
1752790029827 74.6 106
1752790039969 75.7 107
1752790050165 75.0 108
1752790060347 74.9 109
1752790070624 75.0 110
1752790080969 75.0 111
1752790091177 75.0 112
1752790101432 74.7 113
1752790111546 74.9 114
1752790121923 74.9 115
1752790132057 74.7 116
1752790142194 75.0 117
1752790152300 75.0 118
1752790162565 74.9 119
1752790172821 74.6 120
1752790183062 74.5 121
1752790193167 74.6 122
1752790203329 75.7 123
1752790213496 74.6 124
1752790223735 74.9 125
1752790233968 74.4 126
1752790244185 74.6 127
1752790254316 75.0 128
1752790264418 74.3 129
1752790274514 74.9 130
1752790284757 74.6 131
1752790294987 75.6 132
1752790305231 75.1 133
1752790315528 75.2 134
1752790325662 75.2 135
1752790335826 75.0 136
1752790345953 74.8 137
1752790356151 76.0 138
1752790366367 75.1 139
1752790376656 76.0 140
1752790386771 76.2 141
1752790396875 77.5 142
1752790407056 76.7 143
1752790417190 76.2 144
1752790427320 76.5 145
1752790437689 76.2 146
1752790447940 76.3 147
1752790458210 76.1 148
1752790468386 76.2 149
1752790478655 76.2 150
1752790488969 76.1 151
1752790499122 76.3 152
1752790509230 75.6 153
1752790519393 75.9 154
1752790529562 75.5 155
1752790539730 76.0 156
1752790550099 76.5 157
1752790560258 76.5 158
1752790570490 76.8 159
1752790580718 80.3 160
1752790590865 78.8 161
1752790600963 78.2 162
1752790611199 79.2 163
1752790622870 78.7 164
1752790634900 79.2 165
1752790646143 77.8 166
1752790657966 77.0 167
1752790669548 77.4 168
1752790681307 78.9 169
1752790692351 78.1 170
1752790703107 77.8 171
1752790714513 77.1 172
1752790726653 77.3 173
1752790738509 78.0 174
1752790749913 77.1 175
1752790761300 77.6 176
1752790772164 78.6 177
1752790783202 77.0 178
1752790793390 75.3 179
1752790803477 75.6 180
1752790813752 76.4 181
1752790825151 76.6 182
1752790835389 75.9 183
1752790846755 75.7 184
1752790857364 76.7 185
1752790869133 76.3 186
1752790883330 76.7 187
1752790894136 76.0 188
1752790905320 75.4 189
1752790916932 75.4 190
1752790927785 75.1 191
1752790939968 75.2 192
1752790950661 74.8 193
1752790962026 75.9 194
1752790973703 75.3 195
1752790984776 75.0 196
1752790995507 74.8 197
1752791006412 75.9 198
1752791018399 75.0 199
1752791030871 75.0 200
1752791042571 74.9 201
1752791054324 75.0 202
1752791065695 74.9 203
1752791077790 74.9 204
1752791088794 74.6 205
1752791099894 74.7 206
1752791110558 75.7 207
1752791122602 75.1 208
1752791134049 74.7 209
1752791145179 74.7 210
1752791156677 74.5 211
1752791168902 75.1 212
1752791179498 74.7 213
1752791190591 75.5 214
1752791202157 75.0 215
1752791212752 74.4 216
1752791224444 75.6 217
1752791234961 74.6 218
1752791247085 74.8 219
1752791258572 74.5 220
1752791269176 74.4 221
1752791280215 73.8 222
1752791292229 74.7 223
1752791303631 74.8 224
1752791314208 74.7 225
1752791325735 76.2 226
1752791336388 75.4 227
1752791347329 76.7 228
1752791359708 75.4 229
1752791371161 75.2 230
1752791382270 74.9 231
1752791393846 74.8 232
1752791406476 75.5 233
1752791418385 75.8 234
1752791429941 76.6 235
1752791440911 75.9 236
1752791453785 76.7 237
1752791465809 76.1 238
1752791477299 76.9 239
1752791490223 76.1 240
1752791501306 75.6 241
1752791512503 75.4 242
1752791524131 75.2 243
1752791535716 74.4 244
1752791547502 73.8 245
1752791558611 73.3 246
1752791569969 74.1 247
1752791582410 73.3 248
1752791593093 73.5 249
1752791603658 73.1 250
1752791615023 72.5 251
1752791625744 73.5 252
1752791636018 73.4 253
1752846240453 74.1 254
1752846250773 82.9 255
1752846261162 84.3 256
1752846271508 82.4 257
1752846281714 86.5 258
1752846291882 81.7 259
1752846302173 80.8 260
1752846312325 80.5 261
1752846322438 80.5 262
1752846332577 83.5 263
1752846342869 81.9 264
1752846353058 83.1 265
1752846363212 83.7 266
1752846373382 84.4 267
1752846383576 86.0 268
1752846393762 84.4 269
1752846403934 81.8 270
1752846414159 81.3 271
1752846424301 81.4 272
1752846434405 82.1 273
1752846444597 81.7 274
1752846454765 81.7 275
1752846464939 81.3 276
1752846475098 78.9 277
1752846485218 79.0 278
1752846495427 80.2 279
1752846505699 80.7 280
