1752788950510 25346.4 0
1752788960607 25774.7 1
1752788970697 25790.9 2
1752788980805 26183.0 3
1752788990983 26456.8 4
1752789001154 27225.3 5
1752789011243 26587.2 6
1752789021417 26953.6 7
1752789031623 26673.3 8
1752789041740 26616.4 9
1752789051867 26385.0 10
1752789061963 26385.9 11
1752789072153 26769.9 12
1752789082375 26502.6 13
1752789092612 26516.6 14
1752789102786 25947.4 15
1752789113076 26048.9 16
1752789123356 25968.5 17
1752789133455 25892.4 18
1752789143578 26123.4 19
1752789153668 25911.0 20
1752789163853 26194.3 21
1752789174080 26339.6 22
1752789184392 26547.9 23
1752789194524 26366.2 24
1752789204642 26686.1 25
1752789214930 26390.8 26
1752789225033 25830.8 27
1752789235127 25821.2 28
1752789245247 25671.7 29
1752789255432 25986.9 30
1752789265635 25699.0 31
1752789275862 25557.4 32
1752789286089 25904.8 33
1752789296269 25536.0 34
1752789306479 25718.7 35
1752789316624 25537.9 36
1752789326742 25685.3 37
1752789336903 25596.0 38
1752789347244 25494.1 39
1752789357363 25626.4 40
1752789367507 26042.8 41
1752789377671 25719.5 42
1752789387772 25524.6 43
1752789398095 25863.2 44
1752789408288 25625.8 45
1752789418530 26013.6 46
1752789428662 25735.2 47
1752789438837 25510.6 48
1752789449002 25726.4 49
1752789459155 25793.7 50
1752789469323 25726.3 51
1752789479454 25579.8 52
1752789489713 25762.7 53
1752789499927 25613.8 54
1752789510118 25562.6 55
1752789520345 25754.5 56
1752789530469 25634.1 57
1752789540697 26016.7 58
1752789550926 25762.1 59
1752789561184 25820.8 60
1752789571322 25650.8 61
1752789581549 25816.5 62
1752789591744 25673.2 63
1752789602068 25818.4 64
1752789612300 25683.1 65
1752789622520 26056.4 66
1752789632646 25680.2 67
1752789642939 25458.9 68
1752789653254 25771.6 69
1752789663385 25658.2 70
1752789673540 25868.9 71
1752789683833 25649.8 72
1752789693936 25717.5 73
1752789704153 25693.6 74
1752789714246 25316.1 75
1752789724448 25701.4 76
1752789734667 25344.3 77
1752789744808 25536.5 78
1752789755000 25752.7 79
1752789765290 25349.9 80
1752789775540 25474.4 81
1752789785726 25356.8 82
1752789795861 25741.4 83
1752789805975 25384.7 84
1752789816199 25733.0 85
1752789826319 25358.4 86
1752789836494 25267.5 87
1752789846785 25474.0 88
1752789856916 25579.8 89
1752789867183 25338.1 90
1752789877300 25546.1 91
1752789887490 25874.3 92
1752789897625 25607.9 93
1752789907826 25459.3 94
1752789918002 25502.5 95
1752789928097 25737.2 96
1752789938224 25245.3 97
1752789948438 25274.1 98
1752789958689 25359.2 99
1752789968864 25401.4 100
1752789978994 25489.5 101
1752789989084 25522.9 102
1752789999189 25728.7 103
1752790009368 25814.5 104
1752790019582 25510.9 105
1752790029827 25372.9 106
1752790039969 25762.8 107
1752790050165 25518.1 108
1752790060347 25493.4 109
1752790070624 25515.4 110
1752790080969 25515.5 111
1752790091177 25532.9 112
1752790101432 25430.2 113
1752790111546 25502.5 114
1752790121923 25494.3 115
1752790132057 25408.9 116
1752790142194 25537.6 117
1752790152300 25512.7 118
1752790162565 25489.8 119
1752790172821 25394.3 120
1752790183062 25353.6 121
1752790193167 25388.1 122
1752790203329 25751.1 123
1752790213496 25388.6 124
1752790223735 25479.2 125
1752790233968 25330.1 126
1752790244185 25389.7 127
1752790254316 25515.5 128
1752790264418 25273.9 129
1752790274514 25480.4 130
1752790284757 25384.9 131
1752790294987 25718.7 132
1752790305231 25559.6 133
1752790315528 25581.4 134
1752790325662 25587.3 135
1752790335826 25528.2 136
1752790345953 25460.0 137
1752790356151 25853.7 138
1752790366367 25539.7 139
1752790376656 25874.8 140
1752790386771 25946.7 141
1752790396875 26379.8 142
1752790407056 26103.2 143
1752790417190 25946.0 144
1752790427320 26015.5 145
1752790437689 25929.6 146
1752790447940 25970.5 147
1752790458210 25904.4 148
1752790468386 25934.4 149
1752790478655 25914.1 150
1752790488969 25908.5 151
1752790499122 25963.1 152
1752790509230 25729.8 153
1752790519393 25822.7 154
1752790529562 25705.8 155
1752790539730 25859.7 156
1752790550099 26019.3 157
1752790560258 26045.6 158
1752790570490 26122.0 159
1752790580718 27321.1 160
1752790590865 26819.3 161
1752790600963 26601.3 162
1752790611199 26946.6 163
1752790622870 26781.1 164
1752790634900 26965.2 165
1752790646143 26475.6 166
1752790657966 26211.7 167
1752790669548 26345.7 168
1752790681307 26850.4 169
1752790692351 26578.8 170
1752790703107 26467.6 171
1752790714513 26225.9 172
1752790726653 26317.0 173
1752790738509 26538.2 174
1752790749913 26241.5 175
1752790761300 26416.9 176
1752790772164 26731.1 177
1752790783202 26198.6 178
1752790793390 25610.6 179
1752790803477 25739.9 180
1752790813752 25981.9 181
1752790825151 26051.4 182
1752790835389 25828.3 183
1752790846755 25773.0 184
1752790857364 26109.4 185
1752790869133 25958.3 186
1752790883330 26098.3 187
1752790894136 25872.5 188
1752790905320 25665.7 189
1752790916932 25674.3 190
1752790927785 25567.4 191
1752790939968 25573.9 192
1752790950661 25466.9 193
1752790962026 25814.4 194
1752790973703 25639.6 195
1752790984776 25522.0 196
1752790995507 25463.7 197
1752791006412 25838.8 198
1752791018399 25518.9 199
1752791030871 25512.1 200
1752791042571 25500.5 201
1752791054324 25517.7 202
1752791065695 25501.2 203
1752791077790 25487.0 204
1752791088794 25395.4 205
1752791099894 25423.1 206
1752791110558 25773.7 207
1752791122602 25562.7 208
1752791134049 25422.4 209
1752791145179 25414.8 210
1752791156677 25362.2 211
1752791168902 25554.1 212
1752791179498 25418.1 213
1752791190591 25699.9 214
1752791202157 25535.5 215
1752791212752 25322.8 216
1752791224444 25727.7 217
1752791234961 25397.2 218
1752791247085 25445.0 219
1752791258572 25344.1 220
1752791269176 25325.8 221
1752791280215 25112.5 222
1752791292229 25417.7 223
1752791303631 25460.3 224
1752791314208 25408.5 225
1752791325735 25937.8 226
1752791336388 25648.1 227
1752791347329 26090.3 228
1752791359708 25670.6 229
1752791371161 25603.8 230
1752791382270 25485.5 231
1752791393846 25465.7 232
1752791406476 25681.5 233
1752791418385 25777.7 234
1752791429941 26059.0 235
1752791440911 25816.5 236
1752791453785 26091.2 237
1752791465809 25897.2 238
1752791477299 26171.4 239
1752791490223 25889.5 240
1752791501306 25712.9 241
1752791512503 25647.9 242
1752791524131 25580.3 243
1752791535716 25313.7 244
1752791547502 25125.3 245
1752791558611 24929.7 246
1752791569969 25217.7 247
1752791582410 24942.2 248
1752791593093 25026.6 249
1752791603658 24891.1 250
1752791615023 24678.3 251
1752791625744 25016.4 252
1752791636018 24984.7 253
1752846240453 25222.1 254
1752846250773 28221.8 255
1752846261162 28688.9 256
1752846271508 28049.8 257
1752846281714 29449.0 258
1752846291882 27806.8 259
1752846302173 27491.4 260
1752846312325 27377.3 261
1752846322438 27408.4 262
1752846332577 28422.1 263
1752846342869 27883.2 264
1752846353058 28283.5 265
1752846363212 28492.8 266
1752846373382 28734.0 267
1752846383576 29269.0 268
1752846393762 28718.9 269
1752846403934 27836.5 270
1752846414159 27660.4 271
1752846424301 27689.6 272
1752846434405 27924.9 273
1752846444597 27793.9 274
1752846454765 27791.9 275
1752846464939 27663.0 276
1752846475098 26839.2 277
1752846485218 26889.3 278
1752846495427 27293.1 279
1752846505699 27447.2 280
