1752240601459 0.0 0
1752240611562 0.029405000000004122 1
1752240621695 0.041820999999998776 2
1752240632582 0.05031900000000178 3
1752240644668 0.0814760000000021 4
1752240655501 0.15208700000000164 5
1752240666381 0.16918199999999928 6
1752240678405 0.19649900000000287 7
1752240691018 0.2110449999999986 8
1752240702610 0.2146410000000003 9
1752240713953 0.232364000000004 10
1752240724907 0.26467300000000193 11
1752240735476 0.2747590000000031 12
1752240746634 0.2912120000000016 13
1752240756892 0.49502100000000127 14
1752240766991 0.549348000000002 15
1752240777149 0.630664000000003 16
