1752240601459 0.0 0
1752240611562 0.0116509999999721 1
1752240621695 0.02353699999997616 2
1752240632582 0.028332999999975073 3
1752240644668 0.11071899999996049 4
1752240655501 0.14391699999998764 5
1752240666381 0.1707010000000082 6
1752240678405 0.19510399999995798 7
1752240691018 0.2668429999999944 8
1752240702610 0.2702199999999948 9
1752240713953 0.3022439999999733 10
1752240724907 0.33166999999997415 11
1752240735476 0.33950999999996156 12
1752240746634 0.3696820000000116 13
1752240756892 0.3999849999999583 14
1752240766991 0.4302619999999706 15
1752240777149 0.4531079999999861 16
