1752553769845 0.0 0
1752553779956 21.0 1
1752553790049 54.8 2
1752553800241 53.5 3
1752553810359 54.5 4
1752553820471 42.4 5
1752553830663 56.4 6
1752553840835 55.4 7
1752553851085 54.5 8
1752553861177 53.6 9
1752553871306 53.3 10
1752553881457 54.6 11
1752553891644 54.2 12
1752553901830 58.4 13
1752553911943 56.0 14
1752553922212 55.4 15
1752553932456 54.9 16
1752553942621 53.9 17
1752553952706 53.8 18
1752553962849 53.5 19
1752553973065 53.8 20
1752553983222 53.9 21
1752553993388 55.0 22
1752554003627 55.1 23
1752554013802 56.2 24
1752554023886 54.1 25
1752554034003 54.2 26
1752554044552 56.6 27
1752554054634 50.8 28
1752554064767 43.2 29
1752554074877 54.2 30
1752554085050 57.1 31
1752554095150 58.2 32
1752554105248 55.5 33
1752554115369 54.3 34
1752554125602 55.7 35
1752554135697 56.5 36
1752554145871 52.6 37
1752554156079 54.2 38
1752554166198 47.2 39
1752554176373 46.5 40
1752554186527 54.7 41
1752554196609 54.2 42
1752554206772 55.2 43
1752554216989 55.7 44
1752554227123 54.4 45
1752554237236 54.1 46
1752554247325 54.3 47
1752554257424 53.7 48
1752554267563 55.3 49
1752554277682 56.7 50
1752554287877 57.1 51
1752554298008 56.0 52
1752554308103 54.3 53
1752554318285 53.7 54
1752554328387 55.4 55
1752554338608 46.7 56
1752554348754 47.9 57
1752554358934 54.3 58
1752554369068 55.4 59
1752554379284 54.1 60
1752554389433 54.6 61
1752554399551 52.7 62
1752554409822 39.5 63
1752554420014 52.6 64
1752554430180 55.0 65
1752554440296 54.5 66
1752554450485 54.5 67
1752554460664 55.8 68
1752554470795 59.1 69
1752554480896 48.9 70
1752554490994 49.5 71
1752554501253 56.1 72
1752554511477 59.7 73
1752554521626 62.8 74
1752554531820 60.7 75
1752554542009 53.6 76
1752554552175 54.5 77
1752554562256 53.3 78
1752554572359 46.1 79
1752554582456 48.8 80
1752554592647 54.6 81
1752554602771 54.8 82
1752554612906 54.3 83
1752554623019 53.2 84
1752554633208 54.4 85
1752554643300 54.5 86
1752554653560 58.3 87
1752554663666 55.7 88
1752554673828 53.5 89
1752554683969 55.4 90
1752554694124 54.1 91
1752554704449 54.0 92
