1752553769845 763749.6 0
1752553779956 763748.7 1
1752553790049 763748.6 2
1752553800241 763748.8 3
1752553810359 763748.8 4
1752553820471 763749.8 5
1752553830663 763748.2 6
1752553840835 763748.2 7
1752553851085 763748.1 8
1752553861177 763748.1 9
1752553871306 763748.1 10
1752553881457 763748.0 11
1752553891644 763748.0 12
1752553901830 763748.0 13
1752553911943 763748.0 14
1752553922212 763748.0 15
1752553932456 763747.9 16
1752553942621 763747.9 17
1752553952706 763747.8 18
1752553962849 763747.9 19
1752553973065 763747.9 20
1752553983222 763747.9 21
1752553993388 763747.9 22
1752554003627 763747.9 23
1752554013802 763747.6 24
1752554023886 763747.6 25
1752554034003 763747.6 26
1752554044552 763747.6 27
1752554054634 763747.6 28
1752554064767 763747.6 29
1752554074877 763747.4 30
1752554085050 763750.5 31
1752554095150 763750.5 32
1752554105248 763750.6 33
1752554115369 763750.6 34
1752554125602 763750.4 35
1752554135697 763750.4 36
1752554145871 763750.4 37
1752554156079 763750.3 38
1752554166198 763750.3 39
1752554176373 763750.3 40
1752554186527 763750.3 41
1752554196609 763750.2 42
1752554206772 763750.2 43
1752554216989 763750.2 44
1752554227123 763750.0 45
1752554237236 763750.0 46
1752554247325 763750.0 47
1752554257424 763750.0 48
1752554267563 763749.9 49
1752554277682 763749.9 50
1752554287877 763749.8 51
1752554298008 763750.0 52
1752554308103 763749.9 53
1752554318285 763749.9 54
1752554328387 763749.9 55
1752554338608 763749.8 56
1752554348754 763749.8 57
1752554358934 763749.8 58
1752554369068 763749.8 59
1752554379284 763749.8 60
1752554389433 763749.8 61
1752554399551 763749.6 62
1752554409822 763749.6 63
1752554420014 763749.6 64
1752554430180 763749.6 65
1752554440296 763749.6 66
1752554450485 763749.5 67
1752554460664 763749.5 68
1752554470795 763749.4 69
1752554480896 763749.5 70
1752554490994 763749.5 71
1752554501253 763749.5 72
1752554511477 763710.8 73
1752554521626 763491.0 74
1752554531820 763471.3 75
1752554542009 763471.4 76
1752554552175 763471.3 77
1752554562256 763471.3 78
1752554572359 763471.3 79
1752554582456 763471.3 80
1752554592647 763471.3 81
1752554602771 763471.3 82
1752554612906 763471.3 83
1752554623019 763471.1 84
1752554633208 763471.1 85
1752554643300 763471.1 86
1752554653560 763471.1 87
1752554663666 763471.1 88
1752554673828 763470.9 89
1752554683969 763470.9 90
1752554694124 763470.8 91
1752554704449 763470.8 92
