1752553769845 259644.0 0
1752553779956 259644.9 1
1752553790049 259645.0 2
1752553800241 259644.8 3
1752553810359 259644.8 4
1752553820471 259643.8 5
1752553830663 259645.4 6
1752553840835 259645.5 7
1752553851085 259645.5 8
1752553861177 259645.5 9
1752553871306 259645.5 10
1752553881457 259645.6 11
1752553891644 259645.6 12
1752553901830 259645.7 13
1752553911943 259645.6 14
1752553922212 259645.6 15
1752553932456 259645.7 16
1752553942621 259645.7 17
1752553952706 259645.9 18
1752553962849 259645.7 19
1752553973065 259645.7 20
1752553983222 259645.8 21
1752553993388 259645.8 22
1752554003627 259645.8 23
1752554013802 259646.0 24
1752554023886 259646.0 25
1752554034003 259646.0 26
1752554044552 259646.0 27
1752554054634 259646.0 28
1752554064767 259646.1 29
1752554074877 259646.3 30
1752554085050 259643.1 31
1752554095150 259643.1 32
1752554105248 259643.1 33
1752554115369 259643.1 34
1752554125602 259643.3 35
1752554135697 259643.3 36
1752554145871 259643.3 37
1752554156079 259643.3 38
1752554166198 259643.3 39
1752554176373 259643.4 40
1752554186527 259643.3 41
1752554196609 259643.4 42
1752554206772 259643.4 43
1752554216989 259643.4 44
1752554227123 259643.6 45
1752554237236 259643.6 46
1752554247325 259643.6 47
1752554257424 259643.6 48
1752554267563 259643.7 49
1752554277682 259643.7 50
1752554287877 259643.8 51
1752554298008 259643.7 52
1752554308103 259643.7 53
1752554318285 259643.7 54
1752554328387 259643.7 55
1752554338608 259643.8 56
1752554348754 259643.9 57
1752554358934 259643.8 58
1752554369068 259643.8 59
1752554379284 259643.8 60
1752554389433 259643.8 61
1752554399551 259644.0 62
1752554409822 259644.0 63
1752554420014 259644.0 64
1752554430180 259644.0 65
1752554440296 259644.0 66
1752554450485 259644.1 67
1752554460664 259644.2 68
1752554470795 259644.2 69
1752554480896 259644.1 70
1752554490994 259644.1 71
1752554501253 259644.1 72
1752554511477 259682.8 73
1752554521626 259902.6 74
1752554531820 259922.3 75
1752554542009 259922.2 76
1752554552175 259922.3 77
1752554562256 259922.3 78
1752554572359 259922.4 79
1752554582456 259922.4 80
1752554592647 259922.4 81
1752554602771 259922.4 82
1752554612906 259922.3 83
1752554623019 259922.5 84
1752554633208 259922.5 85
1752554643300 259922.5 86
1752554653560 259922.5 87
1752554663666 259922.6 88
1752554673828 259922.8 89
1752554683969 259922.7 90
1752554694124 259922.8 91
1752554704449 259922.8 92
