1752553769845 25.4 0
1752553779956 25.4 1
1752553790049 25.4 2
1752553800241 25.4 3
1752553810359 25.4 4
1752553820471 25.4 5
1752553830663 25.4 6
1752553840835 25.4 7
1752553851085 25.4 8
1752553861177 25.4 9
1752553871306 25.4 10
1752553881457 25.4 11
1752553891644 25.4 12
1752553901830 25.4 13
1752553911943 25.4 14
1752553922212 25.4 15
1752553932456 25.4 16
1752553942621 25.4 17
1752553952706 25.4 18
1752553962849 25.4 19
1752553973065 25.4 20
1752553983222 25.4 21
1752553993388 25.4 22
1752554003627 25.4 23
1752554013802 25.4 24
1752554023886 25.4 25
1752554034003 25.4 26
1752554044552 25.4 27
1752554054634 25.4 28
1752554064767 25.4 29
1752554074877 25.4 30
1752554085050 25.4 31
1752554095150 25.4 32
1752554105248 25.4 33
1752554115369 25.4 34
1752554125602 25.4 35
1752554135697 25.4 36
1752554145871 25.4 37
1752554156079 25.4 38
1752554166198 25.4 39
1752554176373 25.4 40
1752554186527 25.4 41
1752554196609 25.4 42
1752554206772 25.4 43
1752554216989 25.4 44
1752554227123 25.4 45
1752554237236 25.4 46
1752554247325 25.4 47
1752554257424 25.4 48
1752554267563 25.4 49
1752554277682 25.4 50
1752554287877 25.4 51
1752554298008 25.4 52
1752554308103 25.4 53
1752554318285 25.4 54
1752554328387 25.4 55
1752554338608 25.4 56
1752554348754 25.4 57
1752554358934 25.4 58
1752554369068 25.4 59
1752554379284 25.4 60
1752554389433 25.4 61
1752554399551 25.4 62
1752554409822 25.4 63
1752554420014 25.4 64
1752554430180 25.4 65
1752554440296 25.4 66
1752554450485 25.4 67
1752554460664 25.4 68
1752554470795 25.4 69
1752554480896 25.4 70
1752554490994 25.4 71
1752554501253 25.4 72
1752554511477 25.4 73
1752554521626 25.4 74
1752554531820 25.4 75
1752554542009 25.4 76
1752554552175 25.4 77
1752554562256 25.4 78
1752554572359 25.4 79
1752554582456 25.4 80
1752554592647 25.4 81
1752554602771 25.4 82
1752554612906 25.4 83
1752554623019 25.4 84
1752554633208 25.4 85
1752554643300 25.4 86
1752554653560 25.4 87
1752554663666 25.4 88
1752554673828 25.4 89
1752554683969 25.4 90
1752554694124 25.4 91
1752554704449 25.4 92
