1752553769845 5.3999999998666226e-05 0
1752553779956 0.019975000000002296 1
1752553790049 0.08332200000000256 2
1752553800241 0.10363699999999909 3
1752553810359 0.10752500000000254 4
1752553820471 0.12859399999999965 5
1752553830663 0.21183900000000477 6
1752553840835 0.21212500000000034 7
1752553851085 0.2185050000000004 8
1752553861177 0.22141700000000242 9
1752553871306 0.2220480000000009 10
1752553881457 0.22269299999999959 11
1752553891644 0.2243180000000038 12
1752553901830 0.3411120000000025 13
1752553911943 0.35266700000000384 14
1752553922212 0.3540479999999988 15
1752553932456 0.3541850000000011 16
1752553942621 0.35478200000000015 17
1752553952706 0.35489199999999954 18
1752553962849 0.35656000000000176 19
1752553973065 0.36133600000000143 20
1752553983222 0.3620330000000038 21
1752553993388 0.36237799999999964 22
1752554003627 0.3626660000000044 23
1752554013802 0.4027269999999987 24
1752554023886 0.40815299999999866 25
1752554034003 0.40871900000000494 26
1752554044552 0.4137150000000034 27
1752554054634 0.42613000000000056 28
1752554064767 0.4268470000000022 29
1752554074877 0.43730100000000505 30
1752554085050 0.45877400000000534 31
1752554095150 0.5194359999999989 32
1752554105248 0.5197730000000007 33
1752554115369 0.5224410000000006 34
1752554125602 0.5293300000000016 35
1752554135697 0.5304539999999989 36
1752554145871 0.5445640000000012 37
1752554156079 0.5450190000000035 38
1752554166198 0.5456640000000021 39
1752554176373 0.5475449999999995 40
1752554186527 0.5632990000000007 41
1752554196609 0.5758980000000022 42
1752554206772 0.5840420000000037 43
1752554216989 0.585404000000004 44
1752554227123 0.5858800000000031 45
1752554237236 0.5870710000000017 46
1752554247325 0.5951909999999998 47
1752554257424 0.6157050000000055 48
1752554267563 0.7048070000000024 49
1752554277682 0.7761789999999991 50
1752554287877 0.7878850000000028 51
1752554298008 0.7881059999999991 52
1752554308103 0.7890830000000051 53
1752554318285 0.7973929999999996 54
1752554328387 0.8066560000000038 55
1752554338608 0.8110210000000038 56
1752554348754 0.8235250000000036 57
1752554358934 0.8251029999999986 58
1752554369068 0.8255300000000005 59
1752554379284 0.8445010000000011 60
1752554389433 0.8557850000000045 61
1752554399551 0.856225000000002 62
1752554409822 0.8639730000000014 63
1752554420014 0.8642060000000029 64
1752554430180 0.8645600000000044 65
1752554440296 0.8649440000000013 66
1752554450485 0.8914490000000015 67
1752554460664 0.9463810000000024 68
1752554470795 1.011369000000002 69
1752554480896 1.0116020000000034 70
1752554490994 1.0118089999999995 71
1752554501253 1.0252839999999992 72
1752554511477 1.0357310000000055 73
1752554521626 1.0898870000000045 74
1752554531820 1.2710730000000012 75
1752554542009 1.2715200000000024 76
1752554552175 1.2715200000000024 77
1752554562256 1.272153000000003 78
1752554572359 1.2923380000000009 79
1752554582456 1.2931450000000027 80
1752554592647 1.2932290000000037 81
1752554602771 1.293407000000002 82
1752554612906 1.3074960000000004 83
1752554623019 1.3145659999999992 84
1752554633208 1.3253380000000021 85
1752554643300 1.329730000000005 86
1752554653560 1.4108599999999996 87
1752554663666 1.4223280000000003 88
1752554673828 1.4226030000000023 89
1752554683969 1.4230440000000044 90
1752554694124 1.4573980000000049 91
1752554704449 1.4778599999999997 92
