1752553769845 0.0 0
1752553779956 0.01032700000000375 1
1752553790049 0.01876800000000145 2
1752553800241 0.07726100000000002 3
1752553810359 0.0868070000000003 4
1752553820471 0.10620399999999819 5
1752553830663 0.6053350000000037 6
1752553840835 0.6055980000000005 7
1752553851085 0.6136780000000002 8
1752553861177 0.616028 9
1752553871306 0.6169089999999997 10
1752553881457 0.617522000000001 11
1752553891644 0.6183090000000036 12
1752553901830 0.6556080000000009 13
1752553911943 0.6637199999999979 14
1752553922212 0.6647030000000029 15
1752553932456 0.6650010000000037 16
1752553942621 0.6655330000000035 17
1752553952706 0.6658809999999988 18
1752553962849 0.6667559999999995 19
1752553973065 0.726779999999998 20
1752553983222 0.7272730000000038 21
1752553993388 0.7277729999999991 22
1752554003627 0.7280599999999993 23
1752554013802 0.7558340000000001 24
1752554023886 0.7570380000000014 25
1752554034003 0.7575459999999978 26
1752554044552 0.7687170000000023 27
1752554054634 0.7866180000000043 28
1752554064767 0.7874910000000028 29
1752554074877 0.7990259999999978 30
1752554085050 0.8083779999999976 31
1752554095150 0.8295499999999976 32
1752554105248 0.8297990000000013 33
1752554115369 0.8381499999999988 34
1752554125602 0.8439150000000026 35
1752554135697 0.8443919999999991 36
1752554145871 0.8526930000000021 37
1752554156079 0.8529180000000025 38
1752554166198 0.8535699999999977 39
1752554176373 0.8553679999999986 40
1752554186527 0.8749540000000025 41
1752554196609 0.8911500000000032 42
1752554206772 0.9003580000000042 43
1752554216989 0.9012960000000021 44
1752554227123 0.9017510000000044 45
1752554237236 0.9031990000000008 46
1752554247325 0.9897399999999976 47
1752554257424 1.0453740000000025 48
1752554267563 1.3706990000000019 49
1752554277682 1.400662000000004 50
1752554287877 1.4098860000000002 51
1752554298008 1.409987000000001 52
1752554308103 1.4107589999999988 53
1752554318285 1.4176050000000018 54
1752554328387 1.421091000000004 55
1752554338608 1.4316549999999992 56
1752554348754 1.4465739999999983 57
1752554358934 1.447644000000004 58
1752554369068 1.4477639999999994 59
1752554379284 1.4787340000000029 60
1752554389433 1.493903000000003 61
1752554399551 1.4944729999999993 62
1752554409822 1.5037500000000037 63
1752554420014 1.503971 64
1752554430180 1.5042159999999996 65
1752554440296 1.5046000000000035 66
1752554450485 1.5296749999999975 67
1752554460664 1.5407530000000023 68
1752554470795 1.565209000000003 69
1752554480896 1.5653640000000024 70
1752554490994 1.5656590000000037 71
1752554501253 1.5834779999999995 72
1752554511477 1.6560380000000023 73
1752554521626 2.430796000000001 74
1752554531820 4.270811000000002 75
1752554542009 4.271191999999999 76
1752554552175 4.271191999999999 77
1752554562256 4.271571999999999 78
1752554572359 4.341329999999999 79
1752554582456 4.3420229999999975 80
1752554592647 4.342216999999998 81
1752554602771 4.3423719999999975 82
1752554612906 4.383884999999999 83
1752554623019 4.385440000000003 84
1752554633208 4.389515000000003 85
1752554643300 4.400170000000003 86
1752554653560 4.441895000000002 87
1752554663666 4.449856000000004 88
1752554673828 4.450186000000002 89
1752554683969 4.4507600000000025 90
1752554694124 4.485848000000004 91
1752554704449 4.544564000000001 92
