1752553769845 17077.1 0
1752553779956 17652.6 1
1752553790049 17455.3 2
1752553800241 17646.7 3
1752553810359 17560.9 4
1752553820471 17579.3 5
1752553830663 17773.4 6
1752553840835 17796.4 7
1752553851085 17838.1 8
1752553861177 17844.7 9
1752553871306 17627.7 10
1752553881457 17701.1 11
1752553891644 17705.5 12
1752553901830 17881.7 13
1752553911943 17730.9 14
1752553922212 17690.9 15
1752553932456 17678.1 16
1752553942621 17763.8 17
1752553952706 17782.7 18
1752553962849 17621.0 19
1752553973065 17674.3 20
1752553983222 17674.9 21
1752553993388 17699.4 22
1752554003627 17759.8 23
1752554013802 17829.0 24
1752554023886 17846.8 25
1752554034003 17715.8 26
1752554044552 17318.8 27
1752554054634 17208.3 28
1752554064767 17370.8 29
1752554074877 17302.3 30
1752554085050 17512.2 31
1752554095150 17561.1 32
1752554105248 17437.5 33
1752554115369 17437.4 34
1752554125602 17491.1 35
1752554135697 17504.5 36
1752554145871 17560.2 37
1752554156079 17527.5 38
1752554166198 17369.7 39
1752554176373 17545.1 40
1752554186527 17641.2 41
1752554196609 17621.6 42
1752554206772 17415.5 43
1752554216989 17519.6 44
1752554227123 17551.4 45
1752554237236 17616.9 46
1752554247325 17638.6 47
1752554257424 17655.0 48
1752554267563 17651.5 49
1752554277682 18028.0 50
1752554287877 17683.4 51
1752554298008 17719.0 52
1752554308103 17516.4 53
1752554318285 17634.8 54
1752554328387 17622.3 55
1752554338608 17500.4 56
1752554348754 17757.0 57
1752554358934 17643.1 58
1752554369068 17668.8 59
1752554379284 17703.1 60
1752554389433 17760.0 61
1752554399551 17545.0 62
1752554409822 17772.3 63
1752554420014 17784.9 64
1752554430180 17846.3 65
1752554440296 17719.9 66
1752554450485 17776.7 67
1752554460664 17890.9 68
1752554470795 17894.9 69
1752554480896 17806.0 70
1752554490994 17880.1 71
1752554501253 17902.5 72
1752554511477 18044.8 73
1752554521626 18177.8 74
1752554531820 17746.4 75
1752554542009 17703.9 76
1752554552175 17783.7 77
1752554562256 17549.4 78
1752554572359 17602.9 79
1752554582456 17792.2 80
1752554592647 17794.1 81
1752554602771 17852.8 82
1752554612906 17875.4 83
1752554623019 17760.3 84
1752554633208 17767.2 85
1752554643300 17767.5 86
1752554653560 18027.6 87
1752554663666 17768.8 88
1752554673828 17604.6 89
1752554683969 17661.1 90
1752554694124 17753.9 91
1752554704449 17808.7 92
