1752553769845 50.2 0
1752553779956 51.9 1
1752553790049 51.3 2
1752553800241 51.9 3
1752553810359 51.6 4
1752553820471 51.7 5
1752553830663 52.2 6
1752553840835 52.3 7
1752553851085 52.4 8
1752553861177 52.4 9
1752553871306 51.8 10
1752553881457 52.0 11
1752553891644 52.0 12
1752553901830 52.5 13
1752553911943 52.1 14
1752553922212 52.0 15
1752553932456 52.0 16
1752553942621 52.2 17
1752553952706 52.3 18
1752553962849 51.8 19
1752553973065 51.9 20
1752553983222 51.9 21
1752553993388 52.0 22
1752554003627 52.2 23
1752554013802 52.4 24
1752554023886 52.4 25
1752554034003 52.1 26
1752554044552 50.9 27
1752554054634 50.6 28
1752554064767 51.0 29
1752554074877 50.8 30
1752554085050 51.5 31
1752554095150 51.6 32
1752554105248 51.2 33
1752554115369 51.2 34
1752554125602 51.4 35
1752554135697 51.4 36
1752554145871 51.6 37
1752554156079 51.5 38
1752554166198 51.0 39
1752554176373 51.6 40
1752554186527 51.8 41
1752554196609 51.8 42
1752554206772 51.2 43
1752554216989 51.5 44
1752554227123 51.6 45
1752554237236 51.8 46
1752554247325 51.8 47
1752554257424 51.9 48
1752554267563 51.9 49
1752554277682 53.0 50
1752554287877 52.0 51
1752554298008 52.1 52
1752554308103 51.5 53
1752554318285 51.8 54
1752554328387 51.8 55
1752554338608 51.4 56
1752554348754 52.2 57
1752554358934 51.8 58
1752554369068 51.9 59
1752554379284 52.0 60
1752554389433 52.2 61
1752554399551 51.6 62
1752554409822 52.2 63
1752554420014 52.3 64
1752554430180 52.4 65
1752554440296 52.1 66
1752554450485 52.2 67
1752554460664 52.6 68
1752554470795 52.6 69
1752554480896 52.3 70
1752554490994 52.5 71
1752554501253 52.6 72
1752554511477 53.0 73
1752554521626 53.4 74
1752554531820 52.2 75
1752554542009 52.0 76
1752554552175 52.3 77
1752554562256 51.6 78
1752554572359 51.7 79
1752554582456 52.3 80
1752554592647 52.3 81
1752554602771 52.5 82
1752554612906 52.5 83
1752554623019 52.2 84
1752554633208 52.2 85
1752554643300 52.2 86
1752554653560 53.0 87
1752554663666 52.2 88
1752554673828 51.7 89
1752554683969 51.9 90
1752554694124 52.2 91
1752554704449 52.3 92
