1752244647622 0.0 0
1752244658502 22.4 1
1752244668885 18.3 2
1752244679092 42.8 3
1752244689208 49.2 4
1752244699321 40.0 5
1752244709420 37.4 6
1752244719503 42.0 7
1752244729611 37.4 8
1752244739737 33.4 9
1752244749896 39.8 10
1752244759999 35.1 11
1752244770130 32.5 12
1752244780249 38.9 13
1752244790386 33.5 14
1752244800531 32.5 15
1752244810651 41.3 16
1752244820780 31.3 17
1752244830896 38.5 18
1752244841027 30.0 19
1752244851173 34.5 20
1752244861302 31.1 21
1752244871411 32.2 22
1752244881510 30.2 23
1752244891615 34.8 24
1752244901715 30.9 25
1752244911842 35.4 26
1752244921941 34.2 27
1752244932005 21.4 28
