1752244647622 762716.2 0
1752244658502 762715.5 1
1752244668885 762715.5 2
1752244679092 762715.0 3
1752244689208 762715.0 4
1752244699321 762705.1 5
1752244709420 762705.0 6
1752244719503 762705.0 7
1752244729611 762705.3 8
1752244739737 762704.6 9
1752244749896 762704.6 10
1752244759999 762704.7 11
1752244770130 762704.6 12
1752244780249 762704.6 13
1752244790386 762704.5 14
1752244800531 762704.5 15
1752244810651 762704.5 16
1752244820780 762704.5 17
1752244830896 762704.5 18
1752244841027 762704.5 19
1752244851173 762704.3 20
1752244861302 762703.9 21
1752244871411 762703.9 22
1752244881510 762703.9 23
1752244891615 762704.0 24
1752244901715 762704.0 25
1752244911842 762704.0 26
1752244921941 762703.9 27
1752244932005 762703.9 28
