1752244647622 260677.4 0
1752244658502 260678.1 1
1752244668885 260678.2 2
1752244679092 260678.6 3
1752244689208 260678.6 4
1752244699321 260688.5 5
1752244709420 260688.6 6
1752244719503 260688.6 7
1752244729611 260688.3 8
1752244739737 260689.0 9
1752244749896 260689.0 10
1752244759999 260688.9 11
1752244770130 260689.0 12
1752244780249 260689.0 13
1752244790386 260689.1 14
1752244800531 260689.1 15
1752244810651 260689.2 16
1752244820780 260689.2 17
1752244830896 260689.1 18
1752244841027 260689.1 19
1752244851173 260689.4 20
1752244861302 260689.7 21
1752244871411 260689.7 22
1752244881510 260689.7 23
1752244891615 260689.6 24
1752244901715 260689.6 25
1752244911842 260689.6 26
1752244921941 260689.7 27
1752244932005 260689.7 28
