1752244647622 25.5 0
1752244658502 25.5 1
1752244668885 25.5 2
1752244679092 25.5 3
1752244689208 25.5 4
1752244699321 25.5 5
1752244709420 25.5 6
1752244719503 25.5 7
1752244729611 25.5 8
1752244739737 25.5 9
1752244749896 25.5 10
1752244759999 25.5 11
1752244770130 25.5 12
1752244780249 25.5 13
1752244790386 25.5 14
1752244800531 25.5 15
1752244810651 25.5 16
1752244820780 25.5 17
1752244830896 25.5 18
1752244841027 25.5 19
1752244851173 25.5 20
1752244861302 25.5 21
1752244871411 25.5 22
1752244881510 25.5 23
1752244891615 25.5 24
1752244901715 25.5 25
1752244911842 25.5 26
1752244921941 25.5 27
1752244932005 25.5 28
