1752244647622 0.0001979999999548454 0
1752244658502 0.0194019999999 1
1752244668885 0.05157299999996212 2
1752244679092 0.1257829999999558 3
1752244689208 0.14121699999998327 4
1752244699321 0.4557609999999386 5
1752244709420 0.48573099999998703 6
1752244719503 0.48945199999991473 7
1752244729611 0.5295729999999139 8
1752244739737 0.5685889999999745 9
1752244749896 0.5880329999999958 10
1752244759999 0.6888129999999819 11
1752244770130 0.7059570000000122 12
1752244780249 0.7155899999999065 13
1752244790386 0.7464339999999083 14
1752244800531 0.7781139999999596 15
1752244810651 0.8138509999999997 16
1752244820780 0.8338749999999209 17
1752244830896 0.844669999999951 18
1752244841027 0.8473030000000108 19
1752244851173 0.8946789999999964 20
1752244861302 0.9603720000000067 21
1752244871411 0.9673960000000079 22
1752244881510 0.9901079999999638 23
1752244891615 1.0192639999999074 24
1752244901715 1.1513419999999996 25
1752244911842 1.1745039999999562 26
1752244921941 1.201863000000003 27
1752244932005 1.2113389999999526 28
