1752244647622 5.400000000577165e-05 0
1752244658502 0.0332740000000058 1
1752244668885 0.05701299999999776 2
1752244679092 0.24341900000000294 3
1752244689208 0.2531809999999979 4
1752244699321 0.6342999999999961 5
1752244709420 0.6726510000000019 6
1752244719503 0.67434200000001 7
1752244729611 0.7236010000000022 8
1752244739737 0.7659510000000012 9
1752244749896 0.781998999999999 10
1752244759999 0.8425440000000037 11
1752244770130 0.8558850000000007 12
1752244780249 0.8601950000000045 13
1752244790386 0.8861289999999968 14
1752244800531 0.9269370000000094 15
1752244810651 0.9507159999999999 16
1752244820780 0.9705320000000057 17
1752244830896 0.9852450000000061 18
1752244841027 0.9871399999999966 19
1752244851173 1.0203300000000013 20
1752244861302 1.0920030000000054 21
1752244871411 1.0963410000000096 22
1752244881510 1.115850000000009 23
1752244891615 1.1444500000000062 24
1752244901715 1.1582030000000003 25
1752244911842 1.1710240000000027 26
1752244921941 1.1936840000000046 27
1752244932005 1.2086610000000064 28
