1752244647622 17533.0 0
1752244658502 17714.3 1
1752244668885 17728.1 2
1752244679092 17710.2 3
1752244689208 17706.7 4
1752244699321 17924.9 5
1752244709420 17938.7 6
1752244719503 17776.8 7
1752244729611 17891.7 8
1752244739737 17967.5 9
1752244749896 17939.7 10
1752244759999 17956.7 11
1752244770130 18021.4 12
1752244780249 17953.0 13
1752244790386 17988.9 14
1752244800531 18020.9 15
1752244810651 18021.0 16
1752244820780 18009.6 17
1752244830896 18010.3 18
1752244841027 18033.8 19
1752244851173 17706.6 20
1752244861302 17746.0 21
1752244871411 17787.6 22
1752244881510 17816.0 23
1752244891615 17839.2 24
1752244901715 17891.7 25
1752244911842 17972.2 26
1752244921941 18038.1 27
1752244932005 18093.8 28
