1752244647622 51.5 0
1752244658502 52.1 1
1752244668885 52.1 2
1752244679092 52.0 3
1752244689208 52.0 4
1752244699321 52.7 5
1752244709420 52.7 6
1752244719503 52.2 7
1752244729611 52.6 8
1752244739737 52.8 9
1752244749896 52.7 10
1752244759999 52.8 11
1752244770130 53.0 12
1752244780249 52.8 13
1752244790386 52.9 14
1752244800531 53.0 15
1752244810651 53.0 16
1752244820780 52.9 17
1752244830896 52.9 18
1752244841027 53.0 19
1752244851173 52.0 20
1752244861302 52.1 21
1752244871411 52.3 22
1752244881510 52.4 23
1752244891615 52.4 24
1752244901715 52.6 25
1752244911842 52.8 26
1752244921941 53.0 27
1752244932005 53.2 28
