1752175506416 0.0 0
1752175516635 0.02056899999996631 1
1752175526783 0.03216500000002043 2
1752175536927 0.060552999999970325 3
1752175547150 0.1463099999999713 4
1752175557299 0.211591999999996 5
1752175567446 0.2207859999999755 6
1752175577712 0.2357939999999985 7
1752175587982 0.39953099999996766 8
1752175598178 0.5475149999999758 9
1752175608333 0.5625890000000027 10
1752175618470 0.9541090000000167 11
1752175628624 1.0028800000000047 12
1752175638776 1.0172850000000153 13
1752175648953 1.053245000000004 14
1752175659130 1.1478399999999738 15
1752175669299 1.3694550000000163 16
1752175679728 1.5384799999999927 17
1752175690132 1.5624899999999684 18
