1752175506416 0.0 0
1752175516635 0.01088900000013382 1
1752175526783 0.02612900000008267 2
1752175536927 0.06373200000007273 3
1752175547150 0.0927639999999883 4
1752175557299 0.15716199999997116 5
1752175567446 0.1763210000001436 6
1752175577712 0.18536300000005212 7
1752175587982 0.6060720000000401 8
1752175598178 1.4056889999999385 9
1752175608333 1.4365210000000843 10
1752175618470 3.028528000000051 11
1752175628624 3.08084400000007 12
1752175638776 3.0888709999999264 13
1752175648953 3.133980999999949 14
1752175659130 3.207200999999941 15
1752175669299 3.950464000000011 16
1752175679728 4.356694999999945 17
1752175690132 4.367375999999922 18
