1752606176958 0.0 0
1752606187158 41.4 1
1752606197350 46.9 2
1752606207505 46.6 3
1752606217647 36.7 4
1752606227791 44.1 5
1752606237933 26.1 6
1752606248051 35.8 7
1752606258150 36.6 8
1752606269021 56.7 9
1752606279195 44.0 10
1752606289329 34.6 11
1752606299437 29.5 12
1752606309584 28.7 13
1752606319723 27.2 14
1752606329812 48.2 15
1752606339989 32.9 16
1752606350153 29.0 17
1752606360353 26.3 18
1752606370473 27.8 19
1752606380565 25.3 20
1752606390692 31.9 21
1752606400834 29.2 22
1752606410961 28.2 23
1752606421077 28.9 24
1752606431165 27.6 25
1752606441240 26.7 26
1752606451349 30.8 27
1752606461488 28.9 28
1752606471615 27.1 29
1752606481740 33.3 30
1752606491842 27.0 31
1752606501991 32.9 32
1752606512094 31.0 33
1752606522247 22.2 34
1752606532411 14.4 35
1752606542504 20.3 36
1752606552579 22.6 37
1752606562674 28.7 38
1752606572793 50.4 39
