1752606176958 763251.3 0
1752606187158 763249.8 1
1752606197350 763232.0 2
1752606207505 763232.2 3
1752606217647 763232.0 4
1752606227791 763231.4 5
1752606237933 763231.4 6
1752606248051 763231.2 7
1752606258150 763230.6 8
1752606269021 763230.2 9
1752606279195 763230.1 10
1752606289329 763228.8 11
1752606299437 763228.3 12
1752606309584 763228.5 13
1752606319723 763228.3 14
1752606329812 763228.2 15
1752606339989 763228.1 16
1752606350153 763228.0 17
1752606360353 763227.9 18
1752606370473 763227.7 19
1752606380565 763227.9 20
1752606390692 763227.8 21
1752606400834 763227.6 22
1752606410961 763227.7 23
1752606421077 763227.9 24
1752606431165 763227.7 25
1752606441240 763227.6 26
1752606451349 763230.8 27
1752606461488 763230.2 28
1752606471615 763234.1 29
1752606481740 763233.7 30
1752606491842 763233.2 31
1752606501991 763230.9 32
1752606512094 763231.4 33
1752606522247 763231.2 34
1752606532411 763233.9 35
1752606542504 763233.2 36
1752606552579 763233.2 37
1752606562674 763232.6 38
1752606572793 763232.5 39
