1752606176958 25.4 0
1752606187158 25.4 1
1752606197350 25.4 2
1752606207505 25.4 3
1752606217647 25.4 4
1752606227791 25.4 5
1752606237933 25.4 6
1752606248051 25.4 7
1752606258150 25.4 8
1752606269021 25.4 9
1752606279195 25.4 10
1752606289329 25.4 11
1752606299437 25.4 12
1752606309584 25.4 13
1752606319723 25.4 14
1752606329812 25.4 15
1752606339989 25.4 16
1752606350153 25.4 17
1752606360353 25.4 18
1752606370473 25.4 19
1752606380565 25.4 20
1752606390692 25.4 21
1752606400834 25.4 22
1752606410961 25.4 23
1752606421077 25.4 24
1752606431165 25.4 25
1752606441240 25.4 26
1752606451349 25.4 27
1752606461488 25.4 28
1752606471615 25.4 29
1752606481740 25.4 30
1752606491842 25.4 31
1752606501991 25.4 32
1752606512094 25.4 33
1752606522247 25.4 34
1752606532411 25.4 35
1752606542504 25.4 36
1752606552579 25.4 37
1752606562674 25.4 38
1752606572793 25.4 39
