1752606176958 260142.3 0
1752606187158 260143.8 1
1752606197350 260161.6 2
1752606207505 260161.4 3
1752606217647 260161.6 4
1752606227791 260162.2 5
1752606237933 260162.2 6
1752606248051 260162.4 7
1752606258150 260163.0 8
1752606269021 260163.4 9
1752606279195 260163.5 10
1752606289329 260164.8 11
1752606299437 260165.3 12
1752606309584 260165.1 13
1752606319723 260165.3 14
1752606329812 260165.4 15
1752606339989 260165.6 16
1752606350153 260165.6 17
1752606360353 260165.7 18
1752606370473 260165.9 19
1752606380565 260165.7 20
1752606390692 260165.8 21
1752606400834 260166.1 22
1752606410961 260165.9 23
1752606421077 260165.8 24
1752606431165 260165.9 25
1752606441240 260166.1 26
1752606451349 260162.9 27
1752606461488 260163.4 28
1752606471615 260159.5 29
1752606481740 260159.9 30
1752606491842 260160.4 31
1752606501991 260162.7 32
1752606512094 260162.3 33
1752606522247 260162.4 34
1752606532411 260159.7 35
1752606542504 260160.5 36
1752606552579 260160.4 37
1752606562674 260161.0 38
1752606572793 260161.1 39
