1752606176958 9.89999999774227e-05 0
1752606187158 0.40749199999999064 1
1752606197350 1.7916940000000068 2
1752606207505 2.437814000000003 3
1752606217647 2.4629300000000285 4
1752606227791 3.755002999999988 5
1752606237933 3.8003499999999804 6
1752606248051 3.9920470000000137 7
1752606258150 4.036794999999984 8
1752606269021 5.265209000000027 9
1752606279195 5.291479999999979 10
1752606289329 6.256363000000022 11
1752606299437 6.273759999999982 12
1752606309584 6.5686000000000035 13
1752606319723 6.593834000000015 14
1752606329812 6.813615000000027 15
1752606339989 7.0744209999999725 16
1752606350153 7.259635000000003 17
1752606360353 7.4593209999999885 18
1752606370473 7.63098500000001 19
1752606380565 7.999058999999988 20
1752606390692 8.025599 21
1752606400834 8.661947999999995 22
1752606410961 8.683799000000022 23
1752606421077 9.081450000000018 24
1752606431165 9.096595999999977 25
1752606441240 9.350501000000008 26
1752606451349 9.362059999999985 27
1752606461488 10.010549000000026 28
1752606471615 10.054665 29
1752606481740 10.369574 30
1752606491842 10.391549999999995 31
1752606501991 10.59626400000002 32
1752606512094 10.636864000000003 33
1752606522247 10.735349999999983 34
1752606532411 11.023003000000017 35
1752606542504 11.042399999999986 36
1752606552579 11.994718999999975 37
1752606562674 12.146022000000016 38
1752606572793 12.652643000000012 39
