1752606176958 0.0 0
1752606187158 0.17705100000000584 1
1752606197350 0.3913689999999974 2
1752606207505 0.6504669999999919 3
1752606217647 0.6621680000000083 4
1752606227791 0.8716979999999808 5
1752606237933 0.9182660000000169 6
1752606248051 1.0369929999999954 7
1752606258150 1.1207019999999943 8
1752606269021 1.3857169999999996 9
1752606279195 1.408738000000028 10
1752606289329 1.5236520000000269 11
1752606299437 1.5429570000000012 12
1752606309584 1.6107259999999997 13
1752606319723 1.6804920000000152 14
1752606329812 1.825649999999996 15
1752606339989 1.9096809999999778 16
1752606350153 2.0138319999999794 17
1752606360353 2.116072000000031 18
1752606370473 2.2027499999999804 19
1752606380565 2.3380220000000236 20
1752606390692 2.361929000000032 21
1752606400834 2.6144919999999843 22
1752606410961 2.6305639999999926 23
1752606421077 2.846375000000023 24
1752606431165 2.8588790000000017 25
1752606441240 3.0303749999999923 26
1752606451349 3.044941999999992 27
1752606461488 3.2615349999999808 28
1752606471615 3.2912699999999973 29
1752606481740 3.4069390000000226 30
1752606491842 3.4192330000000197 31
1752606501991 3.515256000000022 32
1752606512094 3.778119000000004 33
1752606522247 3.8819990000000075 34
1752606532411 4.024656999999991 35
1752606542504 4.060542999999996 36
1752606552579 4.352441999999996 37
1752606562674 4.447774999999979 38
1752606572793 4.684460000000001 39
