1752606176958 23383.4 0
1752606187158 23935.9 1
1752606197350 24097.6 2
1752606207505 24189.6 3
1752606217647 24147.1 4
1752606227791 24257.1 5
1752606237933 24472.6 6
1752606248051 24325.5 7
1752606258150 24471.9 8
1752606269021 24837.8 9
1752606279195 24884.9 10
1752606289329 25179.9 11
1752606299437 25167.4 12
1752606309584 25208.9 13
1752606319723 25276.8 14
1752606329812 25456.9 15
1752606339989 25085.5 16
1752606350153 25172.4 17
1752606360353 25220.3 18
1752606370473 25358.3 19
1752606380565 25345.1 20
1752606390692 25184.4 21
1752606400834 25161.3 22
1752606410961 25235.1 23
1752606421077 25312.2 24
1752606431165 25392.7 25
1752606441240 25401.5 26
1752606451349 25104.4 27
1752606461488 25206.1 28
1752606471615 25322.7 29
1752606481740 25387.6 30
1752606491842 25416.2 31
1752606501991 25513.3 32
1752606512094 25754.7 33
1752606522247 25893.8 34
1752606532411 26020.6 35
1752606542504 26430.1 36
1752606552579 26563.9 37
1752606562674 26707.0 38
1752606572793 27313.8 39
