1752606176958 68.7 0
1752606187158 70.3 1
1752606197350 70.8 2
1752606207505 71.1 3
1752606217647 71.0 4
1752606227791 71.3 5
1752606237933 71.9 6
1752606248051 71.5 7
1752606258150 71.9 8
1752606269021 73.0 9
1752606279195 73.1 10
1752606289329 74.0 11
1752606299437 74.0 12
1752606309584 74.1 13
1752606319723 74.3 14
1752606329812 74.8 15
1752606339989 73.7 16
1752606350153 74.0 17
1752606360353 74.1 18
1752606370473 74.5 19
1752606380565 74.5 20
1752606390692 74.0 21
1752606400834 73.9 22
1752606410961 74.2 23
1752606421077 74.4 24
1752606431165 74.6 25
1752606441240 74.6 26
1752606451349 73.8 27
1752606461488 74.1 28
1752606471615 74.4 29
1752606481740 74.6 30
1752606491842 74.7 31
1752606501991 75.0 32
1752606512094 75.7 33
1752606522247 76.1 34
1752606532411 76.5 35
1752606542504 77.7 36
1752606552579 78.1 37
1752606562674 78.5 38
1752606572793 80.3 39
