1752331846124 0.0 0
1752331856267 0.07048899999995228 1
1752331866378 0.16300200000000586 2
1752331876558 0.1809769999999844 3
1752331886776 0.2110779999998158 4
1752331897049 0.24196799999981522 5
1752331907200 0.2802609999998822 6
1752331917319 0.37575299999980416 7
1752331927410 0.43926399999986643 8
1752331937513 0.485828999999967 9
1752331947688 0.5300489999999627 10
1752331957811 0.566086999999925 11
1752331967896 0.6179349999999886 12
1752331978025 0.8265579999999773 13
1752331988227 0.8767539999998917 14
1752331998463 0.9065239999999903 15
1752332008590 0.9724409999998898 16
