1752331846124 0.0 0
1752331856267 0.08464500000002317 1
1752331866378 0.45721400000002177 2
1752331876558 0.4740680000001021 3
1752331886776 0.5041170000000648 4
1752331897049 0.5281280000000379 5
1752331907200 0.5567389999999932 6
1752331917319 0.6639949999999999 7
1752331927410 0.7263490000000274 8
1752331937513 0.7969470000000456 9
1752331947688 0.8252050000000963 10
1752331957811 0.9060690000000022 11
1752331967896 0.9680890000000772 12
1752331978025 1.0274910000000546 13
1752331988227 1.094015000000013 14
1752331998463 1.1262460000000374 15
1752332008590 1.17440600000009 16
