1750647246457 0.0006588542806993773 0
1750647256275 0.0010419503392204213 1
1750647271602 0.002018961239504048 2
1750647279590 0.0030808491823679173 3
1750647286812 0.003317781994216257 4
1750647296301 0.011833299092143248 5
1750647304375 0.01788726273314251 6
1750647311814 0.009232673252965498 7
1750647324432 0.018387350961395644 8
1750647340457 0.011138073658463414 9
1750647351730 0.013980617906998631 10
1750647358122 0.0018906915333476344 11
1750647363973 0.0014966120647897621 12
1750647371363 0.0009371390199561251 13
1750647379321 0.0005759387613003424 14
1750647384028 0.0006804780820003908 15
1750647389521 0.000715405074360811 16
1750647395283 0.0009088794715753577 17
1750647403570 0.0006476330168660121 18
1750647409144 0.0007156712117924176 19
1750647415051 0.0007705749109431819 20
1750647430956 0.0005348040119637795 21
1750647438440 0.0005281288874147821 22
1750647447151 0.0003908231259693116 23
1750647452734 0.00022773123569084686 24
1750647458812 0.00014312411793869034 25
1750647463383 0.0002929786642968395 26
1750647484574 0.008557681077061277 27
1750647510139 0.008802898170891612 28
1750647527138 0.007320762755175608 29
1750647549912 0.0010869971882501897 30
