1752181666277 0.0 0
1752181676412 30.4 1
1752181686535 52.8 2
1752181697093 52.2 3
1752181707334 60.7 4
1752181717516 57.5 5
1752181727755 49.9 6
1752181737875 34.7 7
1752181748093 28.7 8
1752181758328 35.2 9
1752181768634 39.5 10
1752181778961 36.4 11
1752181789226 34.3 12
1752181799451 35.5 13
1752181809782 35.5 14
1752181819978 35.0 15
1752181830098 35.5 16
1752181840548 51.7 17
1752181850812 61.1 18
1752181860995 56.5 19
1752181871142 53.8 20
1752181881296 47.6 21
1752181891483 40.9 22
1752181901588 53.7 23
1752181911750 53.2 24
1752181921853 55.1 25
1752181931953 53.6 26
1752181942063 53.1 27
1752181952199 42.5 28
1752181962400 54.0 29
1752181972556 54.0 30
1752181982786 57.4 31
1752181993005 52.5 32
1752182003145 54.5 33
1752182013636 56.7 34
1752182023727 54.5 35
