1752181666277 763259.6 0
1752181676412 763258.4 1
1752181686535 763258.2 2
1752181697093 763258.2 3
1752181707334 763291.0 4
1752181717516 763291.0 5
1752181727755 763291.0 6
1752181737875 763292.0 7
1752181748093 763292.0 8
1752181758328 763291.9 9
1752181768634 763293.2 10
1752181778961 763293.3 11
1752181789226 763293.2 12
1752181799451 763293.3 13
1752181809782 763293.2 14
1752181819978 763293.4 15
1752181830098 763293.2 16
1752181840548 763292.9 17
1752181850812 763292.7 18
1752181860995 763292.9 19
1752181871142 763292.8 20
1752181881296 763292.5 21
1752181891483 763292.7 22
1752181901588 763292.4 23
1752181911750 763292.2 24
1752181921853 763292.2 25
1752181931953 763292.3 26
1752181942063 763292.2 27
1752181952199 763292.2 28
1752181962400 763292.0 29
1752181972556 763292.1 30
1752181982786 763292.1 31
1752181993005 763292.0 32
1752182003145 763292.0 33
1752182013636 763292.0 34
1752182023727 763291.9 35
