1752181666277 25.4 0
1752181676412 25.4 1
1752181686535 25.4 2
1752181697093 25.4 3
1752181707334 25.4 4
1752181717516 25.4 5
1752181727755 25.4 6
1752181737875 25.4 7
1752181748093 25.4 8
1752181758328 25.4 9
1752181768634 25.4 10
1752181778961 25.4 11
1752181789226 25.4 12
1752181799451 25.4 13
1752181809782 25.4 14
1752181819978 25.4 15
1752181830098 25.4 16
1752181840548 25.4 17
1752181850812 25.4 18
1752181860995 25.4 19
1752181871142 25.4 20
1752181881296 25.4 21
1752181891483 25.4 22
1752181901588 25.4 23
1752181911750 25.4 24
1752181921853 25.4 25
1752181931953 25.4 26
1752181942063 25.4 27
1752181952199 25.4 28
1752181962400 25.4 29
1752181972556 25.4 30
1752181982786 25.4 31
1752181993005 25.4 32
1752182003145 25.4 33
1752182013636 25.4 34
1752182023727 25.4 35
