1752181666277 260134.0 0
1752181676412 260135.2 1
1752181686535 260135.4 2
1752181697093 260135.4 3
1752181707334 260102.6 4
1752181717516 260102.6 5
1752181727755 260102.6 6
1752181737875 260101.6 7
1752181748093 260101.6 8
1752181758328 260101.7 9
1752181768634 260100.4 10
1752181778961 260100.3 11
1752181789226 260100.4 12
1752181799451 260100.4 13
1752181809782 260100.4 14
1752181819978 260100.2 15
1752181830098 260100.4 16
1752181840548 260100.7 17
1752181850812 260100.9 18
1752181860995 260100.7 19
1752181871142 260100.8 20
1752181881296 260101.1 21
1752181891483 260101.0 22
1752181901588 260101.3 23
1752181911750 260101.4 24
1752181921853 260101.5 25
1752181931953 260101.4 26
1752181942063 260101.5 27
1752181952199 260101.4 28
1752181962400 260101.6 29
1752181972556 260101.6 30
1752181982786 260101.6 31
1752181993005 260101.6 32
1752182003145 260101.7 33
1752182013636 260101.7 34
1752182023727 260101.7 35
