1752181666277 0.0 0
1752181676412 0.15821299999993244 1
1752181686535 0.18582199999991644 2
1752181697093 0.2665309999999863 3
1752181707334 0.7178269999999429 4
1752181717516 1.274161999999933 5
1752181727755 1.6578660000000127 6
1752181737875 2.0757269999999153 7
1752181748093 2.484617999999955 8
1752181758328 2.8530819999998585 9
1752181768634 3.253169000000071 10
1752181778961 3.6371619999999893 11
1752181789226 4.041377000000011 12
1752181799451 4.473588999999947 13
1752181809782 4.849981000000071 14
1752181819978 5.234206999999969 15
1752181830098 5.632413000000042 16
1752181840548 6.0687699999998586 17
1752181850812 6.539747999999918 18
1752181860995 6.966863999999987 19
1752181871142 7.382842999999866 20
1752181881296 7.791324999999915 21
1752181891483 8.209548999999924 22
1752181901588 8.607574999999997 23
1752181911750 9.022347999999965 24
1752181921853 9.421532999999954 25
1752181931953 9.811385999999857 26
1752181942063 10.191780999999992 27
1752181952199 10.592380000000048 28
1752181962400 10.964827000000014 29
1752181972556 11.075959000000012 30
1752181982786 11.54404999999997 31
1752181993005 11.919394999999895 32
1752182003145 12.314220999999861 33
1752182013636 12.84061399999996 34
1752182023727 13.366905999999972 35
