1752181666277 0.0 0
1752181676412 0.24212099999999737 1
1752181686535 0.2628180000000384 2
1752181697093 0.29762199999998984 3
1752181707334 0.43369899999999006 4
1752181717516 0.5317489999999907 5
1752181727755 0.6109690000000114 6
1752181737875 0.6702840000000378 7
1752181748093 0.7240980000000263 8
1752181758328 0.7425039999999967 9
1752181768634 0.8348290000000134 10
1752181778961 0.8663720000000126 11
1752181789226 0.904246999999998 12
1752181799451 0.9695429999999874 13
1752181809782 0.9931900000000269 14
1752181819978 1.0243299999999635 15
1752181830098 1.0666559999999663 16
1752181840548 1.4461340000000291 17
1752181850812 1.5657840000000078 18
1752181860995 1.6969360000000506 19
1752181871142 1.7624630000000252 20
1752181881296 1.893511999999987 21
1752181891483 2.022784999999999 22
1752181901588 2.0779919999999947 23
1752181911750 2.1441039999999703 24
1752181921853 2.2049990000000435 25
1752181931953 2.250870999999961 26
1752181942063 2.27977599999997 27
1752181952199 2.3239660000000413 28
1752181962400 2.346638999999982 29
1752181972556 2.407479999999964 30
1752181982786 2.5395350000000008 31
1752181993005 2.581784999999968 32
1752182003145 2.6294749999999567 33
1752182013636 2.671835999999985 34
1752182023727 2.988460000000032 35
