1752181666277 73.8 0
1752181676412 74.4 1
1752181686535 74.2 2
1752181697093 75.3 3
1752181707334 73.9 4
1752181717516 72.7 5
1752181727755 73.5 6
1752181737875 72.8 7
1752181748093 72.8 8
1752181758328 73.8 9
1752181768634 73.8 10
1752181778961 73.4 11
1752181789226 73.3 12
1752181799451 73.3 13
1752181809782 73.1 14
1752181819978 73.2 15
1752181830098 73.2 16
1752181840548 73.4 17
1752181850812 73.3 18
1752181860995 72.7 19
1752181871142 73.2 20
1752181881296 73.0 21
1752181891483 74.3 22
1752181901588 74.2 23
1752181911750 74.0 24
1752181921853 74.2 25
1752181931953 74.3 26
1752181942063 74.3 27
1752181952199 74.4 28
1752181962400 74.5 29
1752181972556 73.9 30
1752181982786 73.8 31
1752181993005 73.9 32
1752182003145 74.0 33
1752182013636 73.9 34
1752182023727 74.3 35
