1752181666277 25123.3 0
1752181676412 25329.1 1
1752181686535 25248.6 2
1752181697093 25612.1 3
1752181707334 25150.3 4
1752181717516 24724.6 5
1752181727755 25008.1 6
1752181737875 24787.1 7
1752181748093 24787.1 8
1752181758328 25102.3 9
1752181768634 25109.6 10
1752181778961 24974.8 11
1752181789226 24931.6 12
1752181799451 24951.9 13
1752181809782 24863.4 14
1752181819978 24897.5 15
1752181830098 24915.5 16
1752181840548 24978.5 17
1752181850812 24948.0 18
1752181860995 24744.8 19
1752181871142 24892.4 20
1752181881296 24853.6 21
1752181891483 25273.1 22
1752181901588 25242.1 23
1752181911750 25191.2 24
1752181921853 25256.9 25
1752181931953 25282.3 26
1752181942063 25273.4 27
1752181952199 25311.4 28
1752181962400 25336.4 29
1752181972556 25140.2 30
1752181982786 25100.3 31
1752181993005 25148.1 32
1752182003145 25187.2 33
1752182013636 25132.2 34
1752182023727 25270.9 35
