1727206998450 0.0 0
1727207008539 16.0 1
1727207018632 20.1 2
1727207028714 20.6 3
1727207038798 20.0 4
1727207048867 18.0 5
1727207058954 20.5 6
1727207069013 20.1 7
1727207079078 20.2 8
1727207089133 19.2 9
1727207099209 18.9 10
1727207109315 20.6 11
1727207119389 19.4 12
1727207129494 19.9 13
1727207139553 18.2 14
1727207149636 19.5 15
1727207159702 19.7 16
1727207169777 19.5 17
1727207179860 19.7 18
1727207189934 20.5 19
1727207200017 19.2 20
1727207210081 20.1 21
1727207220158 19.6 22
1727207230231 19.6 23
1727207240298 22.0 24
1727207250373 20.2 25
