1727206998450 136178.1 0
1727207008539 136185.3 1
1727207018632 136185.3 2
1727207028714 136185.3 3
1727207038798 136185.3 4
1727207048867 136185.3 5
1727207058954 136185.3 6
1727207069013 136185.3 7
1727207079078 136185.4 8
1727207089133 136185.4 9
1727207099209 136185.4 10
1727207109315 136185.4 11
1727207119389 136185.6 12
1727207129494 136184.9 13
1727207139553 136184.9 14
1727207149636 136184.9 15
1727207159702 136184.9 16
1727207169777 136184.9 17
1727207179860 136184.9 18
1727207189934 136184.9 19
1727207200017 136184.9 20
1727207210081 136185.0 21
1727207220158 136185.0 22
1727207230231 136185.0 23
1727207240298 136185.0 24
1727207250373 136185.0 25
