1727206998450 13.3 0
1727207008539 13.3 1
1727207018632 13.3 2
1727207028714 13.3 3
1727207038798 13.3 4
1727207048867 13.3 5
1727207058954 13.3 6
1727207069013 13.3 7
1727207079078 13.3 8
1727207089133 13.3 9
1727207099209 13.3 10
1727207109315 13.3 11
1727207119389 13.3 12
1727207129494 13.3 13
1727207139553 13.3 14
1727207149636 13.3 15
1727207159702 13.3 16
1727207169777 13.3 17
1727207179860 13.3 18
1727207189934 13.3 19
1727207200017 13.3 20
1727207210081 13.3 21
1727207220158 13.3 22
1727207230231 13.3 23
1727207240298 13.3 24
1727207250373 13.3 25
