1727206998450 887215.5 0
1727207008539 887208.3 1
1727207018632 887208.3 2
1727207028714 887208.3 3
1727207038798 887208.3 4
1727207048867 887208.3 5
1727207058954 887208.3 6
1727207069013 887208.3 7
1727207079078 887208.2 8
1727207089133 887208.2 9
1727207099209 887208.2 10
1727207109315 887208.2 11
1727207119389 887208.1 12
1727207129494 887208.7 13
1727207139553 887208.7 14
1727207149636 887208.7 15
1727207159702 887208.7 16
1727207169777 887208.7 17
1727207179860 887208.8 18
1727207189934 887208.8 19
1727207200017 887208.8 20
1727207210081 887208.6 21
1727207220158 887208.6 22
1727207230231 887208.6 23
1727207240298 887208.6 24
1727207250373 887208.6 25
