1727206998450 0.0 0
1727207008539 0.015280000000000182 1
1727207018632 0.03275600000000001 2
1727207028714 0.04845600000000028 3
1727207038798 0.049422999999999995 4
1727207048867 0.05419900000000011 5
1727207058954 0.05601900000000004 6
1727207069013 0.0578350000000003 7
1727207079078 0.07893300000000014 8
1727207089133 0.07988400000000029 9
1727207099209 0.0936300000000001 10
1727207109315 0.09950700000000001 11
1727207119389 0.10171600000000014 12
1727207129494 0.11014999999999997 13
1727207139553 0.1295270000000004 14
1727207149636 0.1361570000000003 15
1727207159702 0.1366850000000004 16
1727207169777 0.1440140000000003 17
1727207179860 0.17602300000000026 18
1727207189934 0.17910400000000015 19
1727207200017 0.19013000000000035 20
1727207210081 0.19872000000000023 21
1727207220158 0.19962000000000035 22
1727207230231 0.20228900000000039 23
1727207240298 0.20991800000000005 24
1727207250373 0.21189400000000003 25
