1727206998450 0.0 0
1727207008539 0.0036639999999996675 1
1727207018632 0.026041999999999454 2
1727207028714 0.04426699999999961 3
1727207038798 0.04528599999999994 4
1727207048867 0.05155799999999999 5
1727207058954 0.05517199999999978 6
1727207069013 0.057916999999999774 7
1727207079078 0.07696300000000011 8
1727207089133 0.07927000000000017 9
1727207099209 0.10388399999999987 10
1727207109315 0.11207100000000025 11
1727207119389 0.11459399999999942 12
1727207129494 0.12262299999999993 13
1727207139553 0.13569799999999965 14
1727207149636 0.1451899999999995 15
1727207159702 0.14588599999999996 16
1727207169777 0.15587399999999985 17
1727207179860 0.19750900000000016 18
1727207189934 0.19914599999999982 19
1727207200017 0.2071019999999999 20
1727207210081 0.21882599999999996 21
1727207220158 0.21982999999999997 22
1727207230231 0.22101900000000008 23
1727207240298 0.23143699999999967 24
1727207250373 0.23455899999999996 25
