1727206998450 16835.5 0
1727207008539 17196.0 1
1727207018632 17118.5 2
1727207028714 17099.0 3
1727207038798 17104.5 4
1727207048867 17255.0 5
1727207058954 17228.5 6
1727207069013 17318.9 7
1727207079078 17243.6 8
1727207089133 17167.3 9
1727207099209 17320.5 10
1727207109315 17050.9 11
1727207119389 17078.5 12
1727207129494 17161.4 13
1727207139553 17104.2 14
1727207149636 17204.7 15
1727207159702 17137.6 16
1727207169777 17261.0 17
1727207179860 17184.9 18
1727207189934 17098.1 19
1727207200017 17138.4 20
1727207210081 17172.2 21
1727207220158 17093.4 22
1727207230231 17360.2 23
1727207240298 17194.8 24
1727207250373 16993.0 25
