1727206998450 49.5 0
1727207008539 50.5 1
1727207018632 50.3 2
1727207028714 50.2 3
1727207038798 50.3 4
1727207048867 50.7 5
1727207058954 50.6 6
1727207069013 50.9 7
1727207079078 50.7 8
1727207089133 50.4 9
1727207099209 50.9 10
1727207109315 50.1 11
1727207119389 50.2 12
1727207129494 50.4 13
1727207139553 50.3 14
1727207149636 50.6 15
1727207159702 50.4 16
1727207169777 50.7 17
1727207179860 50.5 18
1727207189934 50.2 19
1727207200017 50.4 20
1727207210081 50.5 21
1727207220158 50.2 22
1727207230231 51.0 23
1727207240298 50.5 24
1727207250373 49.9 25
