1752609880256 0.0 0
1752609890357 0.2141550000000052 1
1752609900441 0.30424099999999044 2
1752609910584 0.4069680000000062 3
1752609920690 0.42731000000003405 4
1752609930844 0.5574599999999919 5
1752609941013 0.5809080000000222 6
1752609951203 0.7555700000000343 7
1752609961323 0.7941979999999944 8
1752609971465 0.9333850000000439 9
1752609981575 0.948154000000045 10
1752609991703 1.0648229999999899 11
1752610001850 1.076818000000003 12
1752610011985 1.1863309999999956 13
1752610022142 1.2260590000000207 14
1752610032242 1.339821000000029 15
1752610042449 1.5322470000000408 16
1752610052598 1.708972000000017 17
1752610062762 1.9441530000000284 18
