1752609880256 0.0 0
1752609890357 0.48022199999991244 1
1752609900441 0.5918349999999464 2
1752609910584 0.7179049999999734 3
1752609920690 0.7350829999999178 4
1752609930844 1.2371979999999212 5
1752609941013 1.2501529999999548 6
1752609951203 1.705404999999928 7
1752609961323 1.7212529999999333 8
1752609971465 2.2339489999999387 9
1752609981575 2.2491809999999077 10
1752609991703 2.7357279999999946 11
1752610001850 2.7493799999999737 12
1752610011985 3.0332969999999477 13
1752610022142 3.063840999999911 14
1752610032242 3.2659439999999904 15
1752610042449 3.6408179999999675 16
1752610052598 3.897179999999935 17
1752610062762 4.1995789999999715 18
