1752606200172 0.016190504435203614 0
1752606220085 0.038958140536322634 1
1752606223142 0.046682676784386715 2
1752606232483 0.007207509674256492 3
1752606239117 0.007501122001925964 4
1752606245424 0.005033636006389843 5
1752606255651 0.0033330404048738083 6
1752606261646 0.0038304745467521335 7
1752606268050 0.00538568848450346 8
1752606274399 0.004821539102318013 9
1752606280590 0.004023339246812063 10
1752606285343 0.00220935648349815 11
1752606289741 0.002615059011437985 12
1752606295192 0.002528051714444259 13
1752606299999 0.0027324644617999333 14
1752606305334 0.002643087025357552 15
1752606322550 1.5251851156098035 16
1752606329107 0.0026421332101249978 17
1752606334316 0.0036415438485950173 18
1752606340110 0.002046296352154213 19
1752606345110 0.003298956339117827 20
1752606350934 0.0031774255238345784 21
1752606356596 0.00428093953741282 22
1752606362929 0.003143301438047013 23
1752606368344 0.004037546387083841 24
1752606374112 0.0034049130354388375 25
1752606379534 0.0027691113927406736 26
1752606386267 0.002822480048822026 27
1752606391883 0.0035086669437622326 28
1752606397303 0.002757725669774635 29
1752606403075 0.0028274408310766603 30
1752606408412 0.0022242134898524894 31
1752606413040 0.0032329010743070655 32
1752606418243 0.003742628737439027 33
1752606423573 0.002714841243672759 34
1752606428700 0.003935686595968475 35
1752606434057 0.004457391539770325 36
1752606438961 0.003991961123294402 37
1752606443878 0.005944261055630158 38
1752606448935 0.003702434389781243 39
1752606453795 0.0038191101190764498 40
1752606458481 0.00516418081101347 41
1752606463932 0.006195936317909412 42
1752606475418 20.46413894247889 43
1752606478747 1695.9425639793758 44
1752606481943 0.023470826113391238 45
1752606497706 0.016526201182134333 46
1752606501342 0.008871604008353191 47
1752606507163 0.01077008322775084 48
