1752272883599 762251.5 0
1752272893750 762250.8 1
1752272903879 762250.8 2
1752272914004 762250.8 3
1752272924114 762250.8 4
1752272934200 762250.8 5
1752272944360 762250.8 6
1752272954452 762250.8 7
1752272964561 762250.8 8
1752272974649 762250.8 9
1752272984751 762250.8 10
1752272994867 762250.8 11
1752273004946 762250.8 12
1752273015114 762250.8 13
1752273025279 762250.8 14
1752273035366 762250.7 15
1752273045470 762250.7 16
1752273055597 762250.7 17
1752273065738 762250.6 18
1752273075896 762250.6 19
1752273085975 762250.6 20
1752273096128 762249.8 21
