1752272883599 261142.1 0
1752272893750 261142.8 1
1752272903879 261142.8 2
1752272914004 261142.8 3
1752272924114 261142.8 4
1752272934200 261142.8 5
1752272944360 261142.8 6
1752272954452 261142.8 7
1752272964561 261142.8 8
1752272974649 261142.8 9
1752272984751 261142.8 10
1752272994867 261142.8 11
1752273004946 261142.8 12
1752273015114 261142.9 13
1752273025279 261142.8 14
1752273035366 261142.9 15
1752273045470 261142.9 16
1752273055597 261143.0 17
1752273065738 261143.0 18
1752273075896 261143.0 19
1752273085975 261143.0 20
1752273096128 261143.8 21
