1752272883599 0.0 0
1752272893750 0.022192000000018197 1
1752272903879 0.07411000000001877 2
1752272914004 0.10654699999997774 3
1752272924114 0.11909600000001319 4
1752272934200 0.17547700000000077 5
1752272944360 0.21474299999999857 6
1752272954452 0.23388199999999415 7
1752272964561 0.2712380000000394 8
1752272974649 0.30215800000007675 9
1752272984751 0.3323330000000624 10
1752272994867 0.37067799999999806 11
1752273004946 0.4234630000000834 12
1752273015114 0.46462400000007165 13
1752273025279 0.483963000000017 14
1752273035366 0.5103430000000344 15
1752273045470 0.5699460000000727 16
1752273055597 0.6283020000000761 17
1752273065738 0.6973890000000438 18
1752273075896 0.8612360000000763 19
1752273085975 0.9109260000000177 20
1752273096128 0.9585700000000088 21
