1752272883599 0.0 0
1752272893750 0.10870999999997366 1
1752272903879 0.2152189999999905 2
1752272914004 0.2963219999999751 3
1752272924114 0.30412999999998647 4
1752272934200 0.35054600000000846 5
1752272944360 0.4096649999999613 6
1752272954452 0.42405299999995805 7
1752272964561 0.4599569999999744 8
1752272974649 0.4966559999999731 9
1752272984751 0.5216570000000047 10
1752272994867 0.5504579999999919 11
1752273004946 0.6095219999999699 12
1752273015114 0.6631969999999683 13
1752273025279 0.6793279999999982 14
1752273035366 0.699861999999996 15
1752273045470 0.7314569999999776 16
1752273055597 0.783506999999986 17
1752273065738 0.8553149999999619 18
1752273075896 0.9312719999999786 19
1752273085975 1.0135119999999915 20
1752273096128 1.0687279999999646 21
