1752272883599 18225.3 0
1752272893750 18396.4 1
1752272903879 18110.2 2
1752272914004 18069.9 3
1752272924114 17995.8 4
1752272934200 17997.5 5
1752272944360 18073.3 6
1752272954452 18059.5 7
1752272964561 18061.2 8
1752272974649 18046.9 9
1752272984751 18100.3 10
1752272994867 18093.0 11
1752273004946 18072.5 12
1752273015114 18086.6 13
1752273025279 18259.0 14
1752273035366 18300.7 15
1752273045470 18274.3 16
1752273055597 18441.8 17
1752273065738 18457.5 18
1752273075896 18109.9 19
1752273085975 18378.4 20
1752273096128 18225.9 21
