1752189370744 763093.4 0
1752189380888 763092.8 1
1752189391045 763092.9 2
1752189401291 763092.8 3
1752189411515 763092.3 4
1752189421615 763092.3 5
1752189431740 763091.8 6
1752189441906 763091.7 7
1752189452138 763091.7 8
1752189462442 763091.6 9
1752189472550 763091.6 10
1752189482781 763091.6 11
1752189492873 763091.6 12
1752189503056 763091.6 13
1752189513145 763091.6 14
1752189523233 763091.6 15
1752189533407 763091.6 16
1752189543667 763091.6 17
1752189553869 763091.5 18
1752189563985 763091.5 19
1752189574113 763091.5 20
1752189584252 763091.4 21
1752189594367 763091.4 22
