1752189370744 260300.2 0
1752189380888 260300.9 1
1752189391045 260300.7 2
1752189401291 260300.8 3
1752189411515 260301.4 4
1752189421615 260301.3 5
1752189431740 260301.8 6
1752189441906 260301.9 7
1752189452138 260301.9 8
1752189462442 260302.0 9
1752189472550 260302.0 10
1752189482781 260302.0 11
1752189492873 260302.0 12
1752189503056 260302.1 13
1752189513145 260302.1 14
1752189523233 260302.1 15
1752189533407 260302.0 16
1752189543667 260302.1 17
1752189553869 260302.1 18
1752189563985 260302.1 19
1752189574113 260302.1 20
1752189584252 260302.2 21
1752189594367 260302.2 22
