1752189370744 0.0 0
1752189380888 0.012927000000001243 1
1752189391045 0.021211999999998454 2
1752189401291 0.02507100000000051 3
1752189411515 0.02800200000000075 4
1752189421615 0.0716770000000011 5
1752189431740 0.0848140000000015 6
1752189441906 0.10222399999999965 7
1752189452138 0.11221899999999962 8
1752189462442 0.15464400000000111 9
1752189472550 0.19360599999999906 10
1752189482781 0.21980100000000036 11
1752189492873 0.22966200000000114 12
1752189503056 0.23366199999999893 13
1752189513145 0.2414839999999998 14
1752189523233 0.32691099999999906 15
1752189533407 0.3363650000000007 16
1752189543667 0.4468519999999998 17
1752189553869 0.4520949999999999 18
1752189563985 0.45941799999999944 19
1752189574113 0.481147 20
1752189584252 0.6693479999999994 21
1752189594367 0.7387119999999996 22
