1752189370744 0.0 0
1752189380888 0.024584999999998303 1
1752189391045 0.03238799999999742 2
1752189401291 0.04047599999999818 3
1752189411515 0.04512699999999725 4
1752189421615 0.08237099999999842 5
1752189431740 0.09031099999999981 6
1752189441906 0.10768199999999695 7
1752189452138 0.11632699999999829 8
1752189462442 0.18840599999999696 9
1752189472550 0.4166339999999984 10
1752189482781 0.4569960000000002 11
1752189492873 0.46188399999999774 12
1752189503056 0.4699770000000001 13
1752189513145 0.4789689999999993 14
1752189523233 0.5093969999999999 15
1752189533407 0.5211699999999979 16
1752189543667 0.5952339999999978 17
1752189553869 0.5978959999999987 18
1752189563985 0.6077149999999989 19
1752189574113 0.6292039999999979 20
1752189584252 0.6555479999999996 21
1752189594367 0.696438999999998 22
