1752189370744 25030.9 0
1752189380888 25336.0 1
1752189391045 25319.1 2
1752189401291 25292.7 3
1752189411515 25288.8 4
1752189421615 25307.9 5
1752189431740 25331.1 6
1752189441906 25313.1 7
1752189452138 25315.6 8
1752189462442 25468.1 9
1752189472550 25442.4 10
1752189482781 25411.9 11
1752189492873 25415.2 12
1752189503056 25365.9 13
1752189513145 25407.1 14
1752189523233 25411.5 15
1752189533407 25415.6 16
1752189543667 25464.0 17
1752189553869 25333.6 18
1752189563985 25332.8 19
1752189574113 25399.2 20
1752189584252 25475.7 21
1752189594367 25502.7 22
