1752509093943 0.0005771742852546245 0
1752509095908 0.0004136796080984444 1
1752509098122 0.000254907968894845 2
1752509100176 0.00020616229814895498 3
1752509102268 0.0008272836038911081 4
1752509105342 0.0013070484011717827 5
1752509107444 0.0008221134405076426 6
1752509109692 0.001078719840181156 7
1752509111687 0.00073615588803634 8
1752509113937 0.0029729977913627577 9
1752509116409 0.003525519269424799 10
1752509118657 0.005970453910016221 11
1752509120817 0.024668925620515376 12
1752509123486 0.029642310200497842 13
1752509126141 0.01812555942590245 14
1752509128468 0.02050762402264544 15
1752509130300 0.027027990708741657 16
1752509132208 0.02587582465667915 17
1752509134041 0.06171424276403716 18
1752509135854 0.026751234635254834 19
1752509137658 0.02695821278891484 20
1752509139507 0.009567076944724645 21
1752509141250 0.00261520623995895 22
1752509143119 0.0019609212377504816 23
1752509144848 0.0015570626236154268 24
1752509146732 0.0017109223456749638 25
1752509148458 0.0008385559435919294 26
1752509150234 0.0009168451650033765 27
1752509151919 0.0006450841752401249 28
1752509153560 0.0009007153031720222 29
1752509155270 0.0008732704416797811 30
1752509156951 0.0008411623624053756 31
1752509158741 0.0005789595837182996 32
1752509160451 0.0007963941675881347 33
1752509162121 0.0009648181686668074 34
1752509163883 0.0010594348653529815 35
1752509165834 0.0006866522561552903 36
1752509167552 0.0006435687646266216 37
1752509169382 0.0007394583366224169 38
1752509171074 0.0007705313942652995 39
1752509172716 0.0005392360943975021 40
1752509174701 0.0007384905196119923 41
1752509176564 0.0005229292525573275 42
1752509178372 0.0005805534929395474 43
1752509180053 0.0005331117200397861 44
1752509181806 0.00037987389911296027 45
1752509183359 0.0003316235078255705 46
1752509185052 0.0002222799898600661 47
1752509186670 0.00019316771707260082 48
1752509188288 0.00016885321553961958 49
1752509189955 0.00015204658970806133 50
1752509191679 0.0001946503154208802 51
1752509193632 0.000250952910400886 52
1752509195569 0.002079236674604111 53
1752509197871 0.03269856101800496 54
1752509199632 0.009398080462883781 55
