1750794142025 0.0 0
1750794152690 0.2142769999999814 1
1750794162823 0.5032909999999902 2
1750794172926 0.7061749999999734 3
1750794183111 0.7269420000000082 4
1750794193217 0.7590619999999717 5
1750794203323 0.7887399999999616 6
1750794213396 0.8012870000000021 7
1750794223472 0.8358240000000023 8
1750794233558 0.8921589999999924 9
1750794243651 1.093211999999994 10
1750794253748 1.3317309999999907 11
1750794263847 1.5812869999999748 12
1750794274730 1.7725529999999594 13
1750794284823 1.996616999999958 14
1750794294897 2.1830190000000016 15
1750794305165 2.383057000000008 16
1750794315398 2.6682429999999613 17
