1750794142025 0.0 0
1750794152690 0.03284600000000637 1
1750794162823 0.16404099999999744 2
1750794172926 0.27456500000002393 3
1750794183111 0.2921500000000208 4
1750794193217 0.3248389999999972 5
1750794203323 0.3441320000000019 6
1750794213396 0.35255700000001866 7
1750794223472 0.37195400000001655 8
1750794233558 0.43794100000002345 9
1750794243651 0.45665000000002465 10
1750794253748 0.5239520000000084 11
1750794263847 0.6265030000000138 12
1750794274730 0.6369329999999991 13
1750794284823 0.6650860000000023 14
1750794294897 0.6891500000000121 15
1750794305165 0.7073600000000226 16
1750794315398 0.7517229999999984 17
