1752345030215 0.0 0
1752345040326 12.7 1
1752345050392 43.4 2
1752345060529 44.7 3
1752345070619 43.0 4
1752345080718 42.5 5
1752345090800 43.4 6
1752345100914 41.2 7
1752345111052 43.2 8
1752345121198 42.0 9
1752345131290 42.4 10
1752345141382 43.1 11
1752345151511 43.8 12
1752345161621 42.1 13
1752345171710 43.5 14
1752345181782 41.8 15
1752345191896 42.2 16
1752345201994 44.3 17
1752345212147 42.2 18
1752345222300 47.6 19
1752345232394 42.3 20
1752345242512 25.5 21
1752345252644 38.5 22
1752345262804 42.1 23
1752345272888 45.1 24
1752345282959 42.1 25
1752345293109 42.6 26
1752345303257 44.4 27
1752345313344 41.7 28
1752345323418 41.3 29
1752345333510 42.7 30
1752345343591 45.7 31
1752345353671 42.2 32
1752345363771 41.6 33
1752345373860 44.1 34
1752345383991 41.8 35
1752345394120 46.2 36
1752345404227 52.9 37
1752345414308 47.9 38
1752345424433 44.5 39
1752345434531 42.0 40
1752345444845 42.6 41
