1752345030215 763962.6 0
1752345040326 763960.6 1
1752345050392 763960.6 2
1752345060529 763960.6 3
1752345070619 763960.6 4
1752345080718 763960.6 5
1752345090800 763960.6 6
1752345100914 763960.3 7
1752345111052 763963.7 8
1752345121198 763963.6 9
1752345131290 763963.5 10
1752345141382 763963.5 11
1752345151511 763963.5 12
1752345161621 763963.5 13
1752345171710 763963.8 14
1752345181782 763963.8 15
1752345191896 763963.8 16
1752345201994 763963.8 17
1752345212147 763963.8 18
1752345222300 763963.8 19
1752345232394 763963.8 20
1752345242512 763963.7 21
1752345252644 763963.8 22
1752345262804 763963.7 23
1752345272888 763963.5 24
1752345282959 763963.5 25
1752345293109 763963.6 26
1752345303257 763963.4 27
1752345313344 763963.6 28
1752345323418 763963.6 29
1752345333510 763963.7 30
1752345343591 763963.6 31
1752345353671 763963.6 32
1752345363771 763963.4 33
1752345373860 763963.5 34
1752345383991 763963.5 35
1752345394120 763963.5 36
1752345404227 763961.3 37
1752345414308 763959.1 38
1752345424433 763976.2 39
1752345434531 763976.0 40
1752345444845 763976.0 41
