1752345030215 259431.0 0
1752345040326 259433.0 1
1752345050392 259433.0 2
1752345060529 259433.0 3
1752345070619 259433.0 4
1752345080718 259433.0 5
1752345090800 259433.0 6
1752345100914 259433.4 7
1752345111052 259429.9 8
1752345121198 259430.0 9
1752345131290 259430.1 10
1752345141382 259430.1 11
1752345151511 259430.1 12
1752345161621 259430.1 13
1752345171710 259429.8 14
1752345181782 259429.8 15
1752345191896 259429.9 16
1752345201994 259429.9 17
1752345212147 259429.9 18
1752345222300 259429.9 19
1752345232394 259429.9 20
1752345242512 259429.9 21
1752345252644 259429.8 22
1752345262804 259429.9 23
1752345272888 259430.1 24
1752345282959 259430.1 25
1752345293109 259430.0 26
1752345303257 259430.2 27
1752345313344 259430.0 28
1752345323418 259430.0 29
1752345333510 259429.9 30
1752345343591 259430.0 31
1752345353671 259430.0 32
1752345363771 259430.2 33
1752345373860 259430.1 34
1752345383991 259430.1 35
1752345394120 259430.1 36
1752345404227 259432.3 37
1752345414308 259434.6 38
1752345424433 259417.4 39
1752345434531 259417.6 40
1752345444845 259417.6 41
