1752345030215 25.4 0
1752345040326 25.4 1
1752345050392 25.4 2
1752345060529 25.4 3
1752345070619 25.4 4
1752345080718 25.4 5
1752345090800 25.4 6
1752345100914 25.4 7
1752345111052 25.3 8
1752345121198 25.3 9
1752345131290 25.3 10
1752345141382 25.3 11
1752345151511 25.3 12
1752345161621 25.3 13
1752345171710 25.3 14
1752345181782 25.3 15
1752345191896 25.3 16
1752345201994 25.3 17
1752345212147 25.3 18
1752345222300 25.3 19
1752345232394 25.3 20
1752345242512 25.3 21
1752345252644 25.3 22
1752345262804 25.3 23
1752345272888 25.3 24
1752345282959 25.3 25
1752345293109 25.3 26
1752345303257 25.3 27
1752345313344 25.3 28
1752345323418 25.3 29
1752345333510 25.3 30
1752345343591 25.3 31
1752345353671 25.3 32
1752345363771 25.3 33
1752345373860 25.3 34
1752345383991 25.3 35
1752345394120 25.3 36
1752345404227 25.4 37
1752345414308 25.4 38
1752345424433 25.3 39
1752345434531 25.3 40
1752345444845 25.3 41
