1752345030215 0.0 0
1752345040326 0.058901999999996235 1
1752345050392 0.07852599999999654 2
1752345060529 0.09247899999999731 3
1752345070619 0.1017049999999955 4
1752345080718 0.10663499999999715 5
1752345090800 0.12854099999999846 6
1752345100914 0.14240199999999703 7
1752345111052 0.15712399999999604 8
1752345121198 0.1633810000000011 9
1752345131290 0.18952900000000028 10
1752345141382 0.19010099999999852 11
1752345151511 0.20398199999999633 12
1752345161621 0.20973599999999948 13
1752345171710 0.2158060000000006 14
1752345181782 0.2176860000000005 15
1752345191896 0.22502499999999515 16
1752345201994 0.23252699999999749 17
1752345212147 0.23283599999999893 18
1752345222300 0.299866999999999 19
1752345232394 0.3105419999999981 20
1752345242512 0.3124679999999955 21
1752345252644 0.3170739999999981 22
1752345262804 0.3174139999999994 23
1752345272888 0.33056799999999953 24
1752345282959 0.3371920000000017 25
1752345293109 0.3421599999999998 26
1752345303257 0.350131999999995 27
1752345313344 0.35700699999999586 28
1752345323418 0.35726199999999864 29
1752345333510 0.3665979999999962 30
1752345343591 0.3730909999999952 31
1752345353671 0.3746809999999954 32
1752345363771 0.37580799999999925 33
1752345373860 0.413616999999995 34
1752345383991 0.46679499999999763 35
1752345394120 0.5171289999999971 36
1752345404227 0.6822540000000004 37
1752345414308 1.0999119999999962 38
1752345424433 2.2457449999999994 39
1752345434531 2.2530569999999983 40
1752345444845 2.2984340000000003 41
