1752345030215 0.0 0
1752345040326 0.036949000000007004 1
1752345050392 0.051230000000003884 2
1752345060529 0.06220500000000584 3
1752345070619 0.07082499999999925 4
1752345080718 0.07769000000000403 5
1752345090800 0.08368699999999762 6
1752345100914 0.0961329999999947 7
1752345111052 0.11274099999999976 8
1752345121198 0.12498100000000534 9
1752345131290 0.21634600000000148 10
1752345141382 0.21818700000000035 11
1752345151511 0.23455400000000282 12
1752345161621 0.24223100000000386 13
1752345171710 0.25427299999999775 14
1752345181782 0.25533300000000736 15
1752345191896 0.2622470000000021 16
1752345201994 0.27110700000000065 17
1752345212147 0.27177299999999605 18
1752345222300 0.3185940000000045 19
1752345232394 0.3401450000000068 20
1752345242512 0.3435479999999984 21
1752345252644 0.3494929999999954 22
1752345262804 0.3506530000000083 23
1752345272888 0.3591200000000043 24
1752345282959 0.3663880000000006 25
1752345293109 0.3684130000000039 26
1752345303257 0.3707739999999973 27
1752345313344 0.3785799999999995 28
1752345323418 0.37919100000000583 29
1752345333510 0.38432900000000814 30
1752345343591 0.3910769999999957 31
1752345353671 0.399833000000001 32
1752345363771 0.40364100000000747 33
1752345373860 0.417468999999997 34
1752345383991 0.42322099999999807 35
1752345394120 0.4686049999999966 36
1752345404227 0.6481030000000061 37
1752345414308 0.8103200000000044 38
1752345424433 0.988695000000007 39
1752345434531 1.0628630000000072 40
1752345444845 1.1287420000000026 41
