1752345030215 13877.2 0
1752345040326 14514.6 1
1752345050392 14511.7 2
1752345060529 14549.3 3
1752345070619 14588.5 4
1752345080718 14527.4 5
1752345090800 14830.0 6
1752345100914 14815.8 7
1752345111052 14535.8 8
1752345121198 14414.4 9
1752345131290 14666.5 10
1752345141382 14546.2 11
1752345151511 14401.9 12
1752345161621 14792.1 13
1752345171710 14545.4 14
1752345181782 14420.8 15
1752345191896 14306.2 16
1752345201994 14538.9 17
1752345212147 14401.8 18
1752345222300 14615.8 19
1752345232394 14408.8 20
1752345242512 14332.9 21
1752345252644 14673.8 22
1752345262804 14553.3 23
1752345272888 14714.4 24
1752345282959 14632.5 25
1752345293109 14699.2 26
1752345303257 14585.6 27
1752345313344 14460.6 28
1752345323418 14854.6 29
1752345333510 14542.0 30
1752345343591 14616.7 31
1752345353671 14495.0 32
1752345363771 14253.3 33
1752345373860 14577.7 34
1752345383991 14490.8 35
1752345394120 14670.3 36
1752345404227 15464.4 37
1752345414308 14627.8 38
1752345424433 14725.6 39
1752345434531 14563.8 40
1752345444845 14450.1 41
