1752345030215 40.8 0
1752345040326 42.7 1
1752345050392 42.6 2
1752345060529 42.8 3
1752345070619 42.9 4
1752345080718 42.7 5
1752345090800 43.6 6
1752345100914 43.5 7
1752345111052 42.7 8
1752345121198 42.4 9
1752345131290 43.1 10
1752345141382 42.7 11
1752345151511 42.3 12
1752345161621 43.5 13
1752345171710 42.7 14
1752345181782 42.4 15
1752345191896 42.0 16
1752345201994 42.7 17
1752345212147 42.3 18
1752345222300 43.0 19
1752345232394 42.3 20
1752345242512 42.1 21
1752345252644 43.1 22
1752345262804 42.8 23
1752345272888 43.2 24
1752345282959 43.0 25
1752345293109 43.2 26
1752345303257 42.9 27
1752345313344 42.5 28
1752345323418 43.7 29
1752345333510 42.7 30
1752345343591 43.0 31
1752345353671 42.6 32
1752345363771 41.9 33
1752345373860 42.8 34
1752345383991 42.6 35
1752345394120 43.1 36
1752345404227 45.4 37
1752345414308 43.0 38
1752345424433 43.3 39
1752345434531 42.8 40
1752345444845 42.5 41
