1752363907527 0.0 0
1752363917625 13.8 1
1752363927746 43.7 2
1752363937931 44.5 3
1752363948045 46.8 4
1752363958184 42.9 5
1752363968328 44.4 6
1752363978469 41.8 7
1752363988594 44.4 8
1752363998687 42.9 9
1752364008855 44.2 10
1752364018959 43.6 11
1752364029064 42.5 12
1752364039205 42.8 13
1752364049340 45.1 14
1752364059436 48.9 15
1752364069590 42.9 16
1752364079762 44.7 17
1752364089836 43.2 18
1752364099974 43.4 19
1752364110072 43.2 20
1752364120166 26.7 21
1752364130301 40.7 22
1752364140453 44.2 23
1752364150549 42.5 24
1752364160612 43.3 25
1752364170740 42.9 26
1752364180845 43.5 27
1752364190988 42.9 28
1752364201090 43.4 29
1752364211175 42.7 30
1752364221267 43.2 31
1752364231401 44.3 32
1752364241495 47.1 33
1752364251593 44.1 34
1752364261670 44.2 35
1752364271750 42.9 36
1752364281894 41.5 37
1752364292017 44.1 38
1752364302140 42.4 39
1752364312220 45.1 40
1752364322303 42.7 41
1752364332393 22.1 42
1752364342465 43.3 43
1752364352558 44.7 44
1752364362687 42.9 45
1752364372809 44.3 46
1752364382908 43.8 47
1752364393054 43.4 48
1752364403205 44.1 49
1752364413281 42.1 50
1752364423365 33.7 51
1752364433524 32.3 52
1752364443737 43.9 53
1752364453840 42.5 54
1752364463921 43.7 55
1752364473996 44.1 56
1752364484088 42.5 57
1752364494170 28.0 58
1752364504267 35.8 59
1752364514398 43.9 60
1752364524466 43.1 61
1752364534568 44.9 62
1752364544663 46.7 63
1752364554744 43.4 64
1752364564884 44.0 65
1752364575031 25.9 66
1752364585332 39.1 67
1752364595486 43.8 68
1752364605593 42.9 69
1752364615782 49.2 70
1752364625873 44.4 71
1752364635951 42.2 72
1752364646089 43.0 73
1752364656247 45.3 74
1752364666345 43.9 75
1752364676442 42.3 76
1752364686530 42.5 77
1752364696701 41.8 78
1752364706805 43.6 79
1752364716904 43.5 80
1752364727017 43.1 81
1752364737098 43.0 82
1752364747249 44.2 83
1752364757359 43.9 84
1752364767589 42.5 85
1752364777684 39.4 86
1752364787842 25.2 87
1752364797947 45.8 88
1752364808033 44.8 89
1752364818169 42.0 90
1752364828276 43.1 91
1752364838376 43.0 92
1752364848470 42.2 93
1752364858634 43.9 94
1752364868730 41.5 95
1752364878911 45.1 96
1752364889061 43.8 97
1752364899210 44.3 98
1752364909325 42.6 99
1752364919441 42.7 100
1752364929567 43.5 101
1752364939650 42.3 102
1752364949803 43.2 103
1752364959965 43.8 104
1752364970060 44.1 105
1752364980143 43.5 106
1752364990218 27.8 107
1752365000309 41.3 108
1752365010380 43.5 109
1752365020520 42.6 110
1752365030656 44.2 111
1752365040751 43.1 112
1752365050865 43.0 113
1752365061033 44.2 114
1752365071162 43.0 115
1752365081263 43.0 116
1752365091385 43.9 117
1752365101500 42.9 118
1752365111593 43.5 119
1752365121724 43.6 120
1752365131872 42.5 121
1752365141947 46.5 122
1752365152095 21.0 123
1752365162210 43.4 124
1752365172454 46.8 125
1752365182545 43.9 126
1752365192680 43.9 127
1752365202805 42.3 128
1752365212892 43.6 129
1752365223262 43.3 130
