1752363907527 25.4 0
1752363917625 25.4 1
1752363927746 25.4 2
1752363937931 25.4 3
1752363948045 25.4 4
1752363958184 25.4 5
1752363968328 25.4 6
1752363978469 25.4 7
1752363988594 25.4 8
1752363998687 25.4 9
1752364008855 25.4 10
1752364018959 25.4 11
1752364029064 25.4 12
1752364039205 25.4 13
1752364049340 25.4 14
1752364059436 25.4 15
1752364069590 25.4 16
1752364079762 25.4 17
1752364089836 25.4 18
1752364099974 25.4 19
1752364110072 25.4 20
1752364120166 25.4 21
1752364130301 25.4 22
1752364140453 25.4 23
1752364150549 25.4 24
1752364160612 25.4 25
1752364170740 25.4 26
1752364180845 25.4 27
1752364190988 25.4 28
1752364201090 25.4 29
1752364211175 25.4 30
1752364221267 25.4 31
1752364231401 25.4 32
1752364241495 25.4 33
1752364251593 25.4 34
1752364261670 25.4 35
1752364271750 25.4 36
1752364281894 25.4 37
1752364292017 25.4 38
1752364302140 25.4 39
1752364312220 25.4 40
1752364322303 25.4 41
1752364332393 25.4 42
1752364342465 25.4 43
1752364352558 25.4 44
1752364362687 25.4 45
1752364372809 25.4 46
1752364382908 25.4 47
1752364393054 25.4 48
1752364403205 25.4 49
1752364413281 25.4 50
1752364423365 25.4 51
1752364433524 25.4 52
1752364443737 25.4 53
1752364453840 25.4 54
1752364463921 25.4 55
1752364473996 25.4 56
1752364484088 25.4 57
1752364494170 25.4 58
1752364504267 25.4 59
1752364514398 25.4 60
1752364524466 25.4 61
1752364534568 25.4 62
1752364544663 25.4 63
1752364554744 25.4 64
1752364564884 25.4 65
1752364575031 25.4 66
1752364585332 25.4 67
1752364595486 25.4 68
1752364605593 25.4 69
1752364615782 25.4 70
1752364625873 25.4 71
1752364635951 25.4 72
1752364646089 25.4 73
1752364656247 25.4 74
1752364666345 25.4 75
1752364676442 25.4 76
1752364686530 25.4 77
1752364696701 25.4 78
1752364706805 25.4 79
1752364716904 25.4 80
1752364727017 25.4 81
1752364737098 25.4 82
1752364747249 25.4 83
1752364757359 25.4 84
1752364767589 25.4 85
1752364777684 25.4 86
1752364787842 25.4 87
1752364797947 25.4 88
1752364808033 25.4 89
1752364818169 25.4 90
1752364828276 25.4 91
1752364838376 25.4 92
1752364848470 25.4 93
1752364858634 25.4 94
1752364868730 25.4 95
1752364878911 25.4 96
1752364889061 25.4 97
1752364899210 25.4 98
1752364909325 25.4 99
1752364919441 25.4 100
1752364929567 25.4 101
1752364939650 25.4 102
1752364949803 25.4 103
1752364959965 25.4 104
1752364970060 25.4 105
1752364980143 25.4 106
1752364990218 25.4 107
1752365000309 25.4 108
1752365010380 25.4 109
1752365020520 25.4 110
1752365030656 25.4 111
1752365040751 25.4 112
1752365050865 25.4 113
1752365061033 25.4 114
1752365071162 25.4 115
1752365081263 25.4 116
1752365091385 25.4 117
1752365101500 25.4 118
1752365111593 25.4 119
1752365121724 25.4 120
1752365131872 25.4 121
1752365141947 25.4 122
1752365152095 25.4 123
1752365162210 25.4 124
1752365172454 25.4 125
1752365182545 25.4 126
1752365192680 25.4 127
1752365202805 25.4 128
1752365212892 25.4 129
1752365223262 25.4 130
