1752363907527 259625.3 0
1752363917625 259626.3 1
1752363927746 259626.4 2
1752363937931 259626.6 3
1752363948045 259626.7 4
1752363958184 259626.9 5
1752363968328 259627.0 6
1752363978469 259627.3 7
1752363988594 259627.4 8
1752363998687 259627.5 9
1752364008855 259627.7 10
1752364018959 259627.8 11
1752364029064 259628.0 12
1752364039205 259628.4 13
1752364049340 259628.6 14
1752364059436 259629.5 15
1752364069590 259629.6 16
1752364079762 259629.7 17
1752364089836 259629.9 18
1752364099974 259630.1 19
1752364110072 259630.2 20
1752364120166 259630.3 21
1752364130301 259630.5 22
1752364140453 259630.6 23
1752364150549 259631.3 24
1752364160612 259631.5 25
1752364170740 259631.6 26
1752364180845 259631.8 27
1752364190988 259631.9 28
1752364201090 259632.1 29
1752364211175 259632.2 30
1752364221267 259632.3 31
1752364231401 259632.5 32
1752364241495 259633.0 33
1752364251593 259633.1 34
1752364261670 259633.3 35
1752364271750 259633.4 36
1752364281894 259633.5 37
1752364292017 259633.6 38
1752364302140 259633.8 39
1752364312220 259634.1 40
1752364322303 259634.5 41
1752364332393 259634.7 42
1752364342465 259634.8 43
1752364352558 259635.1 44
1752364362687 259635.1 45
1752364372809 259635.3 46
1752364382908 259635.4 47
1752364393054 259635.5 48
1752364403205 259635.6 49
1752364413281 259635.8 50
1752364423365 259635.9 51
1752364433524 259637.2 52
1752364443737 259637.3 53
1752364453840 259637.4 54
1752364463921 259637.6 55
1752364473996 259637.7 56
1752364484088 259637.8 57
1752364494170 259638.0 58
1752364504267 259638.1 59
1752364514398 259638.2 60
1752364524466 259638.4 61
1752364534568 259638.5 62
1752364544663 259638.7 63
1752364554744 259638.7 64
1752364564884 259638.9 65
1752364575031 259639.1 66
1752364585332 259639.2 67
1752364595486 259639.3 68
1752364605593 259639.5 69
1752364615782 259639.6 70
1752364625873 259639.7 71
1752364635951 259639.8 72
1752364646089 259639.9 73
1752364656247 259640.1 74
1752364666345 259640.4 75
1752364676442 259640.4 76
1752364686530 259640.6 77
1752364696701 259640.8 78
1752364706805 259641.0 79
1752364716904 259641.1 80
1752364727017 259641.2 81
1752364737098 259641.5 82
1752364747249 259641.6 83
1752364757359 259641.7 84
1752364767589 259641.8 85
1752364777684 259642.0 86
1752364787842 259642.1 87
1752364797947 259643.2 88
1752364808033 259643.3 89
1752364818169 259643.4 90
1752364828276 259643.6 91
1752364838376 259643.7 92
1752364848470 259643.8 93
1752364858634 259644.0 94
1752364868730 259644.1 95
1752364878911 259644.0 96
1752364889061 259644.2 97
1752364899210 259644.3 98
1752364909325 259644.5 99
1752364919441 259644.6 100
1752364929567 259644.9 101
1752364939650 259645.0 102
1752364949803 259645.2 103
1752364959965 259645.3 104
1752364970060 259645.4 105
1752364980143 259645.5 106
1752364990218 259646.1 107
1752365000309 259646.2 108
1752365010380 259646.3 109
1752365020520 259646.5 110
1752365030656 259646.7 111
1752365040751 259646.8 112
1752365050865 259646.9 113
1752365061033 259647.1 114
1752365071162 259647.3 115
1752365081263 259647.4 116
1752365091385 259647.7 117
1752365101500 259648.4 118
1752365111593 259648.6 119
1752365121724 259648.7 120
1752365131872 259648.8 121
1752365141947 259649.1 122
1752365152095 259649.3 123
1752365162210 259649.4 124
1752365172454 259650.6 125
1752365182545 259650.8 126
1752365192680 259651.0 127
1752365202805 259651.1 128
1752365212892 259650.9 129
1752365223262 259651.2 130
