1752363907527 763768.3 0
1752363917625 763767.4 1
1752363927746 763767.2 2
1752363937931 763767.0 3
1752363948045 763766.9 4
1752363958184 763766.8 5
1752363968328 763766.6 6
1752363978469 763766.4 7
1752363988594 763766.2 8
1752363998687 763766.1 9
1752364008855 763766.0 10
1752364018959 763765.9 11
1752364029064 763765.6 12
1752364039205 763765.2 13
1752364049340 763765.0 14
1752364059436 763764.1 15
1752364069590 763764.0 16
1752364079762 763763.9 17
1752364089836 763763.7 18
1752364099974 763763.6 19
1752364110072 763763.4 20
1752364120166 763763.3 21
1752364130301 763763.1 22
1752364140453 763763.0 23
1752364150549 763762.3 24
1752364160612 763762.1 25
1752364170740 763762.0 26
1752364180845 763761.8 27
1752364190988 763761.7 28
1752364201090 763761.6 29
1752364211175 763761.4 30
1752364221267 763761.3 31
1752364231401 763761.1 32
1752364241495 763760.6 33
1752364251593 763760.5 34
1752364261670 763760.3 35
1752364271750 763760.2 36
1752364281894 763760.2 37
1752364292017 763760.0 38
1752364302140 763759.8 39
1752364312220 763759.5 40
1752364322303 763759.1 41
1752364332393 763759.0 42
1752364342465 763758.8 43
1752364352558 763758.6 44
1752364362687 763758.5 45
1752364372809 763758.4 46
1752364382908 763758.2 47
1752364393054 763758.1 48
1752364403205 763758.0 49
1752364413281 763757.8 50
1752364423365 763757.7 51
1752364433524 763756.4 52
1752364443737 763756.4 53
1752364453840 763756.2 54
1752364463921 763756.0 55
1752364473996 763755.9 56
1752364484088 763755.8 57
1752364494170 763755.6 58
1752364504267 763755.5 59
1752364514398 763755.4 60
1752364524466 763755.2 61
1752364534568 763755.1 62
1752364544663 763755.0 63
1752364554744 763754.9 64
1752364564884 763754.8 65
1752364575031 763754.6 66
1752364585332 763754.4 67
1752364595486 763754.3 68
1752364605593 763754.2 69
1752364615782 763754.0 70
1752364625873 763753.9 71
1752364635951 763753.8 72
1752364646089 763753.7 73
1752364656247 763753.5 74
1752364666345 763753.3 75
1752364676442 763753.2 76
1752364686530 763753.0 77
1752364696701 763752.8 78
1752364706805 763752.6 79
1752364716904 763752.5 80
1752364727017 763752.4 81
1752364737098 763752.1 82
1752364747249 763752.1 83
1752364757359 763751.9 84
1752364767589 763751.8 85
1752364777684 763751.6 86
1752364787842 763751.5 87
1752364797947 763750.4 88
1752364808033 763750.3 89
1752364818169 763750.3 90
1752364828276 763750.0 91
1752364838376 763749.9 92
1752364848470 763749.8 93
1752364858634 763749.6 94
1752364868730 763749.5 95
1752364878911 763749.6 96
1752364889061 763749.5 97
1752364899210 763749.3 98
1752364909325 763749.2 99
1752364919441 763749.0 100
1752364929567 763748.8 101
1752364939650 763748.6 102
1752364949803 763748.4 103
1752364959965 763748.4 104
1752364970060 763748.2 105
1752364980143 763748.1 106
1752364990218 763747.5 107
1752365000309 763747.5 108
1752365010380 763747.3 109
1752365020520 763747.1 110
1752365030656 763746.9 111
1752365040751 763746.8 112
1752365050865 763746.8 113
1752365061033 763746.5 114
1752365071162 763746.4 115
1752365081263 763746.2 116
1752365091385 763745.9 117
1752365101500 763745.2 118
1752365111593 763745.1 119
1752365121724 763744.9 120
1752365131872 763744.8 121
1752365141947 763744.5 122
1752365152095 763744.4 123
1752365162210 763744.2 124
1752365172454 763743.0 125
1752365182545 763742.8 126
1752365192680 763742.6 127
1752365202805 763742.5 128
1752365212892 763742.7 129
1752365223262 763742.5 130
