1752363907527 0.00025300000000072487 0
1752363917625 0.08950300000000766 1
1752363927746 0.09325600000001089 2
1752363937931 0.10025200000001178 3
1752363948045 0.1383350000000121 4
1752363958184 0.1443050000000028 5
1752363968328 0.15892100000000653 6
1752363978469 0.16803900000000738 7
1752363988594 0.17078300000000013 8
1752363998687 0.1750550000000004 9
1752364008855 0.20946200000000204 10
1752364018959 0.2281510000000111 11
1752364029064 0.2531320000000079 12
1752364039205 0.2998810000000134 13
1752364049340 0.3088240000000013 14
1752364059436 0.35388500000000533 15
1752364069590 0.3668180000000092 16
1752364079762 0.3689240000000069 17
1752364089836 0.37708400000001063 18
1752364099974 0.3857770000000045 19
1752364110072 0.39237500000000125 20
1752364120166 0.4113100000000003 21
1752364130301 0.42751100000000974 22
1752364140453 0.44266200000001277 23
1752364150549 0.45212500000000944 24
1752364160612 0.4603260000000091 25
1752364170740 0.4632140000000078 26
1752364180845 0.46690300000000207 27
1752364190988 0.4801740000000052 28
1752364201090 0.4911560000000037 29
1752364211175 0.5133420000000086 30
1752364221267 0.5161550000000119 31
1752364231401 0.5320030000000031 32
1752364241495 0.5685320000000047 33
1752364251593 0.6109800000000121 34
1752364261670 0.6237100000000027 35
1752364271750 0.6380250000000132 36
1752364281894 0.6403960000000097 37
1752364292017 0.6510250000000042 38
1752364302140 0.6612380000000115 39
1752364312220 0.6784200000000027 40
1752364322303 0.6978620000000006 41
1752364332393 0.7169140000000027 42
1752364342465 0.7256960000000134 43
1752364352558 0.7367580000000089 44
1752364362687 0.740113000000008 45
1752364372809 0.750780000000006 46
1752364382908 0.7796360000000107 47
1752364393054 0.7951560000000057 48
1752364403205 0.7977540000000118 49
1752364413281 0.8086490000000026 50
1752364423365 0.8264320000000112 51
1752364433524 0.8653850000000034 52
1752364443737 0.8838570000000061 53
1752364453840 0.8941440000000114 54
1752364463921 0.8972940000000023 55
1752364473996 0.9041350000000108 56
1752364484088 0.9082520000000045 57
1752364494170 0.9142450000000082 58
1752364504267 0.9333500000000043 59
1752364514398 0.9504780000000039 60
1752364524466 0.95342500000001 61
1752364534568 0.9727740000000011 62
1752364544663 0.9770480000000106 63
1752364554744 0.9814870000000013 64
1752364564884 0.9912230000000051 65
1752364575031 0.9952930000000038 66
1752364585332 1.007630000000006 67
1752364595486 1.014232000000007 68
1752364605593 1.0469310000000007 69
1752364615782 1.1056390000000107 70
1752364625873 1.1487060000000042 71
1752364635951 1.1642420000000016 72
1752364646089 1.1814470000000057 73
1752364656247 1.1882260000000002 74
1752364666345 1.2005270000000081 75
1752364676442 1.2113250000000022 76
1752364686530 1.2236570000000029 77
1752364696701 1.2349730000000108 78
1752364706805 1.2399000000000058 79
1752364716904 1.2755920000000032 80
1752364727017 1.2921360000000135 81
1752364737098 1.3073130000000077 82
1752364747249 1.3149650000000008 83
1752364757359 1.3403400000000119 84
1752364767589 1.3417710000000085 85
1752364777684 1.3447670000000045 86
1752364787842 1.3626290000000125 87
1752364797947 1.4021180000000015 88
1752364808033 1.411395000000013 89
1752364818169 1.4240160000000088 90
1752364828276 1.4260270000000048 91
1752364838376 1.43454100000001 92
1752364848470 1.442477000000011 93
1752364858634 1.4471419999999995 94
1752364868730 1.4513600000000082 95
1752364878911 1.4677190000000024 96
1752364889061 1.4758180000000038 97
1752364899210 1.4881590000000102 98
1752364909325 1.5016270000000134 99
1752364919441 1.503768000000008 100
1752364929567 1.5086390000000023 101
1752364939650 1.5201140000000066 102
1752364949803 1.5220580000000012 103
1752364959965 1.5240360000000095 104
1752364970060 1.5576830000000115 105
1752364980143 1.5655650000000065 106
1752364990218 1.624040000000008 107
1752365000309 1.6400250000000085 108
1752365010380 1.645115000000004 109
1752365020520 1.6476380000000006 110
1752365030656 1.6743620000000021 111
1752365040751 1.681350000000009 112
1752365050865 1.6838010000000025 113
1752365061033 1.6915460000000024 114
1752365071162 1.6929370000000006 115
1752365081263 1.700287000000003 116
1752365091385 1.7183100000000024 117
1752365101500 1.7224900000000076 118
1752365111593 1.732516000000004 119
1752365121724 1.738512 120
1752365131872 1.7468570000000057 121
1752365141947 1.7585870000000057 122
1752365152095 1.7660570000000035 123
1752365162210 1.7679370000000034 124
1752365172454 1.8037419999999997 125
1752365182545 1.8140380000000107 126
1752365192680 1.8224330000000037 127
1752365202805 1.855308000000008 128
1752365212892 1.8727910000000065 129
1752365223262 1.8973240000000118 130
