1752363907527 0.00683099999999115 0
1752363917625 0.05287799999999265 1
1752363927746 0.05681599999999776 2
1752363937931 0.064384000000004 3
1752363948045 0.09693299999999283 4
1752363958184 0.1009859999999918 5
1752363968328 0.11811699999999803 6
1752363978469 0.1288499999999999 7
1752363988594 0.13120800000000088 8
1752363998687 0.13584000000000174 9
1752364008855 0.1635789999999986 10
1752364018959 0.19691899999999407 11
1752364029064 0.22690000000000055 12
1752364039205 0.3543420000000026 13
1752364049340 0.3644609999999915 14
1752364059436 0.38719799999999793 15
1752364069590 0.4025699999999972 16
1752364079762 0.40524399999999616 17
1752364089836 0.4183089999999936 18
1752364099974 0.4270959999999917 19
1752364110072 0.43922299999999836 20
1752364120166 0.45059499999999275 21
1752364130301 0.4684699999999964 22
1752364140453 0.47734699999999464 23
1752364150549 0.48679099999999664 24
1752364160612 0.496578999999997 25
1752364170740 0.49911199999999667 26
1752364180845 0.5023850000000039 27
1752364190988 0.5179919999999925 28
1752364201090 0.5274569999999983 29
1752364211175 0.5444659999999999 30
1752364221267 0.5466100000000012 31
1752364231401 0.5677199999999942 32
1752364241495 0.5883620000000036 33
1752364251593 0.623660000000001 34
1752364261670 0.6326329999999984 35
1752364271750 0.6460189999999955 36
1752364281894 0.6480449999999962 37
1752364292017 0.6599449999999933 38
1752364302140 0.669273000000004 39
1752364312220 0.6846889999999917 40
1752364322303 0.7059720000000027 41
1752364332393 0.7658519999999953 42
1752364342465 0.8305869999999942 43
1752364352558 0.8461829999999964 44
1752364362687 0.8488919999999922 45
1752364372809 0.8609249999999946 46
1752364382908 0.8979029999999995 47
1752364393054 0.9153299999999973 48
1752364403205 0.9174199999999928 49
1752364413281 0.9357969999999938 50
1752364423365 0.9583849999999927 51
1752364433524 0.9875710000000026 52
1752364443737 1.0022510000000011 53
1752364453840 1.0140459999999933 54
1752364463921 1.016682000000003 55
1752364473996 1.024162000000004 56
1752364484088 1.0278259999999904 57
1752364494170 1.0329309999999907 58
1752364504267 1.0563049999999947 59
1752364514398 1.082131000000004 60
1752364524466 1.0846760000000017 61
1752364534568 1.1049599999999913 62
1752364544663 1.109138999999999 63
1752364554744 1.1152249999999952 64
1752364564884 1.1243259999999964 65
1752364575031 1.1286599999999964 66
1752364585332 1.142161999999999 67
1752364595486 1.1495469999999983 68
1752364605593 1.1713740000000001 69
1752364615782 1.2383549999999985 70
1752364625873 1.3160840000000036 71
1752364635951 1.3389409999999913 72
1752364646089 1.4200349999999986 73
1752364656247 1.427183999999997 74
1752364666345 1.4363560000000035 75
1752364676442 1.441113999999999 76
1752364686530 1.4586919999999992 77
1752364696701 1.472933999999995 78
1752364706805 1.4835159999999945 79
1752364716904 1.5314230000000038 80
1752364727017 1.5567109999999929 81
1752364737098 1.5659649999999914 82
1752364747249 1.5744100000000003 83
1752364757359 1.607399000000001 84
1752364767589 1.6085369999999983 85
1752364777684 1.6105799999999988 86
1752364787842 1.6289589999999947 87
1752364797947 1.6475909999999914 88
1752364808033 1.6591980000000035 89
1752364818169 1.673998999999995 90
1752364828276 1.6783789999999925 91
1752364838376 1.6871029999999934 92
1752364848470 1.696050999999997 93
1752364858634 1.6995319999999907 94
1752364868730 1.7019250000000028 95
1752364878911 1.7261489999999924 96
1752364889061 1.734653999999992 97
1752364899210 1.7461139999999915 98
1752364909325 1.759260999999995 99
1752364919441 1.760877999999991 100
1752364929567 1.7713099999999997 101
1752364939650 1.839927000000003 102
1752364949803 1.8415959999999956 103
1752364959965 1.8432880000000011 104
1752364970060 1.8812759999999997 105
1752364980143 1.885119000000003 106
1752364990218 1.927824000000001 107
1752365000309 1.9485269999999986 108
1752365010380 1.9592430000000007 109
1752365020520 1.9623589999999922 110
1752365030656 1.9908630000000045 111
1752365040751 1.993664999999993 112
1752365050865 1.9957289999999972 113
1752365061033 2.004991000000004 114
1752365071162 2.006063999999995 115
1752365081263 2.0137009999999975 116
1752365091385 2.039279999999991 117
1752365101500 2.042377000000002 118
1752365111593 2.0500159999999994 119
1752365121724 2.056585999999996 120
1752365131872 2.0651929999999936 121
1752365141947 2.1090760000000017 122
1752365152095 2.1173139999999933 123
1752365162210 2.1187129999999996 124
1752365172454 2.1405280000000033 125
1752365182545 2.1535319999999984 126
1752365192680 2.166302999999999 127
1752365202805 2.2028569999999945 128
1752365212892 2.219335000000001 129
1752365223262 2.272064999999998 130
