1752363907527 44.9 0
1752363917625 46.6 1
1752363927746 46.6 2
1752363937931 46.5 3
1752363948045 46.8 4
1752363958184 46.3 5
1752363968328 46.1 6
1752363978469 45.8 7
1752363988594 47.0 8
1752363998687 45.8 9
1752364008855 46.2 10
1752364018959 45.9 11
1752364029064 47.0 12
1752364039205 47.2 13
1752364049340 46.2 14
1752364059436 47.6 15
1752364069590 46.2 16
1752364079762 46.5 17
1752364089836 46.2 18
1752364099974 47.2 19
1752364110072 46.1 20
1752364120166 45.9 21
1752364130301 45.0 22
1752364140453 45.7 23
1752364150549 45.2 24
1752364160612 45.7 25
1752364170740 46.1 26
1752364180845 45.3 27
1752364190988 45.0 28
1752364201090 45.5 29
1752364211175 45.0 30
1752364221267 46.1 31
1752364231401 45.1 32
1752364241495 45.7 33
1752364251593 45.8 34
1752364261670 46.5 35
1752364271750 45.5 36
1752364281894 44.7 37
1752364292017 45.7 38
1752364302140 45.0 39
1752364312220 45.8 40
1752364322303 46.5 41
1752364332393 46.0 42
1752364342465 46.8 43
1752364352558 46.0 44
1752364362687 45.4 45
1752364372809 46.1 46
1752364382908 45.7 47
1752364393054 46.8 48
1752364403205 46.0 49
1752364413281 45.6 50
1752364423365 45.4 51
1752364433524 47.4 52
1752364443737 46.6 53
1752364453840 46.2 54
1752364463921 47.4 55
1752364473996 46.3 56
1752364484088 45.6 57
1752364494170 45.9 58
1752364504267 46.5 59
1752364514398 47.0 60
1752364524466 46.6 61
1752364534568 47.8 62
1752364544663 46.2 63
1752364554744 47.0 64
1752364564884 46.5 65
1752364575031 46.2 66
1752364585332 47.2 67
1752364595486 46.9 68
1752364605593 48.1 69
1752364615782 47.3 70
1752364625873 47.7 71
1752364635951 47.1 72
1752364646089 47.1 73
1752364656247 47.4 74
1752364666345 47.0 75
1752364676442 48.0 76
1752364686530 47.1 77
1752364696701 46.5 78
1752364706805 47.3 79
1752364716904 46.7 80
1752364727017 47.4 81
1752364737098 47.1 82
1752364747249 46.6 83
1752364757359 47.3 84
1752364767589 46.9 85
1752364777684 46.3 86
1752364787842 47.7 87
1752364797947 48.0 88
1752364808033 47.9 89
1752364818169 47.3 90
1752364828276 48.5 91
1752364838376 47.3 92
1752364848470 48.4 93
1752364858634 47.6 94
1752364868730 47.0 95
1752364878911 47.6 96
1752364889061 47.2 97
1752364899210 48.5 98
1752364909325 47.6 99
1752364919441 47.3 100
1752364929567 48.4 101
1752364939650 47.4 102
1752364949803 48.4 103
1752364959965 47.6 104
1752364970060 47.4 105
1752364980143 48.4 106
1752364990218 47.2 107
1752365000309 48.7 108
1752365010380 47.7 109
1752365020520 48.8 110
1752365030656 48.0 111
1752365040751 47.7 112
1752365050865 48.8 113
1752365061033 47.9 114
1752365071162 47.6 115
1752365081263 48.8 116
1752365091385 48.0 117
1752365101500 47.7 118
1752365111593 48.3 119
1752365121724 48.0 120
1752365131872 48.8 121
1752365141947 47.7 122
1752365152095 48.4 123
1752365162210 48.2 124
1752365172454 48.9 125
1752365182545 48.4 126
1752365192680 48.0 127
1752365202805 49.2 128
1752365212892 48.4 129
1752365223262 49.2 130
