1752363907527 15284.0 0
1752363917625 15863.0 1
1752363927746 15849.1 2
1752363937931 15839.3 3
1752363948045 15933.7 4
1752363958184 15747.6 5
1752363968328 15701.1 6
1752363978469 15591.6 7
1752363988594 15982.9 8
1752363998687 15570.9 9
1752364008855 15721.0 10
1752364018959 15603.1 11
1752364029064 15995.0 12
1752364039205 16054.1 13
1752364049340 15736.5 14
1752364059436 16205.4 15
1752364069590 15711.5 16
1752364079762 15836.2 17
1752364089836 15706.4 18
1752364099974 16077.5 19
1752364110072 15689.9 20
1752364120166 15626.1 21
1752364130301 15316.0 22
1752364140453 15535.6 23
1752364150549 15394.6 24
1752364160612 15563.8 25
1752364170740 15702.4 26
1752364180845 15430.2 27
1752364190988 15316.5 28
1752364201090 15483.9 29
1752364211175 15323.4 30
1752364221267 15695.5 31
1752364231401 15360.3 32
1752364241495 15541.8 33
1752364251593 15585.8 34
1752364261670 15823.5 35
1752364271750 15470.0 36
1752364281894 15208.1 37
1752364292017 15544.1 38
1752364302140 15327.0 39
1752364312220 15572.7 40
1752364322303 15812.2 41
1752364332393 15640.2 42
1752364342465 15937.3 43
1752364352558 15637.1 44
1752364362687 15458.5 45
1752364372809 15689.7 46
1752364382908 15540.6 47
1752364393054 15924.4 48
1752364403205 15652.6 49
1752364413281 15502.5 50
1752364423365 15451.8 51
1752364433524 16115.8 52
1752364443737 15849.2 53
1752364453840 15725.6 54
1752364463921 16118.9 55
1752364473996 15766.8 56
1752364484088 15510.8 57
1752364494170 15621.5 58
1752364504267 15831.8 59
1752364514398 16000.7 60
1752364524466 15853.0 61
1752364534568 16250.6 62
1752364544663 15733.4 63
1752364554744 16002.9 64
1752364564884 15840.2 65
1752364575031 15711.6 66
1752364585332 16063.2 67
1752364595486 15946.6 68
1752364605593 16356.1 69
1752364615782 16106.5 70
1752364625873 16219.3 71
1752364635951 16036.0 72
1752364646089 16013.0 73
1752364656247 16113.6 74
1752364666345 15995.6 75
1752364676442 16331.5 76
1752364686530 16020.1 77
1752364696701 15836.6 78
1752364706805 16110.1 79
1752364716904 15892.3 80
1752364727017 16144.9 81
1752364737098 16041.6 82
1752364747249 15853.0 83
1752364757359 16081.5 84
1752364767589 15962.2 85
1752364777684 15743.8 86
1752364787842 16214.9 87
1752364797947 16338.3 88
1752364808033 16300.8 89
1752364818169 16096.5 90
1752364828276 16493.7 91
1752364838376 16100.4 92
1752364848470 16478.2 93
1752364858634 16205.4 94
1752364868730 16008.6 95
1752364878911 16201.1 96
1752364889061 16058.9 97
1752364899210 16495.2 98
1752364909325 16207.8 99
1752364919441 16086.4 100
1752364929567 16484.4 101
1752364939650 16118.8 102
1752364949803 16474.2 103
1752364959965 16201.7 104
1752364970060 16113.3 105
1752364980143 16484.9 106
1752364990218 16050.7 107
1752365000309 16577.0 108
1752365010380 16238.1 109
1752365020520 16597.4 110
1752365030656 16333.9 111
1752365040751 16234.8 112
1752365050865 16599.7 113
1752365061033 16316.3 114
1752365071162 16206.3 115
1752365081263 16590.5 116
1752365091385 16333.8 117
1752365101500 16220.7 118
1752365111593 16446.2 119
1752365121724 16341.2 120
1752365131872 16605.5 121
1752365141947 16216.3 122
1752365152095 16453.1 123
1752365162210 16411.7 124
1752365172454 16657.3 125
1752365182545 16464.1 126
1752365192680 16331.1 127
1752365202805 16736.1 128
1752365212892 16467.0 129
1752365223262 16743.8 130
