1752005822902 0.014829918907018558 0
1752005829884 0.014114545729808954 1
1752005840878 0.028572529766702937 2
1752005846487 0.02824398113614668 3
1752005852149 0.020411428183798312 4
1752005857665 0.0221343327883367 5
1752005862515 0.022222922609889756 6
1752005867434 0.02475228240573112 7
1752005871998 0.01655631588943402 8
1752005876506 0.018150158818150748 9
1752005881483 0.020599961497549734 10
1752005889039 0.02481337637606485 11
1752005895657 0.024985437293852816 12
1752005904052 0.022859026088389908 13
1752005909904 0.022293059451665112 14
1752005917444 0.01605453723656044 15
1752005925506 0.0193769140967478 16
1752005931541 0.02534646966705012 17
1752005938088 0.0236855918381168 18
1752005944690 0.024054338066226408 19
1752005950201 0.02125884273826521 20
1752005956097 0.018081891595513388 21
1752005962586 0.02233785062863663 22
1752005968921 0.016271632917541832 23
1752005979608 0.016346384871878984 24
1752005990719 0.02099613828296577 25
1752006001901 0.017411026567390825 26
1752006011243 0.01885357935606526 27
1752006020151 0.018431819538846102 28
1752006031234 0.017501296574143965 29
1752006043976 0.02140288527881898 30
1752006053490 0.019333126431192615 31
1752006061164 0.023768581451088063 32
1752006068821 0.019992536327982407 33
1752006078122 0.01866311312641533 34
1752006084512 0.02194030877962761 35
1752006093666 0.021532629202181863 36
1752006103451 0.020068662179829822 37
1752006112023 0.017128302732671977 38
1752006121564 0.017789816793230846 39
1752006131812 0.0196967563173325 40
1752006140961 0.015464579424051137 41
1752006153413 0.022878961484700828 42
1752006162242 0.021600302453862217 43
1752006170571 0.0158578282249226 44
1752006180368 0.020104218985631077 45
1752006189004 0.020740148905340452 46
1752006197902 0.022080485992947554 47
1752006205665 0.02220905456752777 48
1752006214202 0.014196684053395433 49
1752006222561 0.02194374855108879 50
1752006233619 0.020719622156975495 51
1752006246477 0.009968807462745317 52
