1750684507629 0.0013489867814595962 0
1750684517372 0.0003989992048281458 1
1750684527296 0.001086436082460205 2
1750684535136 0.0004925942392544243 3
1750684544280 0.00020283873158681898 4
1750684552160 0.0010492049023872652 5
1750684563984 0.0029028637190479305 6
1750684573808 0.0028889274652837867 7
1750684583490 0.003828161350382201 8
1750684606266 0.0064960357589879955 9
1750684614825 0.0029001099163442393 10
1750684630677 0.00417704198808022 11
1750684646804 0.006748675252069444 12
1750684652861 0.007988409090828888 13
1750684659510 0.013063653755409608 14
1750684672186 0.018981484042223235 15
1750684681718 0.025506171819965662 16
1750684692771 0.025223878169340158 17
1750684703377 0.017765613815153018 18
1750684719790 0.009540494855625649 19
1750684738096 0.009306668354280222 20
1750684751227 0.03709327296854979 21
1750684764255 0.012975564775424362 22
1750684778466 0.04889382841011706 23
1750684788940 0.02277210149224703 24
1750684800893 0.025437476199190883 25
1750684810597 0.012318508767010464 26
1750684818098 0.007049725276695928 27
1750684824093 0.002121556902893952 28
1750684829825 0.001446428803927034 29
1750684835228 0.0010374955616355387 30
1750684842408 0.001274555208178548 31
1750684849914 0.0009375318856332438 32
1750684855936 0.0009494549352075192 33
1750684862802 0.0008361111281078704 34
1750684868676 0.0005673700128610635 35
1750684878890 0.0005546290293505291 36
1750684884460 0.0007004510102498727 37
1750684889535 0.0008195841781926785 38
1750684895386 0.0008176849499359073 39
1750684902021 0.0007218691970673107 40
1750684906506 0.0007941896851667293 41
1750684913774 0.000644568363511354 42
1750684918669 0.001004797059576003 43
1750684925317 0.0009454021029796098 44
1750684929954 0.0008336719503551711 45
1750684935433 0.000916619618562558 46
1750684942522 0.0008337190774700205 47
1750684948726 0.0006572072396839906 48
1750684955378 0.0008154458966262425 49
1750684962080 0.0005971001303971465 50
1750688598169 0.0003298552755548557 51
