1752611765867 0.0 0
1752611775982 0.009632000000010521 1
1752611786098 0.05760000000009313 2
1752611796255 0.20615300000008574 3
1752611806383 0.5780960000000732 4
1752611816502 0.6131260000000793 5
1752611826642 0.6175390000000789 6
1752611836768 0.9987900000000991 7
1752611846936 1.1032120000000987 8
1752611857034 1.2757390000000441 9
1752611867135 1.4888740000000098 10
1752611877257 1.7254580000000033 11
1752611887438 2.041741000000002 12
1752611897605 2.2180309999999963 13
1752611907724 2.31245100000001 14
1752611918089 2.4589339999999993 15
