1752611765867 0.0 0
1752611775982 0.01884300000000394 1
1752611786098 0.07070099999998547 2
1752611796255 0.26791900000000624 3
1752611806383 0.4893329999999878 4
1752611816502 0.5265830000000165 5
1752611826642 0.5307559999999967 6
1752611836768 0.7519369999999981 7
1752611846936 0.7839740000000006 8
1752611857034 0.9011429999999905 9
1752611867135 1.0064590000000067 10
1752611877257 1.1146280000000388 11
1752611887438 1.3840380000000323 12
1752611897605 1.4809490000000096 13
1752611907724 1.5708359999999857 14
1752611918089 1.643226000000027 15
