1752589194777 0.0 0
1752589205374 0.051533000000002716 1
1752589215551 0.11647100000000066 2
1752589225787 0.21173900000000145 3
1752589235999 0.2411519999999996 4
1752589246158 0.2471589999999999 5
1752589256332 0.3385549999999995 6
1752589266592 0.3621970000000019 7
1752589276816 0.3756760000000021 8
1752589286945 0.40934700000000035 9
1752589297132 0.41214800000000196 10
1752589307330 0.4134480000000025 11
1752589317477 0.5096319999999999 12
1752589328026 0.5133420000000015 13
1752589338136 0.5235300000000009 14
1752589348278 0.5348059999999997 15
1752589358377 0.5983599999999996 16
1752589368828 0.6037309999999998 17
