1752589194777 0.0 0
1752589205374 0.05023100000000014 1
1752589215551 0.1324260000000006 2
1752589225787 0.23782500000000084 3
1752589235999 0.2581749999999996 4
1752589246158 0.259309 5
1752589256332 0.7108640000000008 6
1752589266592 1.4323490000000003 7
1752589276816 1.4544730000000001 8
1752589286945 1.4899199999999997 9
1752589297132 1.4979209999999998 10
1752589307330 1.4985800000000005 11
1752589317477 1.7859569999999998 12
1752589328026 1.7874820000000007 13
1752589338136 1.7943499999999997 14
1752589348278 1.8017959999999995 15
1752589358377 1.8372220000000006 16
1752589368828 1.8393499999999996 17
