1750452709338 0.0 0
1750452719504 0.014276999999999873 1
1750452729603 0.047874999999999446 2
1750452739747 0.11625899999999945 3
1750452749861 0.1471669999999996 4
1750452759952 0.17229099999999953 5
1750452770042 0.17786999999999864 6
1750452780267 0.18502799999999908 7
1750452790483 0.2027329999999985 8
1750452800633 0.2433179999999986 9
1750452810732 0.2669549999999994 10
1750452820885 0.2937839999999987 11
1750452830998 0.3285709999999984 12
1750452841138 0.33779199999999854 13
1750452851280 0.34774700000000003 14
1750452861513 0.3759049999999995 15
