1750452709338 6.700000000137152e-05 0
1750452719504 0.01150400000000218 1
1750452729603 0.033237999999997214 2
1750452739747 0.0625569999999982 3
1750452749861 0.08548400000000811 4
1750452759952 0.11273800000000733 5
1750452770042 0.1195250000000101 6
1750452780267 0.12406200000000922 7
1750452790483 0.13700599999999952 8
1750452800633 0.17079499999999825 9
1750452810732 0.2041070000000076 10
1750452820885 0.22154700000000105 11
1750452830998 0.2524570000000068 12
1750452841138 0.2596360000000004 13
1750452851280 0.2687839999999966 14
1750452861513 0.29893700000000933 15
